0.000000000000000000e+00
1.049259356565194996e-08
2.098518713130389992e-08
3.147778069695584988e-08
4.197037426260779985e-08
5.246296782825974981e-08
6.295556139391169977e-08
7.344815495956364311e-08
8.394074852521559969e-08
9.443334209086755627e-08
1.049259356565194996e-07
1.154185292221714430e-07
1.259111227878233995e-07
1.364037163534753561e-07
1.468963099191272862e-07
1.573889034847792428e-07
1.678814970504311994e-07
1.783740906160831560e-07
1.888666841817351125e-07
1.993592777473870427e-07
2.098518713130389992e-07
2.203444648786909558e-07
2.308370584443428859e-07
2.413296520099948425e-07
2.518222455756467991e-07
2.623148391412987557e-07
2.728074327069507122e-07
2.833000262726026688e-07
2.937926198382545725e-07
3.042852134039065290e-07
3.147778069695584856e-07
3.252704005352104422e-07
3.357629941008623988e-07
3.462555876665143553e-07
3.567481812321663119e-07
3.672407747978182685e-07
3.777333683634702251e-07
3.882259619291221287e-07
3.987185554947740853e-07
4.092111490604260419e-07
4.197037426260779985e-07
4.301963361917299550e-07
4.406889297573819116e-07
4.511815233230338682e-07
4.616741168886857718e-07
4.721667104543377284e-07
4.826593040199896850e-07
4.931518975856416416e-07
5.036444911512935982e-07
5.141370847169455547e-07
5.246296782825975113e-07
5.351222718482494679e-07
5.456148654139014245e-07
5.561074589795533810e-07
5.666000525452053376e-07
5.770926461108572942e-07
5.875852396765091449e-07
5.980778332421611015e-07
6.085704268078130581e-07
6.190630203734650146e-07
6.295556139391169712e-07
6.400482075047689278e-07
6.505408010704208844e-07
6.610333946360728410e-07
6.715259882017247975e-07
6.820185817673767541e-07
6.925111753330287107e-07
7.030037688986806673e-07
7.134963624643326239e-07
7.239889560299845804e-07
7.344815495956365370e-07
7.449741431612884936e-07
7.554667367269404502e-07
7.659593302925923009e-07
7.764519238582442575e-07
7.869445174238962140e-07
7.974371109895481706e-07
8.079297045552001272e-07
8.184222981208520838e-07
8.289148916865040403e-07
8.394074852521559969e-07
8.499000788178079535e-07
8.603926723834599101e-07
8.708852659491118667e-07
8.813778595147638232e-07
8.918704530804157798e-07
9.023630466460677364e-07
9.128556402117196930e-07
9.233482337773715437e-07
9.338408273430235003e-07
9.443334209086754568e-07
9.548260144743275193e-07
9.653186080399793700e-07
9.758112016056314325e-07
9.863037951712832832e-07
9.967963887369353456e-07
1.007288982302587196e-06
1.017781575868239047e-06
1.028274169433891109e-06
1.038766762999542960e-06
1.049259356565195023e-06
1.059751950130846873e-06
1.070244543696498936e-06
1.080737137262150786e-06
1.091229730827802849e-06
1.101722324393454700e-06
1.112214917959106762e-06
1.122707511524758613e-06
1.133200105090410675e-06
1.143692698656062526e-06
1.154185292221714588e-06
1.164677885787366439e-06
1.175170479353018290e-06
1.185663072918670352e-06
1.196155666484322203e-06
1.206648260049974265e-06
1.217140853615626116e-06
1.227633447181278179e-06
1.238126040746930029e-06
1.248618634312582092e-06
1.259111227878233942e-06
1.269603821443886005e-06
1.280096415009537856e-06
1.290589008575189918e-06
1.301081602140841769e-06
1.311574195706493831e-06
1.322066789272145682e-06
1.332559382837797744e-06
1.343051976403449595e-06
1.353544569969101446e-06
1.364037163534753508e-06
1.374529757100405359e-06
1.385022350666057421e-06
1.395514944231709272e-06
1.406007537797361335e-06
1.416500131363013185e-06
1.426992724928665248e-06
1.437485318494317098e-06
1.447977912059969161e-06
1.458470505625621012e-06
1.468963099191273074e-06
1.479455692756924925e-06
1.489948286322576987e-06
1.500440879888228838e-06
1.510933473453880900e-06
1.521426067019532751e-06
1.531918660585184602e-06
1.542411254150836664e-06
1.552903847716488515e-06
1.563396441282140577e-06
1.573889034847792428e-06
1.584381628413444491e-06
1.594874221979096341e-06
1.605366815544748404e-06
1.615859409110400254e-06
1.626352002676052317e-06
1.636844596241704168e-06
1.647337189807356230e-06
1.657829783373008081e-06
1.668322376938660143e-06
1.678814970504311994e-06
1.689307564069963845e-06
1.699800157635615907e-06
1.710292751201267758e-06
1.720785344766919820e-06
1.731277938332571671e-06
1.741770531898223733e-06
1.752263125463875584e-06
1.762755719029527646e-06
1.773248312595179497e-06
1.783740906160831560e-06
1.794233499726483410e-06
1.804726093292135473e-06
1.815218686857787323e-06
1.825711280423439386e-06
1.836203873989091237e-06
1.846696467554743087e-06
1.857189061120395150e-06
1.867681654686047001e-06
1.878174248251699063e-06
1.888666841817350914e-06
1.899159435383002976e-06
1.909652028948655039e-06
1.920144622514306889e-06
1.930637216079958740e-06
1.941129809645610591e-06
1.951622403211262865e-06
1.962114996776914716e-06
1.972607590342566566e-06
1.983100183908218417e-06
1.993592777473870691e-06
2.004085371039522542e-06
2.014577964605174393e-06
2.025070558170826243e-06
2.035563151736478094e-06
2.046055745302130368e-06
2.056548338867782219e-06
2.067040932433434070e-06
2.077533525999085920e-06
2.088026119564738195e-06
2.098518713130390045e-06
2.109011306696041896e-06
2.119503900261693747e-06
2.129996493827346021e-06
2.140489087392997872e-06
2.150981680958649722e-06
2.161474274524301573e-06
2.171966868089953847e-06
2.182459461655605698e-06
2.192952055221257549e-06
2.203444648786909399e-06
2.213937242352561250e-06
2.224429835918213524e-06
2.234922429483865375e-06
2.245415023049517226e-06
2.255907616615169076e-06
2.266400210180821351e-06
2.276892803746473201e-06
2.287385397312125052e-06
2.297877990877776903e-06
2.308370584443429177e-06
2.318863178009081028e-06
2.329355771574732878e-06
2.339848365140384729e-06
2.350340958706036580e-06
2.360833552271688854e-06
2.371326145837340705e-06
2.381818739402992555e-06
2.392311332968644406e-06
2.402803926534296680e-06
2.413296520099948531e-06
2.423789113665600382e-06
2.434281707231252232e-06
2.444774300796904506e-06
2.455266894362556357e-06
2.465759487928208208e-06
2.476252081493860059e-06
2.486744675059512333e-06
2.497237268625164183e-06
2.507729862190816034e-06
2.518222455756467885e-06
2.528715049322119736e-06
2.539207642887772010e-06
2.549700236453423861e-06
2.560192830019075711e-06
2.570685423584727562e-06
2.581178017150379836e-06
2.591670610716031687e-06
2.602163204281683538e-06
2.612655797847335388e-06
2.623148391412987662e-06
2.633640984978639513e-06
2.644133578544291364e-06
2.654626172109943215e-06
2.665118765675595489e-06
2.675611359241247339e-06
2.686103952806899190e-06
2.696596546372551041e-06
2.707089139938202892e-06
2.717581733503855166e-06
2.728074327069507016e-06
2.738566920635158867e-06
2.749059514200810718e-06
2.759552107766462992e-06
2.770044701332114843e-06
2.780537294897766693e-06
2.791029888463418544e-06
2.801522482029070818e-06
2.812015075594722669e-06
2.822507669160374520e-06
2.833000262726026371e-06
2.843492856291678645e-06
2.853985449857330495e-06
2.864478043422982346e-06
2.874970636988634197e-06
2.885463230554286048e-06
2.895955824119938322e-06
2.906448417685590172e-06
2.916941011251242023e-06
2.927433604816893874e-06
2.937926198382546148e-06
2.948418791948197999e-06
2.958911385513849849e-06
2.969403979079501700e-06
2.979896572645153974e-06
2.990389166210805825e-06
3.000881759776457676e-06
3.011374353342109526e-06
3.021866946907761801e-06
3.032359540473413651e-06
3.042852134039065502e-06
3.053344727604717353e-06
3.063837321170369203e-06
3.074329914736021478e-06
3.084822508301673328e-06
3.095315101867325179e-06
3.105807695432977030e-06
3.116300288998629304e-06
3.126792882564281155e-06
3.137285476129933005e-06
3.147778069695584856e-06
3.158270663261237130e-06
3.168763256826888981e-06
3.179255850392540832e-06
3.189748443958192682e-06
3.200241037523844533e-06
3.210733631089496807e-06
3.221226224655148658e-06
3.231718818220800509e-06
3.242211411786452359e-06
3.252704005352104634e-06
3.263196598917756484e-06
3.273689192483408335e-06
3.284181786049060186e-06
3.294674379614712460e-06
3.305166973180364311e-06
3.315659566746016161e-06
3.326152160311668012e-06
3.336644753877320286e-06
3.347137347442972137e-06
3.357629941008623988e-06
3.368122534574275838e-06
3.378615128139927689e-06
3.389107721705579963e-06
3.399600315271231814e-06
3.410092908836883665e-06
3.420585502402535515e-06
3.431078095968187790e-06
3.441570689533839640e-06
3.452063283099491491e-06
3.462555876665143342e-06
3.473048470230795616e-06
3.483541063796447467e-06
3.494033657362099317e-06
3.504526250927751168e-06
3.515018844493403442e-06
3.525511438059055293e-06
3.536004031624707144e-06
3.546496625190358994e-06
3.556989218756010845e-06
3.567481812321663119e-06
3.577974405887314970e-06
3.588466999452966821e-06
3.598959593018618671e-06
3.609452186584270946e-06
3.619944780149922796e-06
3.630437373715574647e-06
3.640929967281226498e-06
3.651422560846878772e-06
3.661915154412530623e-06
3.672407747978182473e-06
3.682900341543834324e-06
3.693392935109486175e-06
3.703885528675138449e-06
3.714378122240790300e-06
3.724870715806442150e-06
3.735363309372094001e-06
3.745855902937746275e-06
3.756348496503398126e-06
3.766841090069049977e-06
3.777333683634701827e-06
3.787826277200354102e-06
3.798318870766005952e-06
3.808811464331657803e-06
3.819304057897310077e-06
3.829796651462961928e-06
3.840289245028613779e-06
3.850781838594265629e-06
3.861274432159917480e-06
3.871767025725569331e-06
3.882259619291221181e-06
3.892752212856873032e-06
3.903244806422525730e-06
3.913737399988177581e-06
3.924229993553829431e-06
3.934722587119481282e-06
3.945215180685133133e-06
3.955707774250784983e-06
3.966200367816436834e-06
3.976692961382088685e-06
3.987185554947741382e-06
3.997678148513393233e-06
