4.545841647284068472e+02
1.607016493914011619e+02
5.794207684344248577e+01
4.722443201241135569e+01
3.711085903918960582e+01
3.341419985122379188e+01
2.865119388128601585e+01
2.699671845560130024e+01
2.558981562868966719e+01
2.436270827599775401e+01
2.302233876192870810e+01
2.224417474083724855e+01
2.197284385916648120e+01
2.156889644503709036e+01
2.116607715362608744e+01
2.095434148348593695e+01
2.129705853189161857e+01
2.133349153172167689e+01
2.146133900691177487e+01
2.139402790580622593e+01
2.165190902524894767e+01
2.172777001600155700e+01
2.192944444870794740e+01
2.214256913833396467e+01
2.235609831066649988e+01
2.267318997607384290e+01
2.310502327729039962e+01
2.336656844135785605e+01
2.355510491909985760e+01
2.382907697576050055e+01
2.419827137756584179e+01
2.449315131257321099e+01
2.485206536954573764e+01
2.511670136629268413e+01
