1.438861194059873924e+03 6.702745374330153538e+01 5.716246780497400550e+02 -3.436218794100140599e+02
1.465964732234109988e+03 1.309777963301685304e+02 3.592336309110041839e+02 -1.464139904645327306e+02
1.465831839942708257e+03 1.564993515533494417e+02 1.811125037891482350e+02 1.117956029850941135e+01
1.465453774832381214e+03 1.508785673546626924e+02 3.389721473161109344e+01 1.344031306504623444e+02
1.465102238427679367e+03 1.232825556782828187e+02 -8.526317902364179702e+01 2.270341478480094395e+02
1.465463963139389762e+03 8.469847767403331318e+01 -1.788543687228822421e+02 2.920285721901429952e+02
1.465972026247015947e+03 4.686344095475266158e+01 -2.490904687338793337e+02 3.318252152185351065e+02
1.467154684759600059e+03 2.033309903644999039e+01 -2.978334991611008036e+02 3.481206712569222645e+02
1.467976580983503254e+03 1.420875618125538331e+01 -3.268917673042602701e+02 3.414402864075649973e+02
1.467575884106591730e+03 3.678128003820594927e+01 -3.381037321903450561e+02 3.099043802028704135e+02
1.468409127087151774e+03 9.736962705076138036e+01 -3.335270873780258398e+02 2.483864362000190056e+02
1.463965413695208781e+03 2.091688631198020971e+02 -3.155807803482398981e+02 1.465639587988052881e+02
6.832081720566889089e+02 3.933053862539217107e+02 -2.871171772381840697e+02 -1.404671706229673234e+01
3.467375752569595875e+02 6.852817746181581242e+02 -2.513792439094842166e+02 -2.651023101254999119e+02
1.907670180143767311e+02 1.144437035564333883e+03 -2.117773566631729807e+02 -6.557239017400235070e+02
1.086140350119650577e+02 1.846091441886600251e+03 -1.717221855586616641e+02 -1.222752190103201201e+03
6.399356636281603983e+01 2.388132265587110396e+03 -1.339867479522840767e+02 -1.763810873444935623e+03
1.468008130038218269e+03 1.223676638500285065e+02 -2.989311959230453226e+02 2.119684617953053589e+02
1.462288816053302753e+03 7.316760561186562484e+01 -3.342150863353382420e+02 2.332069522181040213e+02
4.200391546314319839e+02 3.789894486511420979e+01 -3.365695072439212936e+02 2.328204994594445338e+02
1.557755232204053470e+02 1.689374622660020364e+01 -3.117562014071997396e+02 2.153497295669627647e+02
6.129807819968050353e+01 6.316112910286751259e+00 -2.672254263410322324e+02 1.855619309172189730e+02
2.753816526465579528e+01 1.304801774969339911e+00 -2.119271229631409597e+02 1.487370222765920857e+02
1.610938975929920502e+01 -3.791213401678610317e+00 -1.552548160439147296e+02 1.117180132732594871e+02
1.061161510210857628e+01 -1.642003628745865740e+01 -1.048304361458624498e+02 8.449049804459306756e+01
5.292827046313195893e+00 -4.460412548489583173e+01 -6.517184664280071615e+01 7.903108027054273066e+01
-9.386217988436748594e-02 -9.025407858387201543e+01 -3.733084370686079723e+01 1.002970498430154720e+02
-3.954425476904338321e+00 -1.423445912443752661e+02 -1.983835545360915731e+01 1.365250088801056449e+02
-5.138139455810390110e+00 -1.811204695404449296e+02 -1.006145734920068335e+01 1.655829507537892766e+02
-3.747724323934797486e+00 -1.878827633932885703e+02 -5.280322989405302536e+00 1.684822178081489312e+02
-9.196668698560354072e-01 -1.480382651625441213e+02 -3.274392159574601724e+00 1.314497861189740036e+02
1.844183747164661380e+00 -4.498284453725670318e+01 -2.513798120056201846e+00 3.800062230725892931e+01
3.353040852407012107e+00 1.509138832478826657e+02 -2.118739243777580050e+00 -1.423949982983814095e+02
3.140542125451672995e+00 4.990120299921417200e+02 -1.710806821386935628e+00 -4.695191949759245631e+02
1.509134942172384974e+00 1.116261836741104389e+03 -1.232085405511804455e+00 -1.038496655373318390e+03
-7.337143356327469057e-01 2.135362302485613327e+03 -7.768470096301373085e-01 -1.796911702524742168e+03
-2.674889667164359164e+00 1.109726006677533860e+03 -4.628274920678323023e-01 -1.442380777359014928e+03
9.280627493732222177e+00 1.912767700890178446e+00 -2.260291311797698484e+02 1.569579199853183127e+02
2.950217712436205009e+00 1.574955076751435756e+00 -1.543457666543100117e+02 1.063030959870710177e+02
-2.241486343198229481e+00 5.905922910580350127e-01 -9.269833910898640283e+01 6.351512198808929099e+01
-2.535771584764916042e+00 -2.313918445914422140e-01 -4.897274897972392438e+01 3.394230905432871737e+01
1.515697986380041051e+00 -1.190341801859561705e-01 -2.293109803675821823e+01 1.626985506857807806e+01
5.511793371152649890e+00 8.058532398804765240e-01 -9.925793703892589193e+00 6.860394511973900045e+00
5.456815059917579980e+00 1.379711059611498092e+00 -4.570889951324379474e+00 2.654179993580469521e+00
9.152731904587191325e-01 6.013386946150518497e-01 -2.694937947352823659e+00 1.573653540442677246e+00
-5.157076005766484172e+00 -1.073505821376065983e+00 -1.851768312458525356e+00 1.787625743321332283e+00
-8.972542777748833132e+00 -2.561038050998897031e+00 -1.066036607697659289e+00 2.111654006015315943e+00
-8.410933946546187201e+00 -5.844759559991275388e+00 -2.828091389959284108e-01 4.628632383029843922e+00
-3.962625616410592411e+00 -2.074170419222829764e+01 2.056505158231196062e-01 1.808983649666491189e+01
1.899907197332014297e+00 -6.128949224480961533e+01 1.841011019831705620e-01 5.568906550711130166e+01
6.247267382715403272e+00 -1.250012946783894847e+02 -2.981892943215034841e-01 1.147273059188395621e+02
7.243039079282731940e+00 -1.792711803308648655e+02 -9.621944479505251113e-01 1.617843439383325972e+02
4.896151342068575829e+00 -1.821333110852120853e+02 -1.458860655537084217e+00 1.613796904472149834e+02
7.032404000266840871e-01 -1.005701483324353092e+02 -1.536758779873792502e+00 8.766852302796864649e+01
-3.386604731091328091e+00 1.090910719530841817e+02 -1.138005761307768537e+00 -1.024445869960289741e+02
-5.936768060068746244e+00 5.478947170550098917e+02 -3.986460692588215116e-01 -5.120350655438379590e+02
-6.456420220445433067e+00 1.455268744515022263e+03 4.265634569843532731e-01 -1.319928150209986370e+03
-5.293251407927455965e+00 2.115612025553488365e+03 1.072186924013474929e+00 -1.770513612242657246e+03
7.695855611037700328e+00 1.633385974463062551e+00 -3.545757082558539963e+01 2.380939621819024410e+01
2.892467221752970552e+00 9.942135432030013709e-01 -1.311927549671602300e+01 8.337831308043240242e+00
-5.353088816132687278e+00 -7.759512337412532990e-01 -4.741283322073909900e+00 3.340957330994051233e+00
-8.628092704392260615e+00 -1.704659765314942677e+00 -2.373516870495873121e+00 2.183139505291657123e+00
-4.374427632969739577e+00 -6.043276230085724565e-01 -1.537547082652992003e+00 1.168501840832837591e+00
2.657135557086860000e+00 1.167594744409656382e+00 -7.488505812682203500e-01 -1.549250977656206341e-01
5.825029409062750574e+00 1.471564320588440111e+00 -1.221030382660161506e-01 -5.109253553789275815e-01
3.046379267223324749e+00 9.042420557453109686e-02 -7.036617434831655971e-02 3.818323319754450273e-01
-2.018143043529918579e+00 -1.083801402062998687e+00 -5.913252401296734684e-01 1.173951949047144394e+00
-4.487065968534805549e+00 -8.448904705786337566e-01 -1.227747394140095150e+00 1.117135636021800327e+00
-2.757331699404366621e+00 -4.229852655704967601e-01 -1.433411766377485241e+00 1.090091425538527670e+00
9.576787701645739226e-01 -7.469872917969054837e-01 -9.573614165969054346e-01 1.516773505631543006e+00
3.205749040545032624e+00 -1.480814074029198846e+00 1.102747158550178991e-02 1.850472986390412800e+00
2.214241534027651337e+00 -8.885722642933538751e+00 9.809839024283991682e-01 7.778230165012415931e+00
-1.079978652100647363e+00 -4.354020717295308174e+01 1.463414383453297996e+00 3.828420058223002798e+01
-4.228595377307873271e+00 -1.172417890048485418e+02 1.247264755706459782e+00 1.051978542621283594e+02
-5.238765166926721228e+00 -1.837292332911222843e+02 4.956338452030363273e-01 1.629181505248391773e+02
-3.728475948593486411e+00 -1.664669492202114327e+02 -3.711995630657453082e-01 1.454530620882576102e+02
-8.042499875926840680e-01 -7.393370976860605737e+00 -9.139986202820535865e-01 2.019635048332535820e+00
1.871578748484282739e+00 4.046390228911097893e+02 -8.931592783576679517e-01 -3.813116375426436093e+02
3.079181222115887184e+00 1.397299909374932213e+03 -3.638262524158655808e-01 -1.275046126693745009e+03
8.509906614744301434e-01 4.727838335220060917e-01 -3.095007628210280970e+00 1.847841801699288355e+00
5.712832702548316099e+00 8.791939685370558921e-01 -1.754090135115885740e+00 1.223783962758374422e+00
1.437450562057553727e+00 -1.726115147096389246e-01 -7.342177030717879083e-01 8.909478073916018426e-01
-4.386293947236874047e+00 -7.648730161420356222e-01 9.866874478119307124e-02 7.798474821996644046e-02
-3.669865036886020615e+00 -1.113579453700526550e-01 9.761356521060712832e-02 -4.503060021565851168e-01
1.398387527934884522e+00 3.855996608668728065e-01 -6.612370947781071040e-01 3.036358343546849969e-01
3.592115999417458738e+00 4.047303533119336189e-02 -1.363406742167508234e+00 1.417463073298779630e+00
6.524211074851183900e-01 1.150039746472572176e-03 -1.269231157298533530e+00 1.022053802471135642e+00
-3.165531838850455859e+00 4.745598484238526260e-01 -3.444085418498725737e-01 -5.415515568754214470e-01
-3.513158951642599614e+00 1.464296701973580028e-01 7.811384899339678389e-01 -1.124712035344137773e+00
-8.196600628855910120e-01 -6.591245294120530174e-01 1.359691804840144069e+00 -4.806176558010122890e-01
1.233027818448716006e+00 -2.387469835506814408e-01 1.085199849840116304e+00 -3.857391252094157230e-01
4.423655074680250543e-01 2.653414055420861839e-01 2.559199938210285352e-01 -3.022888642663995595e-01
-1.797547189091698305e+00 -8.799824042151629389e-01 -5.103127319609537249e-01 1.048669361736297878e+00
-2.733241687995380698e+00 -2.423210115515066487e+00 -7.311629853656665956e-01 2.591204288347283669e+00
-1.340418422387690933e+00 -1.492041470410829618e+01 -3.510056758402359534e-01 1.428703154176564105e+01
1.036983116349360134e+00 -7.320868655257065427e+01 2.899724725793910163e-01 6.668908376884564859e+01
2.348764962094665343e+00 -1.658585506852672609e+02 7.362550546020607545e-01 1.470187822444522112e+02
1.710837934918721936e+00 -1.781850274064150597e+02 7.284576078406805877e-01 1.567582379585543322e+02
-1.435612226391592416e-01 -1.388643488192945696e+01 3.373382231946412402e-01 4.807860944200096576e+00
-1.793117564461477853e+00 5.008082506272619980e+02 -1.385106427533604745e-01 -4.835768075103849242e+02
-3.941646294051245558e+00 -2.906424686118062595e-01 -7.329295042766906798e-01 3.378096404270054531e-01
2.196720278704373364e+00 2.394082582044720076e-01 8.136300063887974554e-02 1.760528900716671827e-02
2.153771123957195055e+00 2.106817499948482053e-01 -1.249174585800151144e-01 2.120866338144684615e-01
-2.649799016447349498e+00 -3.214170908368751967e-02 -9.779373358718704834e-01 4.567216130057543677e-01
-3.176835727035922652e+00 -2.353698014348953871e-01 -1.350752142535284861e+00 8.207782268175356499e-01
5.407804179950738144e-01 -2.127954164212035315e-01 -6.529800223636986756e-01 7.088495474061475843e-01
1.491572960246515978e+00 3.299620540551001513e-01 5.964869642788408477e-01 -5.834403463359896236e-01
-1.411971247539242302e+00 5.060253466649367038e-01 1.341140489551245762e+00 -1.590922555002609151e+00
-2.858959048348493681e+00 -3.651108999786855658e-01 1.012379997347402139e+00 -7.326268700024317626e-01
-8.732014861239145720e-01 -3.990069518047628105e-01 9.991618719689980208e-03 2.992086279096441981e-01
1.134840576843548110e+00 8.899032033703659916e-01 -7.420467411064498586e-01 -7.779183797870610484e-02
5.198733572979212791e-01 5.724603510988158783e-01 -6.446489773341355090e-01 3.441380245622769479e-02
-1.099031274197631136e+00 -9.840552164131337598e-01 1.146249260602913989e-01 6.678894490287794472e-01
-1.031852143741144534e+00 -5.123268861182421752e-01 8.168061617924027296e-01 -2.933214025277098846e-01
5.976883851057128716e-01 -3.921738458845722836e-02 8.748179851991823019e-01 -5.157767152664968213e-01
1.521876407890226268e+00 -1.051610379126624917e+00 3.023031102715402207e-01 1.009357677314158375e+00
5.981952705938456960e-01 -7.915967763186882777e+00 -3.733679391102093792e-01 8.016521303433671974e+00
-1.011550559465144161e+00 -6.264068192702072935e+01 -6.021767070025361157e-01 5.773725618262739090e+01
-1.636874691779025337e+00 -1.667850315995715675e+02 -2.550890758224714228e-01 1.482600717419457226e+02
-9.378053596642856871e-01 -1.685387892507337426e+02 3.205412292959077813e-01 1.476675173501815550e+02
1.648498663409976583e-01 8.458856958095006462e+01 6.297997280851892477e-01 -8.601883023034059761e+01
-3.882855068237017537e+00 -3.941023695604866095e-01 1.058888035829575330e-01 -1.674726352644879401e-01
-1.683170257526780400e-01 -8.217888567402592548e-02 -7.448426791670955671e-01 6.641612394075855352e-01
1.575032225098804251e+00 4.183854897781172366e-01 -1.415942370092117208e+00 8.997377242160258248e-01
-1.917980252789711626e+00 -5.322044896471807979e-03 -8.076763314203219135e-01 3.880658264238948107e-01
-1.983164876093675755e+00 -4.390667709511314465e-01 6.026248324967127257e-01 -3.001584089926093157e-01
8.945471967461213758e-01 1.894126867153901050e-01 1.417532677248693362e+00 -1.110700373997119073e+00
4.182673395589279197e-01 4.320895686347379083e-01 9.221396418247140847e-01 -9.881137307151587335e-01
-1.651377309688140782e+00 -3.940051696626158395e-01 -2.369253010582896557e-01 3.525674772779041066e-01
-7.263963773444905847e-01 -7.903724944055752488e-02 -8.611037071739503501e-01 6.327056428994488613e-01
1.132535472665250120e+00 7.652981773597357096e-01 -4.322980416238376145e-01 -2.306303235508401495e-01
5.171893186050502411e-01 -1.749641537928728896e-01 4.930240447569692597e-01 -1.454783202160406241e-01
-7.818181352611964785e-01 -3.637528445462922533e-01 9.595157365131747884e-01 -4.909996766756019038e-01
-2.382386281487911817e-01 7.686069758925050399e-01 5.727329347666821890e-01 -1.144064073910143975e+00
8.964380291420854796e-01 -1.507840010497316086e-01 -2.007036284901692891e-01 4.081352124476654852e-01
4.920162236571360981e-01 -5.053267908102322403e-01 -5.913955124790051254e-01 9.545877143446076518e-01
-8.181476953217152737e-01 7.866492359748770979e-02 -2.932475996170487709e-01 4.826296727251992019e-02
-1.102245775871074640e+00 -1.216157668121552460e+00 3.140934336148341055e-01 8.191711805633776766e-01
-2.166361815133670543e-01 -8.923307178375054605e+00 6.138018669637387292e-01 7.774406662122421707e+00
4.502699975030139967e-01 -7.752240528966039790e+01 3.574819848007332879e-01 7.026591640471713163e+01
2.455449398202104172e-01 -1.836676612281059136e+02 -1.539686413789170538e-01 1.639657042931190745e+02
-1.752898965749805638e-01 -1.069162035443815455e+02 -4.209150577846955676e-01 9.239177775383885205e+01
-2.250113409676419263e+00 -3.301422115511843391e-01 -1.011353926542378545e+00 7.899385665126236189e-01
-4.650497856043979139e-01 -6.590690119819443693e-02 -1.352730430886622592e+00 1.007825806129446278e+00
1.245796304917143216e+00 3.883185797901900771e-01 -2.614428358891079940e-01 6.695226477706327055e-03
-1.359344291944208916e+00 -2.500328450246235290e-01 1.108651717751473864e+00 -7.529705655188125846e-01
-6.483763504299874247e-01 -1.093585719706720860e-01 1.268794070422817555e+00 -9.098567293630925867e-01
1.109292229169316579e+00 3.606602294489373861e-01 2.010510211988332796e-01 -2.965063968884179002e-01
-4.469607963686414998e-01 -2.352659822143337576e-01 -7.617389232757980633e-01 7.407159007049655131e-01
-7.205548507090718813e-01 -1.336849715200162745e-03 -5.888873873904076905e-01 3.520303888265293724e-01
8.837864485815488669e-01 4.260090790298702856e-01 3.556357682196042425e-01 -5.482917769943383979e-01
4.636230890661990900e-01 -2.628178623192014007e-01 9.077734236571965987e-01 -3.844650632489388653e-01
-6.430715574002116020e-01 1.811056546307249493e-01 5.035384854845768032e-01 -6.354301432279225725e-01
7.958835565258809419e-02 2.622909234195167083e-01 -2.840284099672101270e-01 -3.897428925726333787e-02
5.934491967665397327e-01 -3.807880027083265229e-01 -5.547394952258239975e-01 7.893529118687688806e-01
-3.771270514826646769e-01 7.555906685380796572e-01 -1.110333102948531936e-01 -6.630083585024791892e-01
-8.872778955426959824e-01 -1.806720456585943213e-02 4.468930058623684087e-01 -4.277724619553900931e-01
-1.514139141203623418e-01 -6.576059786426055043e-01 4.934110307220296310e-01 2.072372311864993655e-01
3.003304274026926679e-01 9.058137348718259263e-02 5.549782894877703515e-02 -7.543902769549200304e-02
-1.108290004911384602e-01 -1.440586164617491338e+00 -3.241130562512192781e-01 1.631926195651464129e+00
-2.765757890447151368e-01 -1.785091257719533075e+01 -2.577976939837891557e-01 1.692964647822611113e+01
2.008328938468824931e-01 -1.232264157972825558e+02 1.008086552024057836e-01 1.105034252328888869e+02
4.225810244819029893e-01 -1.817708858621819559e+02 3.100989182122624310e-01 1.600539914904337309e+02
-1.067506017060639412e+00 -2.300684943510995228e-01 -1.342303215526974958e+00 1.079520283237922706e+00
-2.130270151993301775e-01 7.229899367649356146e-02 -2.134281393283323502e-01 2.075601533978386343e-02
9.430343498193501928e-01 1.490552765906150712e-01 1.141820397341526627e+00 -8.964330124991269910e-01
-1.003642368084258329e+00 -2.144970048443355093e-01 1.100898894298978137e+00 -7.501736733543467039e-01
4.149721116363276896e-01 1.849139912097544636e-01 -1.067314949325308959e-01 -2.547793705885750826e-02
5.625275543028429581e-01 -6.364868092290842938e-02 -8.513639952754535889e-01 7.354157215836126804e-01
-6.846731950599640459e-01 -2.176200701088636461e-02 -2.976178695315342404e-01 1.281964426437223192e-01
4.627625705694762281e-01 2.180077970376737562e-01 6.816978984420134502e-01 -6.604009142785981501e-01
3.670804152241795015e-01 -1.513830707565347600e-01 8.369076776972543819e-01 -4.154458280131401726e-01
-6.042497828823458761e-01 2.365153514149474223e-01 1.731207463669647006e-01 -3.398942739754339248e-01
1.167367234773712820e-01 -1.170495545773126422e-01 -1.724968841513435380e-01 4.845614956937519535e-01
2.190317018630204837e-01 7.361593148640516171e-02 5.903851222661633535e-01 1.261498159395284535e-01
-6.328386558125940198e-01 4.592461026888611797e-01 2.005775954931003469e+00 -7.646269199508580749e-01
-3.013397347669364845e-01 -4.964330705675548128e-01 2.981079226253246617e+00 1.290830512497336859e-02
2.572482933742006317e-01 7.483073143635977642e-01 2.907159390907560592e+00 -7.253668836531711461e-01
-1.219668591585379297e-01 -1.772506447464266000e-01 1.882381224363394612e+00 3.544924629649055525e-01
-2.280994830181162503e-01 -5.169976853930117189e-01 5.473604076442260824e-02 5.689908667206189374e-01
3.481338017567239262e-01 -1.843890597017031618e-01 -2.795855983141426915e+00 8.412386211169160799e-02
3.999982138137489485e-01 -2.649337026247259974e+00 -6.859363927275272665e+00 2.391274258065139158e+00
-2.101718078816988688e-01 -5.318086764320189985e+01 -1.170676769629238301e+01 4.878158745935621710e+01
-4.444697105051652608e-01 -1.829198771443338103e+02 -1.637645208975632372e+01 1.624892236360277309e+02
-6.976631876830168277e-01 -1.012452486506337512e-01 1.801864420959889301e+00 3.952112991619103344e-01
8.576278012594706901e-02 8.590398661065404284e-02 2.932202731507882909e+00 -8.414985291900970443e-01
4.416092017873145537e-01 -1.975413869939852962e-02 -6.953352374315013407e+00 -8.249122061140042872e-01
-6.413302110011450674e-01 -6.796397673417560459e-03 -2.670134879339485323e+01 -7.880257075767332919e-02
7.184666033339446312e-01 2.315946570641456634e-02 -3.300129056518300530e+01 6.771264778395097439e-01
-3.513254154567393428e-01 -1.981244429806632706e-02 -2.121291702477710217e+01 1.575422408181536837e-01
-5.041604485485597781e-02 1.057263340042223915e-01 -1.626398959192451343e+01 -6.328797333394188263e-01
3.769452884321904396e-01 -6.987444375560024346e-02 -5.312062863571834548e+00 -4.423295371275626220e-01
-4.992370967845752294e-01 1.613819221976603158e-01 3.067814646145651380e+01 -1.475782324529412159e-01
1.492645613962952922e-01 -1.666212278868085261e-01 4.976085306733077118e+01 5.519355398284011560e-01
4.876295217016965444e-02 2.686971517852947411e-01 1.607307414543199897e+01 -1.849041535168654549e-01
-4.809752252459889577e-01 -1.468606230191612030e-02 -4.694437715694837010e+01 -4.191961168486209033e-01
1.234876690764759727e-01 -3.149321421014707190e-02 -9.072179112337407503e+01 -2.752445841433021623e-01
2.659570378956711834e-02 4.525421975203637315e-01 -9.457730509897682225e+01 -3.031893200146647538e-01
-2.953954731719581894e-01 -5.154082693802706228e-01 -7.342788241005720806e+01 6.612757670474027627e-01
2.119790175867187487e-01 9.146531773929180709e-01 -4.881474516288898968e+01 -8.388967319235339781e-01
3.003095109624532300e-01 -5.679050192067810476e-01 -3.081616162537944348e+01 2.702292483564505687e-01
-1.524526790474881044e-01 -4.313083109266411391e-02 -1.972636532870871662e+01 -1.402821439610011933e-01
-1.135884319464515180e-01 -1.026576526640895048e+00 -1.259888249166352914e+01 1.106103673440255619e+00
5.669707527169875333e-02 -1.470462463609967330e+01 -7.115412699888148396e+00 1.360060218359055639e+01
-1.643807869363345386e-01 -1.374341802071994607e+02 -2.576344768661482654e+00 1.242417888975745512e+02
-6.309446857860904201e-01 -7.175912170918446499e-03 -3.480365421480620824e+01 -3.598763516982057542e-01
3.034345751608074071e-01 9.598889637524711180e-03 -9.440702510473700215e+01 -9.748441383655760406e-01
-1.805323989663880357e-01 1.202598668777394783e-02 -4.833844842410096021e+01 -3.890816027978118430e-01
-1.654332819423480483e-01 -2.212350832270748233e-02 -1.493767411103102560e+01 5.254918677526835280e-01
1.791236867011284650e-01 2.151309712817868480e-02 2.712422748844828035e+00 3.912210001175797092e-01
-4.469540157826479843e-01 4.542641922400303400e-02 1.015770803093341179e+01 -5.055214005889057116e-01
3.624539882325640283e-01 -3.938057781653087758e-02 6.533583151832591085e+00 -5.709932732492603025e-01
-3.885832332250644394e-01 1.006226501544039420e-01 1.487264962609146979e+00 -1.967740359485081192e-01
9.145212908802632934e-02 -1.251756465113013361e-01 -5.267607079392930824e-01 5.120124895429510881e-01
-7.336283216421481124e-02 2.489567714294803336e-01 -2.119002829102707153e-01 -1.246702342768458288e-01
-3.578563641462726985e-01 -1.731902229512717328e-01 5.425183640398423268e-01 -2.720293087881859306e-01
1.419973510160378594e-01 2.312536193259951411e-01 4.844838042687406587e-01 -5.132409666963729800e-01
-2.534468288384771339e-01 -7.769489613535265904e-02 -1.094344374065718412e-01 1.674899028836425718e-01
-3.956159844100177320e-02 1.181465470719398753e-01 -2.537170823222404392e-01 1.236055056921299827e-01
2.836806881517999201e-01 2.595221770269561801e-01 2.040871007222009037e-01 -3.134387290489929478e-01
-4.901040293985636093e-02 -2.419152628911418190e-01 4.735160419456086456e-01 -1.240658150650050529e-01
9.101780698481280740e-02 6.450013059959487371e-01 1.365208302821528941e-01 -6.631800711021739181e-01
1.756247186555005835e-01 -7.446297779923892746e-01 -2.420560557076448516e-01 8.784082489949045502e-01
-2.143550019631762504e-01 -8.188738700884037880e-02 -9.230097308539571277e-02 1.636969417842998875e-01
-1.819276117235570922e-01 -3.252990385736151069e+00 2.723235793211269962e-01 2.958960255220199898e+00
1.285348873244624435e-01 -8.129017819332963768e+01 2.428840391461232484e-01 7.375111098282208388e+01
-6.702675034079085270e-01 -4.840889977729370686e-02 9.788340979676865006e-01 -1.726593814612186151e+01
3.458594376705969586e-01 3.530669169045310557e-02 1.287090957184438444e+00 -2.612770472154980794e+01
-5.245074391702166938e-01 -2.340488065360632475e-02 -9.651529901006155807e-03 -3.134677012839420840e+01
3.172424384596183589e-01 2.736253972300079548e-03 -7.630381438568236696e-01 -3.320390765347895012e+01
-3.215700103546397792e-01 5.235986970139062946e-02 1.207053143376351015e-02 -3.289420341688936844e+01
1.951046841011161714e-01 -5.825754369909750402e-02 9.592752149642309600e-01 -2.995443682268989249e+01
-2.355738668761032939e-01 8.805814519715465805e-02 5.874931356495300960e-01 -2.477151772022699561e+01
-5.195797433334373855e-02 -9.542774669137440990e-02 -3.755115450283046385e-01 -1.848133873494749935e+01
-5.361928179226826269e-02 1.855176932859315952e-01 -3.634587476393428274e-01 -1.400870767812774531e+01
-1.903433147029562622e-01 -1.808455348963435294e-01 4.151867099224355040e-01 -1.098839930721162261e+01
1.365352845587242681e-01 2.410306860531951367e-01 5.843009595468623418e-01 -1.005320197550947725e+01
-2.437248021986866409e-01 -2.115016999951442045e-01 -3.493617143141131837e-02 -9.973585296969526226e+00
1.365551401838679402e-01 3.519495306920729094e-01 -3.435313775240811385e-01 -1.307609399027969133e+01
-5.103205837473664963e-02 -2.777760119203721567e-01 8.688923123029684836e-02 -1.755457298704597235e+01
-5.843613020314822326e-02 4.179816949427183070e-01 4.236793313929164695e-01 -2.431069405152840801e+01
1.763303616709471222e-01 -2.748412382363573658e-01 1.188683844290571584e-01 -2.948554698869696722e+01
-1.201704921632369139e-01 5.703114644015995216e-01 -2.301497833850885688e-01 -3.487964506126323982e+01
-4.923986692750965261e-02 -4.283094660945548915e-01 -4.380563420051872964e-02 -3.610588158743031784e+01
1.524533711088267747e-02 -1.306115729599242534e-02 2.633591099347639686e-01 -3.493170863256850822e+01
-1.622109971917919113e-01 -1.306165456970584060e+00 1.329666343658509609e-01 -2.670314872617850099e+01
4.060733329933833430e-02 -3.746213126773612601e+01 -1.465462817270239415e-01 1.744498106541471927e+01
-4.863340584642317221e-01 -1.060179453460133314e-01 1.274873863928532636e+00 -3.130381000642974243e+01
3.478258070105257338e-01 9.071985042640419439e-02 1.040070407830211652e+00 -2.027439341095815806e+01
-3.324891762598464195e-01 -8.460800611761498669e-02 -4.251189531889764672e-01 -8.052721164728851022e+00
1.183408468860953078e-01 1.005984732210944421e-01 -6.941553807467523152e-01 8.894188974697123107e-02
-2.221008865407325117e-01 -9.539701866279504117e-02 3.956441410491255972e-01 3.931975596648320082e+00
5.848801700725870384e-02 9.002024580357910477e-02 9.395267179713308048e-01 5.257684000052725182e+00
-1.112223185457676261e-01 -7.903765194246169246e-02 1.603826533369198948e-01 6.286102749378445154e+00
9.550067946147848541e-02 1.160364352011653694e-01 -4.938662653938340474e-01 6.162463505941148334e+00
-1.071342542431737987e-01 -1.418854311767134835e-01 -5.729071244072619223e-02 5.396314306308142683e+00
1.144076985259979834e-01 1.724359921252558714e-01 5.525395785053740516e-01 4.202072204451167359e+00
-1.255222455818549576e-01 -1.684344114625123123e-01 3.227697113553307240e-01 4.283904581946989865e+00
1.632009149078931520e-01 2.209130162346598647e-01 -2.513753441397697519e-01 4.302362293916771385e+00
-1.248326529924208284e-01 -2.617460379663875125e-01 -1.856261882615944936e-01 4.737207771172172954e+00
1.633817281249922149e-01 3.418113959785959999e-01 2.922511957596446441e-01 4.224508605820193274e+00
6.270505398322591059e-03 -2.939951437237786069e-01 3.030433172718713375e-01 5.414166043676960527e+00
2.650128534718254603e-02 4.763403130296959276e-01 -1.108646701557161329e-01 5.706508615328163003e+00
9.591880260362939392e-02 -5.861765801358373440e-02 -1.887256607298704314e-01 7.155080375335647780e+00
-1.285259802064047663e-01 3.686422419056611055e+00 1.442991920260065508e-01 5.805356080692086529e+00
2.947282108225411298e-02 3.547181577381579576e+00 2.414360837511082547e-01 4.917110921130436907e+00
3.672115521491118445e-02 -1.939587644417670376e+01 -4.017614512118081876e-02 -3.816365520449904181e-01
-3.230637267416450881e-02 -5.802770602263128552e+01 -1.411512579994614880e-01 1.564008695715620734e+00
-2.089500668484695345e-01 -2.008714019117519012e-02 1.336050976882389607e+00 -9.454632248535917993e-01
1.374566057345200099e-01 -9.158727210578690089e-03 8.764874657082695197e-01 -5.537330019020570981e-01
2.145086050346225737e-01 4.114797210231500163e-02 -5.133573838127838407e-01 4.022781699562199553e-01
-1.554486065009747509e-01 -7.543861701826121147e-02 -6.194203431220087763e-01 4.814714900376936835e-01
1.941371828979910341e-01 8.373486242410461966e-02 5.167489770852782272e-01 -4.615016254054580269e-01
-2.316773831278039208e-01 -1.031395766301579781e-01 8.767253413758938629e-01 -5.923596804917961034e-01
1.532771737982611959e-01 9.337340749703430809e-02 2.240354034455736137e-02 -4.561272847059132801e-02
-1.750104957647821424e-01 -1.269012461345969400e-01 -5.077100892625950879e-01 4.678632074650914130e-01
3.207898671496069165e-02 8.607208264192453551e-02 7.161059312279410838e-02 -1.525879136554932902e-01
-1.225091466856171318e-01 -1.133919127471319649e-01 6.237550029919814998e-01 -3.381868232615332093e-01
1.092466312277686619e-01 8.435211420687174777e-02 1.474792877542636105e-01 -1.931575112755466450e-01
5.210277384086962893e-02 2.389924432793879561e-01 -3.455911858956181582e-01 3.290012594612324870e-01
2.266244248367682290e-01 4.768366942317375567e+00 -1.058424628572870833e-02 -3.227689525454411484e-02
-3.641035094792876431e-02 -8.430480703097629203e+00 3.867943965031784281e-01 -3.211755403100831630e-01
9.366719890930888526e-02 -4.741584464665110943e+01 1.221277292645285145e-01 -4.665934413728919927e-02
-1.264154694395104028e-01 -2.245985355801854055e+01 -2.136889031521663485e-01 -1.034004152781703989e-01
-1.795344969803797444e-02 7.604374140001196736e+01 3.754328011795389237e-03 3.250321861071490126e-01
-9.397604639857025377e-02 4.789279458616029772e-01 2.514585231863123993e-01 -8.974061119897902561e-01
-7.727065876279427814e-02 -8.816130467130018644e+01 2.556011416262604294e-02 6.474429224761345525e-01
1.311399585600913631e-01 -4.048120219708701484e+01 -1.605344665601802778e-01 1.156946897987662232e-01
4.274376573388299905e-02 -3.642270374947974343e+00 7.251470882521078576e-02 4.540794976138039729e+00
1.907920893878563562e-01 1.585225926875927574e-02 1.260600149897497468e+00 -9.186291653285925118e-01
-1.995323579023290939e-01 -5.180418035472750260e-02 9.711075233122217210e-01 -6.810297314062994101e-01
1.715851944906872650e-01 -4.636395954993021047e-03 -4.505268883489417231e-01 3.761836788920159824e-01
4.640889588077192623e-02 2.378796494403460915e-02 -6.853131163421865013e-01 4.785935726098379805e-01
1.586312325426720293e-01 -7.003714013318317055e-02 5.028859688488321877e-01 -3.008613466229869138e-01
2.101087921317384977e-01 2.979359090622793992e-03 8.860259951645831356e-01 -7.013296112928634196e-01
-1.937407705985496609e-01 -9.953227731479795393e-02 3.318330772524705208e-02 6.591093063722980316e-02
1.546577970037896488e-01 1.854011859750636093e-01 -5.304169384621736372e-01 3.204686602447559540e-01
-3.392583188233148223e-02 4.197562264813981869e+00 1.548108127478072804e-01 -3.315721065363767817e-02
-7.375513976841288621e-02 -1.568090203263358973e+01 5.425742815790766116e-01 -4.804853186317856184e-01
-1.925904212365059376e-01 -4.562768772329663136e+01 1.800099628604736046e-01 -1.076375296599407921e-01
-6.580599237729503614e-02 4.538744708533855032e+01 -3.474658302641882024e-01 3.071498774201296689e-01
2.095235661275699768e-01 3.207035396668034721e+00 -7.064154458955640425e-03 -1.761674430474421960e-01
4.339491883813888506e-01 -7.894390110165275587e+01 4.966912926790175709e-01 -9.687528670668418829e-02
7.587275655081168191e-01 -9.252767428256467142e+00 4.882810576804261227e-02 -3.664653955880619596e-01
1.374996829728239556e+00 1.115325126497398145e+01 -3.123775543551972067e-01 4.221953804169489288e-01
1.939408295946591920e+00 1.355279392363142543e+00 1.618737410407012633e-01 -3.722327599473948534e-01
2.116104887292356018e+00 5.156153948528810482e-02 4.271216490444209590e-01 -2.433183330511065334e-01
1.433329749506795370e+00 -8.372736423718496468e-02 -5.962782737629101354e-02 1.085711806905414606e-01
7.943523638766624151e-01 1.837770886482075761e-01 -3.263683645981234616e-01 3.606040492856435464e-02
-2.653370779030271853e-01 -1.984786722796314962e+00 5.542287682314689379e-02 1.849498558957517913e+00
