4.540678100937473906e-03 4.027788284044078217e-03 3.882486027163750512e-03 4.062921517586286051e-03
4.540678100937473906e-03 4.027788284044078217e-03 3.882486027163750512e-03 4.062921517586286051e-03
4.540678100937473906e-03 4.027788284044078217e-03 3.882486027163750512e-03 4.062921517586286051e-03
5.313289264557857078e-02 -2.579757758442024485e-01 -1.751809123924250380e-02 2.394411645754172258e-01
-5.399419265035396154e-02 4.850021251777728026e-01 2.580468033810228157e-01 -8.586062578655366817e-01
-8.102084567255647685e-02 2.909434011552717858e-01 3.206818270677280203e-01 4.376594131314489600e-01
7.661670983308788152e-02 -1.456267768861430612e-01 -4.240121207249973323e-01 5.196335882944398410e-01
1.153688108276808705e-01 -3.724741013719302662e-01 -3.548167594120942292e-01 5.530108874645099926e-01
5.313283997121799607e-02 -2.579757105911380521e-01 -1.751814710397444491e-02 2.394411938371045767e-01
-2.064129551755630732e-02 -2.222252360004330907e-01 -9.912495127002528272e-02 3.943385249366672674e-01
-6.241953307698934472e-02 -2.381670222906946133e-01 -1.079461907977828439e+01 -1.520660118038505149e-01
3.835003288122983828e-02 4.290341180571108359e-01 -2.921852628886407288e+00 -6.824128448129946900e-01
-6.887255365583570821e-02 4.442107901510192747e-01 2.682077454279682138e-01 8.387031311330379879e-02
-7.292593918664180830e-02 -4.438405225577580993e+00 3.100244693843318133e-01 3.053565212547227903e-01
-1.250600125313617583e-01 -1.186046308575356534e+00 3.174594361708578671e-01 2.466555475237397488e-01
-4.750246169389064077e-01 1.016164609045481365e-01 -3.268137677583833889e-01 -2.281250298503640639e-01
-1.114613388222622348e+00 1.708638179926837142e-01 -4.439885504269940747e-02 2.813843670991057321e-03
1.126355036618328920e-01 -4.711244101767714243e-01 -9.607885374793691258e-02 5.043120445939359708e-01
9.833429702096348202e-02 6.850991780143055043e-02 -2.986383750992729902e-01 -6.511621430282681366e+00
1.041018259835190495e-02 -5.254665010933352864e-02 -3.533326034547664141e-01 -2.773516155403695649e+01
-2.064130769746365737e-02 -2.222252539961215578e-01 -9.912495372926988235e-02 3.943385547633161958e-01
-2.040485794305835557e-02 -2.218506795892828398e-01 -9.867005218540897404e-02 3.941799019321920450e-01
-3.860126267903269542e-02 -2.585046206252150092e-01 -3.995325422408168570e-01 1.142889688140679372e+00
3.876478684166950739e-02 -4.080828389125234351e-02 -2.704203217746299348e-01 3.841928894274774242e-01
1.322483590915969273e-02 -1.109975700399857157e+00 3.412646269268890253e-01 -6.985849038832837588e-01
-7.366481738068246521e-02 3.003120078766931544e-01 -5.153260176849547847e-01 3.929279644327791920e-02
-7.176047962761367138e-02 3.548479260170373517e-01 2.316607734895104742e-01 2.273088689145607855e-01
-2.965864648908491524e-02 2.692586060997833597e-01 1.648209873652561608e-01 9.541894299452184647e-02
-1.136439882110232169e+00 6.851488665528457367e-02 3.294350170182628323e-01 2.214905059870620752e-01
-1.349940495177371913e-01 -3.123567040187878341e+00 -3.065084292793440746e-01 -1.903893947154666477e-01
4.821911505313152685e-02 2.525229255555561103e-01 -6.875451441836691324e-02 -2.870889360767337473e-01
1.016430684521926198e-01 -3.873174522057985514e-01 9.047696130619285737e-02 5.969192280275616991e-01
7.349502270929079983e-02 -4.588816165519958301e-01 -7.392447112144621968e-02 -1.068560820823756474e+00
-1.457120229610006090e-01 1.880339374210097392e-01 -3.759576633136295087e-01 5.500802150361192577e-01
7.290315795772239760e-02 2.689902199470272093e-01 2.069662738769030008e-01 4.410964962309840698e-02
3.478588923745978140e-02 1.482756020046096246e-01 4.551003694993183690e-01 -1.224143639593187061e-01
-2.040493562527781468e-02 -2.218506945441486300e-01 -9.867008963903950436e-02 3.941797056578869585e-01
5.116602713643628175e-02 -2.600019515201963949e-01 -1.659385675589399381e-02 2.389224736331562182e-01
3.316156109055871937e-02 -2.512158595190109311e-01 -3.252460642500035748e-01 7.922513603499728996e-01
2.047345320389202042e-02 -2.605877542338388975e-01 -2.422965732187749299e-01 6.876016203037567109e-01
-1.502567075369462199e-03 -4.115391493483961938e+00 -2.736135555851046397e-01 -4.869484741231700636e-02
-3.421295167973449625e-02 3.241688991324402913e-01 2.015340365776528975e-01 -6.246206406555759871e-01
-5.909251988326528343e-02 5.071810868739137224e-01 2.139894969346889109e-01 -2.967644052283825995e-01
6.917457044368666153e-02 -1.773218957587912870e-01 -2.283301959082121524e+00 -1.815062964320727223e-01
9.440307717389087583e-02 3.508686087959103639e-02 2.158609301778625089e-01 2.753909286380116020e-02
9.451265646040528379e-02 1.456877283328974482e-01 2.562589490608863652e-01 2.099543306011469601e-01
-2.023096901159643108e-04 2.937410826209370107e-01 2.292567390855215492e-01 -5.195816812514110206e-01
-8.614629465124727659e-02 4.255091637055793963e-01 -1.192023116104089925e-02 -4.039218464093678740e-02
-4.911218593912659164e-02 5.273308061662015378e-01 8.464765208160497656e-02 -4.951822255875531348e-02
-4.294373432284392944e-02 -3.096320177481597380e-01 9.831577769615972018e-02 -6.466719650265569719e+00
1.137502991265765956e-01 -4.597136750584667753e-01 -7.079182329403925500e-02 5.314628258767577496e-01
6.134813488800053977e-02 1.988530148627875027e-01 -3.423768046919268282e-01 6.067810649159406378e-01
-3.452626012071335349e-01 -2.232889950445839933e-01 1.500406470305286066e-01 -2.064596691414503360e-01
4.890434708618544152e-02 5.329367205861646611e-02 4.892770466067709045e-01 -1.995946411463471182e-01
8.433602137550659517e-02 3.275517369790654776e-01 3.842456046979190742e-01 -1.419806304957229592e-01
5.116602886455410421e-02 -2.600019289549655999e-01 -1.659388216254930118e-02 2.389225699923413493e-01
5.036004292032921457e-03 4.635596966364027502e-03 3.934114078863234359e-03 3.781101990479453917e-03
-5.556294080595795132e-02 3.914925661732959056e-02 -4.871593531673918398e-01 3.225316073269060002e-01
-6.871780826527515429e-02 4.673110997921656878e-02 1.521812374162552321e-02 2.502415591692421781e-01
-6.928961382274359537e-02 4.679484981054489456e-02 1.516802409382511999e-02 2.505341698616305179e-01
-5.207848104058339367e-02 3.852810673248166506e-02 -4.867737091522873483e-01 3.239368116625330196e-01
5.364652638396185877e-03 3.672541545737506054e-03 4.104107384105478394e-03 4.482013086995464621e-03
7.946354648031352108e-02 -4.293288239095782027e-02 2.184267790543828469e-01 -3.252264871841598071e-01
6.016033973843667310e-02 -1.642700402231479090e-02 3.765042489189829866e-01 -2.144757242531143693e-01
6.103267488882047759e-02 -1.633729367077461220e-02 3.763169012231315502e-01 -2.147060944059347443e-01
8.019566567321692596e-02 -4.255019671416860466e-02 2.190170238616570564e-01 -3.232604656944090271e-01
4.058343018962125119e-03 4.289056336102555801e-03 4.809546033002897771e-03 5.211332546243438446e-03
-5.569127400927064570e-02 3.917237526125399993e-02 -4.868777014504955258e-01 3.238373827751509504e-01
-6.988629330996591615e-02 4.624197372338247070e-02 1.560070094578829523e-02 2.495499246922842085e-01
-7.058635015131561885e-02 4.601520215991438539e-02 1.553350690602852031e-02 2.501350084922956962e-01
-5.220761020831889143e-02 4.008423946181042391e-02 -4.865116061534559000e-01 3.239372672542106812e-01
3.771107952776991089e-03 5.392294265159684741e-03 4.744496338214068687e-03 4.134458716232420304e-03
7.822159148673993312e-02 -4.264078833933259566e-02 2.188481147509507285e-01 -3.254121678943558971e-01
6.061297882712001622e-02 -1.563792779407342445e-02 3.764578930722815575e-01 -2.148990958386433059e-01
6.107177513314167999e-02 -1.578037736045694722e-02 3.766001409639918029e-01 -2.153088309627442243e-01
8.076029397518531827e-02 -4.238285336129275771e-02 2.183500891567327351e-01 -3.235992461118858965e-01
5.036014943220659679e-03 4.635637145103419475e-03 3.934108944359316837e-03 3.781027066601903418e-03
2.320889487773256706e-03 2.949246963734126759e-01 2.291705127358287519e-01 -5.197527588841213131e-01
-8.145105596865725994e-02 4.255744159557169892e-01 -1.181123022903570428e-02 -3.960632528740697100e-02
-5.021688710210104462e-02 5.272324426468412151e-01 8.478128115183670988e-02 -4.983132929348950413e-02
-3.681971038918481487e-02 -3.099699102454057664e-01 9.853680232072382916e-02 -6.465598792081623358e+00
1.152932602083222707e-01 -4.593021771046373880e-01 -7.077433008904261691e-02 5.332859861591361383e-01
6.677622972266301915e-02 1.987208704617807187e-01 -3.423273090711552169e-01 6.071298321761677830e-01
-3.387175372179864752e-01 -2.229399998223527690e-01 1.503269384945326859e-01 -2.032860724655302376e-01
5.102170148214084378e-02 5.342947217656281861e-02 4.879547898163644204e-01 -2.005534865894752772e-01
8.388306668930578525e-02 3.275719270448576026e-01 3.847286713553117465e-01 -1.383558211926835535e-01
5.120677841455595347e-02 -2.598644543573145338e-01 -1.476970147644575057e-02 2.415089655583530226e-01
3.322073603219073690e-02 -2.522691296523342785e-01 -3.220216290728311059e-01 7.934060602486366909e-01
2.068200244619068304e-02 -2.575188809496654074e-01 -2.433164075622880063e-01 6.853122543437231151e-01
-1.108311167874278125e-03 -4.107227960930190491e+00 -2.703331566581626544e-01 -4.811487455400094426e-02
-3.433486946164294312e-02 3.299048601845377959e-01 2.019834404636058622e-01 -6.248599773471206209e-01
-5.879739029298432923e-02 5.087805642046367982e-01 2.166784686395856474e-01 -2.967633925513381565e-01
6.924405392384846980e-02 -1.726433549482027374e-01 -2.280408980426158472e+00 -1.812634404618138628e-01
9.328676709695764291e-02 3.406663860685968381e-02 2.166386707175428361e-01 2.770965347356845604e-02
9.485450809220101476e-02 1.486669945704202633e-01 2.564012212459452211e-01 2.101153885568682322e-01
2.320907068048804964e-03 2.949247460568000800e-01 2.291704975981813108e-01 -5.197527780097329630e-01
-1.452173267020847973e-02 2.048470183353272300e-01 -1.308375938555963180e-01 -2.496106261767653232e-03
-1.016805956606486455e-01 4.545102085722246277e-01 -1.683051938284374494e-01 -3.372231889879020450e-01
-4.907195788191096031e-02 2.564843979661753925e-01 5.105050701287484893e-02 5.225032283370192876e-02
1.146883104809262310e-01 -4.071904648401910576e-01 3.931819711663753908e-02 -2.796149357296329629e+00
-1.005374931108473507e-01 2.836915256937818514e-02 -3.898615792560912729e-01 5.053673539229073253e-01
6.038782268825332311e-02 3.208885433585942359e-01 -3.032133887744450917e-01 5.598115579092457494e-01
3.222592661272635772e-02 2.264103878566225692e-01 -1.488677461629203391e-01 4.005008749012462510e-01
1.331718409962499017e-01 6.958659080421068788e-02 -3.492813962829425911e+00 -1.516603580121692052e-01
-4.503593772523213981e-03 -2.073847137298780730e-01 -4.758231998091579928e-01 -8.411973454347963397e+00
-2.660818040145488186e-03 -2.391342508500001185e-01 6.414378121244802833e-02 1.886631092454099101e-01
3.975587507511525731e-02 3.515693358644946809e-01 2.552200396365241208e-01 -5.921495479944739460e-01
2.196508921951889192e-03 -4.809980916428689968e-01 2.919253088790969008e-01 -7.936404941536011615e-01
-9.759898247173874608e-02 3.932346986499574149e-01 -9.795015040665967510e-01 1.127001634001882913e-01
7.008433114267224873e-02 1.726313469885754903e-01 2.936007677951772976e-01 2.689166771180985238e-01
1.530905904788327221e-01 1.125119049862439852e-01 1.375106842074433622e-01 -2.834337087927155802e-02
-1.452166974345658716e-02 2.048468706311029064e-01 -1.308377264720227418e-01 -2.496138315029971903e-03
-1.565964682872614255e-02 2.039946122550946039e-01 -1.311456225659562991e-01 -2.536530676370956153e-03
-6.599319482484340860e+00 1.913477227534718939e-01 -2.587381050291346352e-01 -4.674281049505154551e-01
-4.320921985974336965e-01 -4.446718658112168154e-01 1.562922919669424825e-03 5.374860588338596923e-01
7.486060583953887959e-02 -2.181963944119591839e-02 -3.590839925612121508e-01 9.318894181152486134e-01
8.575125339728401075e-02 9.039438625344595191e-02 -2.600296039310797669e-01 -9.917527318518297719e+00
1.307529525555108929e-01 -2.779650825995429869e-02 -4.426170843848791225e-01 -3.341968935741392865e+00
-3.093606106460502787e-03 -2.855726579982386104e-01 -1.595978401626571674e+00 -1.244618155572923823e-01
3.972161178273190402e-02 3.949660293267661694e-03 -5.434906877202569042e+00 -1.579556416955707476e-01
7.380986085191875226e-03 3.068782484708946767e-01 4.743872701035945494e-01 -8.007474147265097875e-01
-7.804201375756890380e-02 -2.539829010435795453e+00 3.227455643483693182e-01 2.772085384551893905e-01
-1.004896142938480758e-01 -2.121128908002854274e+01 1.331828895015384207e-01 -1.311771366887471146e-01
-1.565967844995900388e-02 2.039945935781288799e-01 -1.311456148392756704e-01 -2.536547841233566421e-03
7.788315802214913069e-04 2.940833124280552435e-01 2.311626878431981003e-01 -5.195384717423042753e-01
9.868054033187675933e-02 -4.898003888612360024e-01 -5.219827483940148172e-01 5.949000974559037758e-01
1.476159622832120266e-01 -1.043043693018715079e-01 -2.988940096201596619e-01 5.377588010066868263e-01
4.788779924059238108e-02 3.506184367557640402e-01 1.935478952187431045e-01 -5.111383579476238559e-01
-8.499781275314285955e-02 3.623693555398346255e-01 3.128982991987242501e-01 -6.045798666133429533e-01
7.787992610948921753e-04 2.940832405450004017e-01 2.311627390054555864e-01 -5.195385165736685629e-01
5.124141208911508344e-03 5.058177771823613340e-03 5.228417533253886321e-03 5.237095991413813663e-03
5.124144266350734618e-03 5.058177755207095283e-03 5.228417533253886321e-03 5.237096107729436595e-03
5.124141208911508344e-03 5.058177771823613340e-03 5.228417533253886321e-03 5.237095991413813663e-03
