4.249837648070595719e+02 -2.870139086054988198e+01 2.619672027552649851e+01 -5.004733751618425686e+01
3.871432448004335356e+02 -2.941850756232613762e+01 2.592482660467904765e+01 -4.853971081124121412e+01
3.516410655426321341e+02 -3.073600079286208242e+01 2.510103306026138625e+01 -4.723247030254147205e+01
3.225527265578172660e+02 -2.869183217173510059e+01 2.423836074811636365e+01 -4.291255431026544898e+01
2.970765120931037018e+02 -2.820166445662520971e+01 2.407572944131457859e+01 -4.013708414770572119e+01
2.608781138863313345e+02 -2.696011060173669804e+01 2.418684514246807993e+01 -3.866380639312775003e+01
2.367102593343069259e+02 -2.302618088027743681e+01 2.343833007720276740e+01 -3.251606238336742649e+01
2.302327126643528459e+02 -2.276896773853126277e+01 2.332212105377790223e+01 -2.962945974154103723e+01
1.825451660923274915e+02 -2.199662067009723287e+01 2.295983473498075611e+01 -2.877398375085444115e+01
1.795375605602230280e+02 -1.745553570668259269e+01 2.280795721644870611e+01 -2.869930403637948402e+01
2.124627127528703454e+02 -1.671308154373714672e+01 2.284977503508462959e+01 -2.695478571225859099e+01
1.747834330809737651e+02 -1.718779291894872685e+01 2.286819519138186152e+01 -2.500794528119607207e+01
1.735942529847028197e+02 -1.633696564366999127e+01 2.260392760196469553e+01 -2.499228206611975622e+01
2.045280052424210737e+02 -1.657078016651440677e+01 2.239788765783091762e+01 -2.518119888453016486e+01
1.727926450022947051e+02 -1.542554153403963291e+01 2.254119894845552707e+01 -2.127282546688327969e+01
1.720341926470273677e+02 -1.581192238516815785e+01 2.264101421883898269e+01 -2.014722988509144841e+01
1.708424096188309704e+02 -1.502292239723132639e+01 2.269491613252328577e+01 -2.014343784371634882e+01
1.695218171817408859e+02 -1.557308259587458465e+01 2.263075115047889696e+01 -2.002877863101747025e+01
1.684561770921233972e+02 -1.482922689323352117e+01 2.261227519069820957e+01 -1.875317419343156189e+01
1.676070542205544882e+02 -1.527088012801131711e+01 2.276372908156757546e+01 -1.779034650980479171e+01
1.670185981171198648e+02 -1.461983372768652600e+01 2.290886287758437234e+01 -1.807105433810108863e+01
1.820340575696694714e+02 -1.486068411975556103e+01 2.299071274030926659e+01 -1.821117241681579202e+01
1.815861545676383173e+02 -1.418305785856014190e+01 2.299626756317502796e+01 -1.739631361932109144e+01
1.810877422098507168e+02 -1.422053848134641996e+01 2.307868563250247718e+01 -1.694317481555911442e+01
1.662569670107827449e+02 -1.379574621774871979e+01 2.323619474952255359e+01 -1.728089090771752367e+01
1.790506190325186822e+02 -1.382433366089409965e+01 2.333631196142103192e+01 -1.711545258021947546e+01
1.650281793468904539e+02 -1.364918623129961261e+01 2.335976520664229739e+01 -1.606766260463676232e+01
1.645366061239276405e+02 -1.355390933389070085e+01 2.334545305956996941e+01 -1.551810722827221234e+01
1.642576495475186675e+02 -1.356843290542782299e+01 2.341185525708275961e+01 -1.573594103948750877e+01
1.641553908361115646e+02 -1.333987487754482615e+01 2.349211510146276538e+01 -1.557737955274996189e+01
1.641314062871637987e+02 -1.339722999213465471e+01 2.351468280306385594e+01 -1.484792363422340955e+01
1.641205575788654585e+02 -1.292306558258141358e+01 2.348397965795210496e+01 -1.470969918659148412e+01
1.823415288249285595e+02 -1.304368503121425071e+01 2.345891647988849371e+01 -1.512108751429234843e+01
1.818092523285664015e+02 -1.258043582301468177e+01 2.350008534132951254e+01 -1.496274463653651132e+01
1.683177331708859015e+02 -1.286108490580662611e+01 2.351437514441996157e+01 -1.419792004639339567e+01
1.802296136748702224e+02 -1.239648157744789359e+01 2.348281303651632612e+01 -1.395838097850968929e+01
1.795307635157682853e+02 -1.269103911249158401e+01 2.342794814065700848e+01 -1.416192066562546792e+01
1.791640819896518053e+02 -1.227372876684708558e+01 2.341453557817877851e+01 -1.384972771865313312e+01
1.790562029013063352e+02 -1.258499552323962867e+01 2.345011700160416623e+01 -1.317003327482660602e+01
1.790427834191286536e+02 -1.216895326397341925e+01 2.345675259811352475e+01 -1.316238221255589202e+01
1.789260386296281240e+02 -1.230258002931139316e+01 2.344287629839117315e+01 -1.354335006688344833e+01
1.786565192638586268e+02 -1.191276385252930936e+01 2.343637243859656394e+01 -1.334088072551628557e+01
1.782418849870602457e+02 -1.201990900029551490e+01 2.346529667701730659e+01 -1.278433466146790742e+01
1.776935689070132014e+02 -1.182777335139282826e+01 2.640898847256119808e+01 -1.280455773492518290e+01
1.772022277262735201e+02 -1.184219264899838642e+01 2.356756973589001802e+01 -1.297582700850772852e+01
1.768619160130419345e+02 -1.180806190923402355e+01 2.359383306125737079e+01 -1.643232075052384644e+01
1.767157679210500021e+02 1.542210524933053151e+01 1.985279557074742129e+01 -1.203191627274673436e+01
