-4.523966746385026738e+01 -3.797031981719188565e+01 -3.193200529172012381e+01 -3.502956244977490741e+01
-4.523966746385026738e+01 -3.797031981719188565e+01 -3.193200529172012381e+01 -3.502956244977490741e+01
-4.523966746385026738e+01 -3.797031981719188565e+01 -3.193200529172012381e+01 -3.502956244977490741e+01
-2.475056382414706491e+01 -8.379029724370079535e+00 -1.333116376849291207e+01 -1.510591376291695909e+01
-1.947873815210656119e+02 -1.626533961539759332e+01 -1.306580119832628029e+01 -4.062952858766023922e+01
-3.357907862471889615e+01 -9.908958180177963371e+00 -3.799225729871557178e+01 -1.005064704143011483e+02
-1.420200631350330411e+01 -2.832040824533777723e+01 -9.033095817578596609e+01 -4.142615700869662021e+01
-2.251590822948368498e+01 -1.333500803214299424e+02 -3.646126965677900955e+01 -1.501847009844902558e+01
-2.475040249040700147e+01 -8.379027068003738421e+00 -1.333116323365706180e+01 -1.510591256614551803e+01
-1.545387632963104068e+02 -1.298903858606099107e+02 3.492037747936964820e+01 3.445926937075236651e+01
-8.390068425125619456e+01 -3.017086921757060125e+01 -8.571844233394599541e+02 -1.531080042605312030e+01
-8.950899362610878995e+01 -1.007349821514907973e+01 -1.362388222804512168e+02 -4.200468515785376411e+01
-1.921430884404266237e+02 -1.020913972808664916e+01 3.376198221409673295e+01 -4.276860334569547462e+01
-2.961034514594853917e+01 -3.808703667788073517e+02 -9.552042725240232457e+00 -4.257600205100870028e+01
-2.136451476129942151e+01 8.899331208983930708e+01 -5.323384631042097936e+01 -2.601702525565887569e+01
9.554674615955555339e+01 -1.933394031148324643e+01 -2.223769307095393089e+01 -5.740432296747322027e+01
-3.711158928206874634e+02 -2.354338644918858847e+01 -3.625083501709801936e+01 -1.176574606156426483e+01
-1.282396489641194037e+01 -1.574753667347396799e+02 -3.560430348056583227e+01 3.376662904906314822e+01
-1.436642553863205229e+01 -6.621305395912457925e+01 -3.843965535965696745e+01 -1.323946819431095321e+02
-3.730691549957224851e+01 -5.938620656624924266e+01 -1.370007109800311262e+01 -8.544376587750338103e+02
-1.545387693710765973e+02 -1.298903840540787655e+02 3.492037533829812901e+01 3.445926788197886026e+01
-1.545575934580990918e+02 -1.299085528964487537e+02 3.489432650234546429e+01 3.442083164081009272e+01
-7.657067425236439817e+01 -3.687277553989419943e+01 -1.640526579580033939e+01 -2.362597088217565311e+00
-9.772661467342813069e+01 -9.549703230487027739e+00 -1.092234884044849252e+01 -1.484884519781757817e+01
-9.162397006713491976e+01 1.802885467243398523e+02 -1.537184339700146651e+01 -4.772637105922292022e+01
-1.987164984967820658e+02 4.060542300052591713e+01 -2.869485063420226112e+01 -4.642163310610404636e+01
-3.387804583405350911e+01 -1.041787973849159776e+01 4.123704266372713079e+01 -6.807428908981599136e+01
-2.184008609611116114e+01 -1.083234960795945234e+01 -1.356735774996174015e+01 -6.684640308759911420e+01
-5.337323426355932376e+00 -2.220128968357308707e+01 -5.702452256540732378e+01 -2.544586736173960873e+01
-2.375719274926673918e+01 -1.616967736414782308e+01 -1.827392379524050270e+01 -6.128390027422342001e+01
-1.524924609294403766e+01 -1.995051107010114322e+01 -5.718813589425457877e+01 -1.573782051703606832e+01
-1.465176192036894420e+01 -2.811202285672390744e+01 -5.897178199968922030e+01 4.077206399977550433e+01
4.011586499020915397e+01 -1.605052703179748903e+02 -3.918063899064412681e+01 -2.798385265701158886e+01
1.836860649094084863e+02 -6.752078367895418864e+01 -4.401546580140507103e+01 -1.650483581140321476e+01
-1.351931004758016108e+01 -7.007910555940176778e+01 -1.358694143966451762e+01 -1.320175936324891453e+01
-4.405877795301712041e+01 -5.160878355987516386e+01 -1.453130918018846307e+00 -1.738348768114359899e+01
-1.545575639571504780e+02 -1.299085549945167202e+02 3.489432790464660883e+01 3.442083237526016859e+01
-2.477196533177228588e+01 -8.353259680199014880e+00 -1.334659826885358491e+01 -1.513520094650857928e+01
-6.349692172599493745e+01 -2.618720626420706665e+01 -2.850781224951570536e+01 2.264278718372918320e+01
-7.426557611408738069e+01 -1.720177618172014533e+01 -3.685637652433522504e+01 1.713432570589191073e+01
-9.123269124692008347e+01 5.419622145397689650e+01 -2.675935841262058190e+01 -1.686326541659128964e+01
-1.277528535935419285e+02 -2.091606516427462381e+01 -2.252988958737076430e+01 -2.913803314982416026e+01
-4.074562523930974578e+01 -2.673316991188032432e+01 -1.886188799330989596e+01 -9.647795229060113797e+01
-2.561293292240046426e+01 -3.284376873222333870e+01 4.349838973437014999e+01 -5.853223935547084267e+01
1.544338135851191929e+01 -4.359216230079388055e+01 -1.543207379684645630e+01 -4.254105986491304492e+01
2.300365559127388693e+01 -3.409712623459250125e+01 -2.145435510689707215e+01 -3.499467094470578132e+01
-2.002684026725588851e+01 -1.661410716885651340e+01 4.160485326911607551e+00 -2.422888177200963611e+00
-4.009753857031273583e+01 2.254007354161621990e+01 -2.551654085422613960e+01 -2.406716345916543176e+01
-5.187812210737612872e+01 1.627062242389400026e+01 -3.499484565568959482e+01 -1.646529309823258558e+01
-3.973349575881184137e+01 -1.813546772458695244e+01 -5.057575173456410056e+01 4.729441881022018634e+01
-3.118209773151187036e+01 -3.269288476459233550e+01 -8.905457239608006148e+01 -2.001620934302888344e+01
-2.297180457026842504e+01 -1.055028397471479309e+02 -2.584898628195366754e+01 -2.488635685913665796e+01
6.557649138299554181e+01 -6.742265990917253760e+01 -1.512058852131771225e+01 -2.970042430192615868e+01
-1.975394774111619967e+01 -5.005840855189196503e+01 1.787313728521107947e+01 -4.033166274747803470e+01
-3.197103231211660557e+01 -4.135804406644471953e+01 2.288565989715666049e+01 -3.129636473773467742e+01
-2.477193474988597899e+01 -8.353277893746662741e+00 -1.334659893492668914e+01 -1.513520420369496122e+01
-4.545562313936726184e+01 -3.822073861365380765e+01 -3.195674643605759258e+01 -3.510427374653361454e+01
-2.476818881178651921e+01 -1.660482425680607221e+01 3.801699027719783075e+00 -1.507723701404885652e+01
-1.546376844959587800e+02 3.396889830070693961e+01 -1.117493978578004743e+02 3.446293818365126782e+01
-1.546470808542252087e+02 3.394303794988397982e+01 -1.117545650140055358e+02 3.446905293634912226e+01
-2.473577370622139426e+01 -1.660873720307002088e+01 3.828960951820335801e+00 -1.506552226128135885e+01
-4.560642436822297441e+01 -3.800445499148936790e+01 -3.205395597763997273e+01 -3.512330523564390461e+01
-2.003768379321133608e+01 -8.547472349908936451e+00 -1.348367136062776694e+01 -2.180820902901356995e+00
3.364591371177507284e+01 -1.300356540630674829e+02 3.492500994187922458e+01 -1.205555197210275651e+02
3.364188510541001875e+01 -1.300430825249692930e+02 3.491936616011069106e+01 -1.205660916734997272e+02
-2.002107770432237643e+01 -8.505238732731816853e+00 -1.348096350346971839e+01 -2.153181966734226460e+00
-4.531092578093575440e+01 -3.815787205252054548e+01 -3.208543877463956306e+01 -3.527388422999317186e+01
-2.479905951619940652e+01 -1.660500925020725305e+01 3.825977530506288637e+00 -1.508267532491789531e+01
-1.545771886972951563e+02 3.397281226471596938e+01 -1.117906088763600820e+02 3.447248626908402969e+01
-1.545834815727466776e+02 3.395198476157844425e+01 -1.117950655994230971e+02 3.447309851208345322e+01
-2.477173708758656900e+01 -1.661355215977346234e+01 3.850126475585072150e+00 -1.506727426991814767e+01
-4.540616101339071520e+01 -3.820152781998989866e+01 -3.215486648224125332e+01 -3.506356040083279879e+01
-2.003290064123696013e+01 -8.513833521425302919e+00 -1.348619914189344904e+01 -2.198518895858629030e+00
3.364049321826605166e+01 -1.300882077513853119e+02 3.492573050361952625e+01 -1.205159062346359207e+02
3.364192480474626734e+01 -1.300875322516133394e+02 3.491689166559072532e+01 -1.205189605489262448e+02
-2.002379526190426517e+01 -8.485655149275050491e+00 -1.348027995148290259e+01 -2.181826719866394093e+00
-4.545562809286745676e+01 -3.822071146829595278e+01 -3.195673253610804565e+01 -3.510426094091467775e+01
-2.354862382428764889e+01 -1.661679560034180980e+01 4.152552260354728908e+00 -2.436944845731654929e+00
-3.994176819189546279e+01 2.253270682290501270e+01 -2.550952384646042503e+01 -2.412198256256107953e+01
-5.215398028966232857e+01 1.627048676458442245e+01 -3.494814115207825012e+01 -1.644840169524656304e+01
-4.006944774444524171e+01 -1.813332727527545885e+01 -5.060185832112374982e+01 4.728716048043803255e+01
-3.117781529913446903e+01 -3.266490747787703697e+01 -8.903900100339774326e+01 -2.009372955122752558e+01
-2.315730823376334158e+01 -1.054625457446238386e+02 -2.584982137807586255e+01 -2.490737127224111092e+01
6.553833159549819243e+01 -6.746584065691529020e+01 -1.512158663940153147e+01 -2.989150144503024364e+01
-1.985551026422325904e+01 -5.001329848465841366e+01 1.787046600360029203e+01 -4.054322892856735905e+01
-3.193406893868999319e+01 -4.135127196226948598e+01 2.287099280840867266e+01 -3.112229345142501202e+01
-2.477645840893424989e+01 -8.350695056807278860e+00 -1.335201393413433735e+01 -1.514058272497738500e+01
-6.348310716491025119e+01 -2.610944509109755529e+01 -2.836805243305505897e+01 2.262161068201289638e+01
-7.426718777169101315e+01 -1.734246657665113389e+01 -3.705426721084972286e+01 1.713154161449435620e+01
-9.127804986809391607e+01 5.413013316590956947e+01 -2.696441785231205301e+01 -1.686822020315081261e+01
-1.277174981981905404e+02 -2.110603269284442973e+01 -2.254595775384194667e+01 -2.914838936252191459e+01
-4.072863971104655434e+01 -2.676160183498971179e+01 -1.896845523727331440e+01 -9.647760052980879664e+01
-2.561503791679924902e+01 -3.310261621396701770e+01 4.347771403958724079e+01 -5.855607995936564691e+01
1.544154722127497692e+01 -4.380837412247095841e+01 -1.546871613804104584e+01 -4.248882898347132908e+01
2.298328495948529238e+01 -3.396681826345341904e+01 -2.146252960718324587e+01 -3.501388669271732823e+01
-2.354867267364220140e+01 -1.661679603142412276e+01 4.152558482426335296e+00 -2.436950768174217075e+00
3.361320374786770060e+01 3.397770142350866962e+01 -1.114315454876823992e+02 -1.208106941720684659e+02
-2.083898787008191178e+01 -3.347663783308521435e+00 -3.529803323673585425e+01 -3.416016085819167358e+01
-1.928582056489983998e+01 -1.634902438104855804e+01 -5.113556350614513946e+01 -7.436847658300160369e+00
-2.000517593545835382e+01 -5.131685469504469665e+01 -5.084388504324434876e+01 1.836827031945288127e+02
-2.574575703836600482e+01 -5.370464640693585778e+01 -1.302608347733436176e+02 4.097544939446699175e+01
4.017859189811992593e+01 -7.730329212807852457e+01 -2.318989996839013656e+01 -8.650569586771748476e+00
-2.545206615538276651e+01 -7.626382406699823946e+01 -1.793630389194795072e+01 -8.649900228796990831e+00
-7.674307147788839245e+01 -3.425010946787848098e+01 -3.992494257350295328e+01 -2.141582170429767373e+01
-5.576435369896709915e+01 -6.586906237461860769e+01 -2.071364710852596858e+01 -2.946766199277011467e+01
-1.034985598130656825e+02 -1.724106505787829136e+01 -6.996847620060283823e+00 -1.936437971907918509e+01
-1.034330486938857945e+02 4.054221355436300911e+01 -6.726200159979026871e+00 -2.564179731322632705e+01
-7.382096791539360936e+01 -2.729793253063506953e+01 4.148774868177923736e+01 -1.453036207898255157e+02
-6.025371643602080240e+01 -1.780095240696421754e+01 1.819822882915454443e+02 -5.896208856755039562e+01
-2.402316942045855086e+01 -1.490049480577630980e+01 -5.414613458981177629e+00 -6.037738799991401351e+01
-4.490159217186741714e+00 -1.871512905069962684e+01 -3.095261591908759158e+01 -4.411757740851059850e+01
3.361320381877037988e+01 3.397770121216318273e+01 -1.114315309757298849e+02 -1.208106534844149991e+02
3.370093720167627538e+01 3.401356558327752566e+01 -1.114402358534215693e+02 -1.208159724050738504e+02
-8.423810230016117657e+02 -1.697844385840820181e+01 -4.280510811649818947e+01 -2.788648059495407949e+01
-1.179840734955863155e+02 -4.542973331582716412e+01 -4.967381555333884080e+01 -8.293379325141968295e+00
3.679941482899461391e+01 -4.999250204234508743e+01 -1.277554870514224916e+02 -9.045112340523225214e+00
-2.229847237985869057e+01 -5.034180410975861975e+01 -1.905127660633040065e+01 -3.845687212595534561e+02
-7.230716403926686553e+01 -3.509822652412736943e+01 -1.741546425007508603e+01 9.071677760443725447e+01
-5.636134844826924706e+01 -6.184252544041417821e+01 8.931571077215443211e+01 -1.835614226273876071e+01
-7.490825898684917661e+01 -1.640553738496963376e+01 -3.879172681663860658e+02 -2.138765059439640837e+01
-6.994092086288316068e+01 3.367371046875106089e+01 -7.883563129035391803e+00 -1.425304272108533894e+02
-5.161419130264960131e+01 -1.285583732724524566e+02 -6.407993155657338846e+00 -5.788610583704173251e+01
-2.027027125138940278e+01 -8.510711401247142476e+02 -2.464524612895896638e+01 -5.090609224828354940e+01
3.370093721599970849e+01 3.401356566097635437e+01 -1.114402382886885334e+02 -1.208160337479226740e+02
-1.998429175977689098e+01 -1.658769502818476482e+01 4.189519692448829602e+00 -2.409894669287160784e+00
-2.145257002833295701e+01 -4.432509907674113236e+01 -8.804727640784473408e+01 -1.204646435507623359e+01
-5.260511745540959083e+01 -1.115325370507967193e+02 -2.281548452788637960e+01 -8.196276973440733471e+00
-1.409972760044176425e+02 -4.424708056422279867e+01 -6.277175394678874198e+00 -2.531538952589050950e+01
-5.445339293897767874e+01 -1.697561805014669645e+01 -9.931952813769180821e+00 -1.101075828118711684e+02
-1.998428614452388885e+01 -1.658769179537481264e+01 4.189521912714669227e+00 -2.409845000821373873e+00
-4.558394295426990794e+01 -3.822666531497952747e+01 -3.216266989682490163e+01 -3.526071720070527959e+01
-4.558394242744321900e+01 -3.822668897103486074e+01 -3.216266728877939585e+01 -3.526071538593231480e+01
-4.558394295426990794e+01 -3.822666531497952747e+01 -3.216266989682490163e+01 -3.526071720070527959e+01
