1.493393357406578161e+02 -6.693031354196493510e+01 6.197118070586725702e-01 6.013796561168769728e+01
2.286555659331285710e+02 -7.043900899846617847e+01 1.878325014351953470e+01 3.298466578246257086e+01
4.667077739812091295e+02 -6.516653475880502810e+01 1.376648753108587142e+00 7.665992978717143025e+00
4.493520168922952962e+02 -8.552720918429255903e+01 2.635081398812017284e+01 -1.880045617486464948e+01
5.615529741728922772e+02 -7.186172114843168401e+01 2.932212820189946356e+01 -4.788432404819116783e+01
6.268791974900664172e+02 -4.976834883663020292e+01 3.151484279355096163e+01 -6.844739428866729725e+01
6.149747220374874814e+02 -2.964146801508758955e+01 3.303917225620031672e+01 -8.661510869371458909e+01
5.426986214338317041e+02 -1.819152206196038790e+01 3.392116381659015900e+01 -1.004297935541202378e+02
4.513818977362010969e+02 -1.782676871241738326e+01 3.421551351356188064e+01 -1.084350554674220177e+02
3.686609514592987011e+02 -2.958205888808385708e+01 3.399205827777006306e+01 -1.091271805541221340e+02
3.038176176546622855e+02 -4.637463354641388946e+01 3.333840663394619952e+01 -1.007134477539811428e+02
2.934050952601667746e+02 -8.282185258691299623e+01 3.235523154167604787e+01 -9.527915076051498033e+01
2.537628146738349528e+02 -1.325679323283392819e+02 3.115204248437511936e+01 -4.760610554515523063e+01
2.273996418643982906e+02 -1.941901141116098017e+02 2.984213631190976557e+01 5.644047685537663561e+00
2.027038693323986820e+02 -2.665357896281141166e+02 2.853500814065565550e+01 8.093586056768393178e+01
1.993998094741879754e+02 -3.420792471363659502e+02 2.732777670113228297e+01 1.848426146909883983e+02
1.927406654334336054e+02 -3.831524488008616913e+02 2.629520512020689793e+01 3.081006871747836158e+02
3.334926859342208445e+02 -4.554434905353483742e+01 3.256487100660099543e+01 -3.364264902341651009e+01
2.484256123685155444e+02 -3.114980869533232521e+01 3.294024616825497276e+01 -4.121105742023389951e+01
2.291643713624562508e+02 -2.186002309594697834e+01 3.253474075571109836e+01 -4.579053713729453534e+01
1.999679334392930059e+02 -1.720942167305410564e+01 3.152263566073364842e+01 -4.766526713794112879e+01
1.730139186160687927e+02 -1.523463877962539037e+01 3.011702574834920298e+01 -4.705669602929608430e+01
1.681038384761687041e+02 -1.429095047256807582e+01 2.856158209819271576e+01 -4.439141038092265035e+01
1.662912643948430969e+02 -1.259024951995749042e+01 2.709405162859090765e+01 -4.013382519327533515e+01
1.656096126273764639e+02 -7.613121003515102458e+00 2.589130642723644016e+01 -3.627023324248751379e+01
1.651636208175281979e+02 3.530813773175823567e+00 2.502932314253647306e+01 -3.572549566860442383e+01
1.646674180603348248e+02 1.901077435198305210e+01 2.447260238304072288e+01 -4.281910729829220941e+01
1.642046235115764432e+02 3.925105978471519563e+01 2.413077982139377298e+01 -5.528106678646074101e+01
1.639413671282929670e+02 5.451925116346693301e+01 2.389948266165733770e+01 -7.331460133961809333e+01
1.639255297258026758e+02 5.172937138263913681e+01 2.369317201883344381e+01 -8.849570862055259113e+01
1.641426236374730934e+02 2.921943163621600448e+01 2.345876744983221940e+01 -9.397520816259090282e+01
1.644585549625278986e+02 -1.344681529736926784e+01 2.317808106545089686e+01 -8.399080445519985005e+01
1.647204763663516758e+02 -7.617998773941560842e+01 2.286407305567442450e+01 -4.958912256058005852e+01
1.648369001764274913e+02 -1.595099563562172023e+02 2.255267027457508888e+01 1.489493102484624387e+01
1.647714331253820319e+02 -2.613260181669370468e+02 2.229155985868272793e+01 1.221040749918307142e+02
1.645391502617620176e+02 -3.635559866816245744e+02 2.212806778598088542e+01 2.747259153890935863e+02
1.642123691695047114e+02 2.932825422140276714e+03 2.209740840786240668e+01 -2.323260193487869856e+02
1.660007651298552105e+02 -1.524600036527821700e+01 2.905540903672616437e+01 -4.403969944966385697e+01
1.654233361109243106e+02 -1.499795851387671597e+01 2.674034951760399537e+01 -3.799240845131594568e+01
1.647326134973859268e+02 -1.435809385095867441e+01 2.491081145955536513e+01 -3.337278236207851734e+01
1.643226125941143039e+02 -1.386540691159113159e+01 2.373381513570359047e+01 -3.142016910781494943e+01
1.644507429518708079e+02 -1.396275414538107462e+01 2.310743372621641711e+01 -2.574563508199223705e+01
1.648934910157224749e+02 -1.452168973990671574e+01 2.285017949685719074e+01 -2.209509511843742402e+01
1.652283365668076556e+02 -1.481406231613655677e+01 2.280622875416500506e+01 -1.964588524767601996e+01
1.651938144551816663e+02 -1.437768049693931971e+01 2.287604077665979219e+01 -1.840570243367940861e+01
1.648430979045198512e+02 -1.366533333633191738e+01 2.300346659282671880e+01 -1.841014982452400872e+01
1.644341652749669436e+02 -1.329790355831152304e+01 2.315620939839721970e+01 -1.899441885205927960e+01
1.642642831578058349e+02 -1.229620065263975270e+01 2.330984630477871278e+01 -1.960497044391484422e+01
1.644355559861267295e+02 -6.363233185121739410e+00 2.343819703554305178e+01 -2.206351685121973105e+01
1.648403744400816890e+02 1.013931550813746973e+01 2.351110994241161123e+01 -3.262773452981944189e+01
1.652310378779218354e+02 3.553217640932242460e+01 2.349951766319868085e+01 -4.963227269212340076e+01
1.654225889875810367e+02 5.451835914073424760e+01 2.338571354669452163e+01 -7.140194502555920053e+01
1.653027744514986352e+02 4.684460666435756337e+01 2.317449399767615859e+01 -8.984429818094059783e+01
1.649569102756446739e+02 8.494009611447658870e+00 2.289933024858697053e+01 -8.972572506275604098e+01
1.645469133132127979e+02 -6.157943285729370331e+01 2.261899376939822304e+01 -5.672127757273104720e+01
1.642413045215176055e+02 -1.692901070052344608e+02 2.240379645334689229e+01 2.293651190286892216e+01
1.641281849676999798e+02 -3.023107714597172730e+02 2.231486439858431581e+01 1.744452999996840390e+02
1.642067671943958089e+02 -3.551486660127342816e+02 2.238308596683311791e+01 3.571318193551868490e+02
1.652588086200946123e+02 -1.558900657730044692e+01 2.378901338685357558e+01 -2.771058911554033344e+01
1.652925734205578010e+02 -1.487495152859916914e+01 2.320288317540900991e+01 -2.122851073925824394e+01
1.648512097240118521e+02 -1.392535987649287854e+01 2.298565191394763119e+01 -1.908251189970316375e+01
1.645539230026820405e+02 -1.392206511755486886e+01 2.290909029489894522e+01 -1.912052305205239833e+01
1.647673434797021059e+02 -1.472729677218112165e+01 2.285249666849886552e+01 -1.920165270914558064e+01
1.653444117912750357e+02 -1.504292408219553856e+01 2.278492279573618262e+01 -1.840000083855992230e+01
1.656948146994024569e+02 -1.447224854042340425e+01 2.272541868497951967e+01 -1.753986024390095011e+01
1.654602059873941471e+02 -1.383158743710241367e+01 2.270528695359918814e+01 -1.775188104172702452e+01
1.648239608214452403e+02 -1.392593749464111141e+01 2.274503238265071303e+01 -1.868134331658148639e+01
1.642908760702697180e+02 -1.431852956738813809e+01 2.284583146732059689e+01 -1.913714397477242457e+01
1.641963574336077158e+02 -1.427148958466255202e+01 2.298986177079343918e+01 -1.879819765278355348e+01
1.645036640860928117e+02 -1.410580745787454759e+01 2.314477652294907983e+01 -1.846327393366180303e+01
1.649297170507744852e+02 -1.413035993604534468e+01 2.327124659180595145e+01 -1.852996030411569350e+01
1.652037221402322587e+02 -1.094965611004501760e+01 2.333316192527208699e+01 -1.965388375011217192e+01
1.652283303329217006e+02 3.724306388181862104e+00 2.330859349278521364e+01 -2.770726599626133080e+01
1.651140417688444302e+02 3.308634875254049490e+01 2.319927733907831779e+01 -4.663056368481827008e+01
1.650691412795818280e+02 5.570090393351150482e+01 2.303570811452302536e+01 -7.351197144142244611e+01
1.651815364867487972e+02 3.725285953385481719e+01 2.287368824184520477e+01 -9.142111242319292330e+01
1.654267113683654884e+02 -2.709469736159983455e+01 2.277820316266828016e+01 -7.670287974923211038e+01
1.656769800393770709e+02 -1.398469037779793211e+02 2.279668967375481969e+01 -3.342961429316809174e-01
1.657956761507146837e+02 -2.962576470528167079e+02 2.293290456495338958e+01 1.661433466777480419e+02
1.653085681334473804e+02 -1.497707227821234000e+01 2.311427510255956008e+01 -1.856129017250828639e+01
1.661289356089244507e+02 -1.462997470696502234e+01 2.314641192853062535e+01 -1.775839162838642338e+01
1.658913584905531593e+02 -1.449759305721518921e+01 2.316615184319191911e+01 -1.807341785862714190e+01
1.649488418457183911e+02 -1.469297480507977838e+01 2.315652402127286535e+01 -1.852694556600000197e+01
1.645146051716106399e+02 -1.462388610319892912e+01 2.311568109973570628e+01 -1.828354553398542137e+01
1.648602410315287727e+02 -1.449310670391043132e+01 2.303418104925059851e+01 -1.771868240365255076e+01
1.654484745397456038e+02 -1.461277888475843056e+01 2.290474645106311513e+01 -1.789185100721842403e+01
1.741956130905813893e+02 -1.452140891580870807e+01 2.274445050670264123e+01 -1.853504857044603682e+01
1.655879523632193298e+02 -1.420616429379739465e+01 2.260161035031448407e+01 -1.862166998658343786e+01
1.788979478346008705e+02 -1.418185209678438241e+01 2.253604864515457251e+01 -1.806711535544905445e+01
1.656491169051462577e+02 -1.448602273676341134e+01 2.258441940636850020e+01 -1.776994457444130404e+01
1.657623616606183248e+02 -1.457225763548831310e+01 2.273322955775413590e+01 -1.801997754124838380e+01
1.656141326398634703e+02 -1.432634954918811410e+01 2.291872641407663025e+01 -1.843799957340222306e+01
1.735071638361953603e+02 -1.413821048377977263e+01 2.305707982095578146e+01 -1.887052932648079207e+01
1.858412793896077631e+02 -1.375045923578233698e+01 2.308928716375500301e+01 -1.867934995389160946e+01
1.730018127732724338e+02 -7.788321504920648231e+00 2.301528180420719139e+01 -2.033422753108689562e+01
1.651293875561437403e+02 1.592138925090508117e+01 2.289663983420279081e+01 -3.721772303947059157e+01
1.653509706791765268e+02 5.040063521752461639e+01 2.282493589033194326e+01 -6.369772958827116582e+01
1.654579644726012191e+02 4.369056521841587681e+01 2.287037709028062338e+01 -9.044149513917029992e+01
1.654305616347823786e+02 -2.485320649613327504e+01 2.303679691238263416e+01 -7.683486706200245919e+01
1.654246934285334589e+02 -1.601001403241231174e+02 2.325076063237953861e+01 1.951204933028172661e+01
1.650156499685035385e+02 -1.430620924820442852e+01 2.269413195133832417e+01 -1.802627904700339201e+01
1.784493263523972360e+02 -1.477020683141968682e+01 2.273315298266000539e+01 -1.738207419480330529e+01
1.657717782255172096e+02 -1.492038709209217018e+01 2.288070539533778458e+01 -1.767732053458086483e+01
1.658533973486874800e+02 -1.439207514522059128e+01 2.307753433609862981e+01 -1.828202499237439227e+01
1.658750410607825359e+02 -1.456212403871254146e+01 2.323765463217076999e+01 -1.829952150980734515e+01
1.798918780301220863e+02 -1.491537063596985568e+01 2.329824303609898450e+01 -1.788015460031590464e+01
1.795336383689441107e+02 -1.452388812295583165e+01 2.325028663628026848e+01 -1.774361035837415912e+01
1.654629711654560253e+02 -1.440762396499526865e+01 2.313612074769813631e+01 -1.794074902768187485e+01
1.652464031162340632e+02 -1.450090656049888338e+01 2.301892442188071186e+01 -1.806986321597576506e+01
1.655653093651651204e+02 -1.424454752284163561e+01 2.294635175710159558e+01 -1.781697099915204063e+01
1.802921437390112374e+02 -1.458189320941159295e+01 2.293078628210951919e+01 -1.771536563819751819e+01
1.807300838638798268e+02 -1.486068848714132962e+01 2.294923932359163388e+01 -1.835003356619658632e+01
1.663851241273968924e+02 -1.416256849992597111e+01 2.295750836410264029e+01 -1.881041532873087974e+01
1.662109959573639628e+02 -1.410011420486167211e+01 2.291618123531709372e+01 -1.798733151004025643e+01
1.661053703643372046e+02 -1.447997743082321875e+01 2.281832147797154065e+01 -1.785405634906671324e+01
1.660260535784291847e+02 -1.392981500633097092e+01 2.270059351676191284e+01 -1.903886032526245842e+01
1.658358877756068637e+02 -1.046390603890665361e+01 2.262712631889310444e+01 -1.948632719646581180e+01
1.792866271496814079e+02 1.124575136784653395e+01 2.264940322322883404e+01 -3.290105324027243228e+01
1.654619802469603087e+02 4.836205357343784073e+01 2.276199817396392078e+01 -6.385915132244844017e+01
1.792069801350300793e+02 3.951246039670392918e+01 2.289140251898965772e+01 -9.281102575227400564e+01
1.794224343156067789e+02 -5.447060163827084267e+01 2.294065428387544969e+01 -6.104394991183853136e+01
1.658894005183537672e+02 -1.450458526517743785e+01 2.316298092626178118e+01 -1.772356927597920873e+01
1.664875179461461130e+02 -1.494805095717310905e+01 2.305702083409651237e+01 -1.730113034922554505e+01
1.665380235350045552e+02 -1.451746001100202754e+01 2.295455351568808666e+01 -1.773595090710501765e+01
1.657833926167288325e+02 -1.473351527668632421e+01 2.286930213004200496e+01 -1.833251682981833497e+01
1.796872302056804642e+02 -1.471640309677816916e+01 2.281663664159025373e+01 -1.800122772660300541e+01
1.760376796595017765e+02 -1.452400605579773973e+01 2.280528696738832295e+01 -1.716875163077895294e+01
1.817372849623784816e+02 -1.492749290630410641e+01 2.282161747037025989e+01 -1.741722315978423552e+01
1.666754491837847354e+02 -1.431371441952827794e+01 2.284295372528008272e+01 -1.833725679599537273e+01
1.662795774177145631e+02 -1.427871742318489190e+01 2.287141380278535152e+01 -1.803643956338500587e+01
1.660795026388711335e+02 -1.499499865950362043e+01 2.293498164601211897e+01 -1.742549042001817483e+01
1.660300941755889994e+02 -1.423979622157423108e+01 2.304898297889482706e+01 -1.827890376414895712e+01
1.886306878545805716e+02 -1.437715735278697693e+01 2.318342377802172649e+01 -1.846818808044003646e+01
1.664736362970848802e+02 -1.500470412929579389e+01 2.327183734585964103e+01 -1.717684180890187307e+01
1.821102886299208876e+02 -1.403061974982236748e+01 2.326457110983874088e+01 -1.793313151886253465e+01
1.823901485136054532e+02 -1.416288053580923290e+01 2.318349665437875373e+01 -1.915120820084423414e+01
1.821372450178053271e+02 -1.441756810984248993e+01 2.311276476005067693e+01 -1.804898797187187398e+01
1.817111314387263121e+02 -1.364501784896584802e+01 2.312430706015202375e+01 -1.820167694662203317e+01
1.813529272583994327e+02 -1.073786077754135349e+01 2.320657138088056115e+01 -1.983218844502110301e+01
1.664012750617388861e+02 1.468447170990258321e+01 2.326631285859016174e+01 -3.803723940173219376e+01
1.662461755372316077e+02 5.553291120734652964e+01 2.321491745137948826e+01 -7.388227445167741791e+01
1.807045961534838625e+02 1.086609480719637943e+01 2.306619608229626550e+01 -8.947414784296621804e+01
1.890165597044397998e+02 -1.492408698412666546e+01 2.284615025673815936e+01 -1.783732337661604817e+01
1.806849106399549783e+02 -1.448612293923276795e+01 2.288380133626435509e+01 -1.739231550097563783e+01
1.668562359723791531e+02 -1.500522979375843313e+01 2.294219697964125970e+01 -1.755006691759511739e+01
1.671839799130651443e+02 -1.456700482047071077e+01 2.304899372890099229e+01 -1.801449660532301067e+01
1.667646500481720295e+02 -1.461996258008954364e+01 2.319162551196591693e+01 -1.740374467451292517e+01
1.813823048368101922e+02 -1.504681493671634307e+01 2.329170710690742041e+01 -1.699425531325922023e+01
1.817470707900482410e+02 -1.421494199565361605e+01 2.327531360097023949e+01 -1.811048065502565407e+01
1.670102609421905129e+02 -1.480225044170175508e+01 2.315333700607776279e+01 -1.829531722369888413e+01
1.788284537360855495e+02 -1.454521613359709775e+01 2.302334233357757398e+01 -1.722740299995127700e+01
1.909930873358317456e+02 -1.436352713943543868e+01 2.297358921454323877e+01 -1.779677012411594461e+01
1.666914144542490703e+02 -1.486067536811825818e+01 2.299071383724866990e+01 -1.821116849781013158e+01
1.664775249364078888e+02 -1.429587702440747243e+01 2.298466000080378890e+01 -1.740137813872036432e+01
1.667181940751381148e+02 -1.453879776485466380e+01 2.289428071183629143e+01 -1.808975768104940585e+01
1.830530978507361510e+02 -1.447863409516611455e+01 2.276431949051281123e+01 -1.842942438264492466e+01
1.674629210848490004e+02 -1.417190991414848078e+01 2.270588392241321785e+01 -1.763312840167804652e+01
1.676891337378252729e+02 -1.445757473046023911e+01 2.277005396340621246e+01 -1.809551654034394019e+01
1.677280798802139543e+02 -1.414168715496796480e+01 2.288398907810400118e+01 -1.854588466627582477e+01
1.674975620057551566e+02 -1.401839348486359427e+01 2.292535025067773802e+01 -1.845680309763383420e+01
1.671844210732973579e+02 -6.548980609107046824e+00 2.286108419265028857e+01 -2.094724290643861409e+01
1.669810966742026892e+02 3.512761388180733491e+01 2.279466412741280834e+01 -4.835315012912601418e+01
1.668777329583313076e+02 4.583457531606873658e+01 2.284589920907400540e+01 -8.923897167597026225e+01
1.673380140212965159e+02 -1.449895378170894489e+01 2.325697038883660639e+01 -1.796804100242205493e+01
1.675625859399402202e+02 -1.503933658396991113e+01 2.322851831241716170e+01 -1.712777135459878508e+01
1.826690545570244240e+02 -1.466245797619355429e+01 2.315715142151063333e+01 -1.722085602943275617e+01
1.668942395272577528e+02 -1.474902125992624669e+01 2.307239007393202002e+01 -1.776870048889446707e+01
1.677860808087849875e+02 -1.487594795864420583e+01 2.300819870944395618e+01 -1.717225310630692547e+01
1.679128083381685030e+02 -1.453067087562692983e+01 2.294129764647168557e+01 -1.739438410315720063e+01
1.670802548130117771e+02 -1.480114079544654615e+01 2.283570263828896785e+01 -1.820270691621041692e+01
1.670700522564253561e+02 -1.439297080049017374e+01 2.274821667418257576e+01 -1.749460106570531082e+01
1.677982388065760802e+02 -1.481550139345918815e+01 2.278103036105102674e+01 -1.721073373677416640e+01
1.682044847582180296e+02 -1.440380768497311514e+01 2.288664650544404822e+01 -1.795539003845063419e+01
1.679723470265521996e+02 -1.475054151967129101e+01 2.280049644266512132e+01 -1.788540278794908644e+01
1.674449780718859415e+02 -1.430574145601491409e+01 2.225443194039065276e+01 -1.757570172217322124e+01
1.671890187616895389e+02 -1.460067555379792914e+01 2.123416164532543604e+01 -1.801857084219053817e+01
1.675160426014278983e+02 -1.426032360699245771e+01 2.003346165458230388e+01 -1.800540874945398429e+01
1.681251889335317458e+02 -1.461802892413632549e+01 1.907634393186017263e+01 -1.735731976574285085e+01
1.685042669068586747e+02 -1.444566911404148080e+01 1.871413433775566304e+01 -1.842004377492619582e+01
1.685205363564348886e+02 -1.390257803304479900e+01 1.917812149766210439e+01 -1.826991293588113408e+01
1.683407392513634022e+02 -1.436141956254734708e+01 2.060434804269735309e+01 -1.789236390080726835e+01
1.680507132413116835e+02 -1.298003927396760204e+01 2.294013869588505372e+01 -1.911309311300866653e+01
1.677332306805481892e+02 7.347672535274698546e+00 2.586007524724935891e+01 -2.974653463693901756e+01
1.675426542347583165e+02 5.517207558553685942e+01 2.886158166914649925e+01 -7.345336399324527576e+01
1.673103755171256068e+02 -1.495819418604559914e+01 2.021391146099875158e+01 -1.781623729382945598e+01
1.676519716851517785e+02 -1.474920178891781397e+01 1.833146248584256455e+01 -1.675314640268989663e+01
1.686314639305612673e+02 -1.493884880161388828e+01 2.331716924097682409e+01 -1.709679214834761041e+01
1.677100937688896352e+02 -1.469226442389759058e+01 3.766860903151741979e+01 -1.768000683950086582e+01
1.676373381560863436e+02 -1.491222692326988941e+01 5.234223719328150537e+01 -1.719194972520277176e+01
1.686138185760562749e+02 -1.454440462598409667e+01 4.726279642699589800e+01 -1.746241923263365692e+01
1.686495336782851382e+02 -1.480569926289205718e+01 1.437976142169765126e+01 -1.784389916582558655e+01
1.678871803436208552e+02 -1.451129085615810688e+01 -2.840449512551203526e+01 -1.711382901134772894e+01
1.679309987981126824e+02 -1.480377336686914092e+01 -4.034816682322895076e+01 -1.732226126189757309e+01
1.688532827585628979e+02 -1.443087139836271326e+01 -3.513843622984501991e+01 -1.821934994888528081e+01
1.691753435763962443e+02 -1.464883914748283900e+01 -1.952388047504146229e+01 -1.729723206128900514e+01
1.684883727565183733e+02 -1.437472302451077866e+01 3.377972187077833421e+00 -1.764566684038732802e+01
1.680369860452900070e+02 -1.453493272894586497e+01 2.842308833321839501e+01 -1.812369143113437175e+01
1.683045363145502336e+02 -1.459213256267785397e+01 4.923062135244177995e+01 -1.707314115119744358e+01
1.689032111550215234e+02 -1.415054590875708662e+01 5.932586199630627277e+01 -1.851242162594175511e+01
1.694457296010638743e+02 -1.468706515233428256e+01 5.860988839398915218e+01 -1.765593529878013612e+01
1.694977678950568247e+02 -1.391723438770524446e+01 5.137641616374341424e+01 -1.774903363290663094e+01
1.690941820815237406e+02 -1.455128574679394937e+01 4.219617267244471748e+01 -1.859897862171834859e+01
1.686933342373027074e+02 -1.369438717827211960e+01 3.378353398568758337e+01 -1.791421174916313674e+01
1.684448426195259287e+02 -8.130118992558355018e+00 2.718066963031643724e+01 -2.061748517019638882e+01
1.683311636523175423e+02 3.849511624938937615e+01 2.253988395487786534e+01 -5.217473189688925572e+01
1.691256959354426499e+02 -1.484742941068779842e+01 -9.997801311946065139e-01 -1.749279612224403380e+01
1.682953509099860128e+02 -1.505028263998664251e+01 4.493617559216205137e+01 -1.650060867377796825e+01
1.684568486417669817e+02 -1.466456219556473251e+01 5.852796729452548874e+01 -1.706274191143994656e+01
1.694760281211956396e+02 -1.510338878926116202e+01 3.615910427188160270e+01 -1.765369282365220016e+01
1.686157628294760400e+02 -1.447287613532367523e+01 1.799838054174003688e+01 -1.702264436292856686e+01
1.685927946817995746e+02 -1.500493050754629287e+01 1.503855140301894089e+01 -1.734675814864490562e+01
1.698496951637695247e+02 -1.443823104544962455e+01 1.877745683732009851e+01 -1.760048988195005393e+01
1.693190506726512297e+02 -1.493732862523391347e+01 2.205765888833938249e+01 -1.680225384502868025e+01
1.686148964238468295e+02 -1.437966644053690146e+01 2.313802529324075863e+01 -1.785446419706953591e+01
1.694988112736929793e+02 -1.474666944872776675e+01 2.311771013189076385e+01 -1.766190558125999033e+01
1.702192746360665012e+02 -1.438317991618150415e+01 2.300708262350723032e+01 -1.712506624298792701e+01
1.696823180311253623e+02 -1.467426830256711767e+01 2.299562223200334543e+01 -1.795471992108440773e+01
1.689881064415019409e+02 -1.439306519156515485e+01 2.294012563605001986e+01 -1.732470251224940938e+01
1.693149261266348731e+02 -1.441740299823746874e+01 2.281993510931836155e+01 -1.779508972791739652e+01
1.702076954939387861e+02 -1.446100600008833403e+01 2.277196106634719541e+01 -1.792218939693925961e+01
1.706277780686484107e+02 -1.429267604201577413e+01 2.284110275177216209e+01 -1.748096478617833327e+01
1.703766110105452753e+02 -1.457059864860914544e+01 2.289959973453717268e+01 -1.790424719835170819e+01
1.698218249439399017e+02 -1.390973213392615904e+01 2.286644135301724390e+01 -1.802821425427468682e+01
1.693867063313648771e+02 -1.421015006337844611e+01 2.284882588473143628e+01 -1.804337113465057740e+01
1.693139201395831321e+02 -1.286843336218409206e+01 2.292713545733858638e+01 -1.871649521791708182e+01
1.695302261102491457e+02 1.629084555813449953e+01 2.298977031171959240e+01 -3.918539633256400379e+01
1.686737289100858845e+02 -1.501233830798830482e+01 2.285587889523982597e+01 -1.722974882569736366e+01
1.702319780099466300e+02 -1.474877853727030796e+01 2.297076114268001490e+01 -1.573219729860677596e+01
1.691594378536983356e+02 -1.518329032494394326e+01 2.312727396921718537e+01 -1.729201556700437337e+01
1.697430415694805959e+02 -1.457270183750698678e+01 2.321649325442655609e+01 -1.913094407624716098e+01
1.705277797141514782e+02 -1.491967360770886408e+01 2.326637235838471085e+01 -1.649099609984006065e+01
1.693093699258444076e+02 -1.478997640809349434e+01 2.323669816438513536e+01 -1.816803708806386197e+01
1.703792471783472422e+02 -1.458320629857017892e+01 2.320034627767376278e+01 -1.855373428212271136e+01
1.709073295348957799e+02 -1.488028807996469460e+01 2.314839646680285412e+01 -1.856782213070110998e+01
1.697803801949356171e+02 -1.438015956075236090e+01 2.303785434477081751e+01 -2.010177531658945682e+01
1.703387771707449474e+02 -1.479601431881932960e+01 2.295495071587632196e+01 -1.943752553151527707e+01
1.715088995815669080e+02 -1.447424889197070463e+01 2.291504599146617593e+01 -1.970169769617713840e+01
1.708243075985732276e+02 -1.442146355323062679e+01 2.286145168828772611e+01 -2.041133952580242195e+01
1.700841153504029535e+02 -1.463267013822479434e+01 2.284180647087736205e+01 -1.927214847955254129e+01
1.707981237974327655e+02 -1.418935856939756945e+01 2.289077688937476651e+01 -2.040390260355087904e+01
2.013394330722465213e+02 -1.477302590866227128e+01 2.291996883044443223e+01 -1.889279643120869068e+01
1.718773363948089070e+02 -1.390386109926349256e+01 2.289936908687189288e+01 -1.897415176924020841e+01
1.710940148442822135e+02 -1.477337082177110794e+01 2.293464623462680763e+01 -1.820495083818838111e+01
1.705280680082880167e+02 -1.385335441534331657e+01 2.304153016633403439e+01 -1.836209584701428454e+01
1.706454928086791654e+02 -1.448043492633839868e+01 2.307838375914840512e+01 -1.887802973846845589e+01
1.711416986633409465e+02 -1.344779929982114375e+01 2.303444914516263964e+01 -1.730480977497787975e+01
1.717059136691326273e+02 1.216631848514617031e+00 2.306298613923147656e+01 -2.402176547844652532e+01
1.707194945183923096e+02 -1.481045831734345875e+01 2.296024527868121368e+01 -1.778400370362899352e+01
1.699675644825744598e+02 -1.530521790087706968e+01 2.308057918010386800e+01 -2.130460503164576735e+01
1.714528674683868417e+02 -1.468184714825624937e+01 2.322284178841564639e+01 -2.434290045747174958e+01
1.701274805159174832e+02 -1.482138972711299196e+01 2.327165391186877841e+01 -2.381618445055679345e+01
1.716611287675230528e+02 -1.508207555886269269e+01 2.328994760545084119e+01 -2.179738693687024664e+01
1.710997807483155384e+02 -1.451224910772689825e+01 2.323213051583180899e+01 -2.093580918605717045e+01
1.709467405057352778e+02 -1.478710100000903438e+01 2.314736484488458501e+01 -1.927867464723794910e+01
2.027195472914439449e+02 -1.483102982782429358e+01 2.307761403290467328e+01 -1.867546478135573906e+01
2.003527519348396027e+02 -1.435770240271091325e+01 2.302848512043005513e+01 -1.874790783171496145e+01
1.716154760032317483e+02 -1.488157882868072157e+01 2.292238532348123670e+01 -1.739842651852959676e+01
1.729820281071556280e+02 -1.430910196249159938e+01 2.284112239866061600e+01 -1.822040908916898871e+01
1.720044028978932147e+02 -1.456387813096092820e+01 2.289758054913100693e+01 -1.757552623373578271e+01
1.715229645241595620e+02 -1.456256032839421088e+01 2.293167757810219243e+01 -1.809910725712254731e+01
1.728775951648076443e+02 -1.420525723233536652e+01 2.287749887736928400e+01 -1.821421180679809737e+01
1.735539533801524499e+02 -1.453761906502183443e+01 2.291147979325647910e+01 -1.826415691169682276e+01
1.726608652695251749e+02 -1.432646743337685713e+01 2.303606783402905478e+01 -1.933501027899007596e+01
1.719399426757254901e+02 -1.443957200791908058e+01 2.306135717504294647e+01 -1.989923143443855480e+01
1.723073010383463100e+02 -1.652578797590908977e+01 2.302140434436891425e+01 -2.155330128045678251e+01
1.732833781073744888e+02 -1.657173877675073115e+01 2.308806150534453039e+01 -2.314613152418246855e+01
1.739975890554502485e+02 -5.773411708473313197e+00 2.317677515140428213e+01 -2.547003959260786488e+01
2.062815708736882527e+02 5.904342499257857924e+00 2.314122334190320274e+01 -2.703876557125920854e+01
1.715354180345184147e+02 -1.535588988858891213e+01 2.294539990025002751e+01 -1.677506100416623269e+01
1.716113752965841286e+02 -1.480410857503444610e+01 2.307122704515349554e+01 -1.624194838920110584e+01
1.720085990028260596e+02 -1.477812875409246551e+01 2.319572106591454386e+01 -1.730492711522492399e+01
1.722704144334799423e+02 -1.515370816029709289e+01 2.331700833217096758e+01 -1.698822533419539837e+01
1.720931277778487640e+02 -1.479880622665996448e+01 2.326986660381665928e+01 -1.673952800825186671e+01
1.733586849390746920e+02 -1.449999056501665429e+01 2.324520488832727949e+01 -1.734894023346588554e+01
2.024127621826747259e+02 -1.503901031183540482e+01 2.323069647452699726e+01 -1.657607980795848590e+01
2.061481443014948525e+02 -1.462219093848884377e+01 2.316091478821007144e+01 -1.747562924115895910e+01
1.728330699888883544e+02 -1.439131207773055188e+01 2.303209031187370215e+01 -1.722840288526820274e+01
2.049201453189558890e+02 -1.485036062704127602e+01 2.296177530649593734e+01 -1.691489416316030514e+01
1.748275559449322714e+02 -1.448834632447453608e+01 2.297152528926332238e+01 -1.757291392334812485e+01
2.048859312801903343e+02 -1.449292123153813350e+01 2.287391842705618572e+01 -1.697106100168531739e+01
1.736930490843400037e+02 -1.783988841013666971e+01 2.286328967412613977e+01 -1.778016066016302688e+01
2.088786892087532294e+02 -1.090043323182841561e+01 2.295225727929654980e+01 -1.708956449222478469e+01
2.076068976357805980e+02 6.177167635249645183e-01 2.291817895735034583e+01 -1.762334677615941203e+01
2.058078535997167648e+02 -3.957108646844131528e+01 2.288906315333017716e+01 -1.743395083713234328e+01
1.743573521682234855e+02 -6.363529603407699398e+01 2.300339913712665663e+01 -1.774285812588377098e+01
1.758029983265821556e+02 -3.400427581869156768e+01 2.306583393531641946e+01 -1.748942432898120103e+01
1.761971457101723217e+02 1.464255296752412949e+00 2.302758110901290678e+01 -1.792530083654038009e+01
2.094036086426613110e+02 -6.095158313061402211e+00 2.305906841897557413e+01 -1.787980108792661582e+01
2.079388278759924162e+02 -1.885101458435886812e+01 2.310925789796283425e+01 -1.853143689100004110e+01
1.721185734392498148e+02 -1.487909573815375452e+01 2.285210984795123679e+01 -1.645606984976570786e+01
2.060106477758730534e+02 -1.477526148775264758e+01 2.297621088682642565e+01 -1.624688174467360469e+01
2.033688097115066000e+02 -1.515241781504672502e+01 2.309202468809330355e+01 -1.723295689839032363e+01
1.747960770765759264e+02 -1.508286370634391815e+01 2.319185111130054366e+01 -1.665692926335855262e+01
1.729734211021646217e+02 -1.457237012745095228e+01 2.323355428910916132e+01 -1.691682937805857989e+01
1.753909996777649098e+02 -1.470047157716942898e+01 2.330587973274224467e+01 -1.700767008415570913e+01
2.058530651279713197e+02 -1.496304574027995749e+01 2.327348633772072972e+01 -1.649517932278443055e+01
2.101566277822487905e+02 -1.473071881801356753e+01 2.331091981801775148e+01 -1.750813690305304959e+01
2.078954568930683138e+02 -1.727989533201073868e+01 2.320719587063558009e+01 -1.682614817024098741e+01
2.094812140296711220e+02 -1.282473175311602098e+01 2.317182995548326474e+01 -1.711223549612319772e+01
1.767072649678609366e+02 -5.102336487763135864e+00 2.301535580849342466e+01 -1.719105956461674012e+01
2.087300928381044116e+02 -7.209615354373563889e+01 2.310786201369895565e+01 -1.705161454371058838e+01
1.769322909465215901e+02 -3.573885275213640256e+01 2.296372510343518769e+01 -1.762550320130537074e+01
2.131188089365681719e+02 4.329422295375751517e+00 2.281328080882483889e+01 -1.694419374290663427e+01
1.755660975002750206e+02 -1.733288199538053931e+01 2.302696048416016339e+01 -1.766817216600761498e+01
2.117704099159422810e+02 -1.944315655058533920e+01 2.296095527097042321e+01 -1.719117701616121963e+01
2.145069192959643942e+02 -1.455385075771610559e+01 2.272187076817933260e+01 -1.779178365326388089e+01
2.130689671032095873e+02 -1.407837695475040718e+01 2.283117126437439026e+01 -1.721020125159664005e+01
2.098484652715022776e+02 -1.428422524260841975e+01 2.303977272893142114e+01 -1.799273840304599048e+01
1.747750113583451537e+02 -1.405115186036337072e+01 2.305674782129046463e+01 -1.733410952351479750e+01
2.098403946502062922e+02 -1.329954045331461820e+01 2.299973944918835400e+01 -1.872562439135514012e+01
