2.334825943564504769e+01 -4.318755636603313519e+01 -5.166998496434982968e+01 3.600731808022239022e+01
-1.359401536882314510e+01 -2.782510373735206954e+01 -5.486992852478664418e+01 2.635155166849592945e+01
-2.606119691162834684e+01 -1.463977396548341403e+01 -5.603536587499165478e+01 1.345902483479555656e+01
-3.432869856889406890e+01 -3.450272227960494931e+00 -5.568685107425098124e+01 -2.022461165943750139e+00
-3.906710998240519217e+01 6.491684947120860194e+00 -5.427619124619280200e+01 -1.979697574203665766e+01
-4.064105962392284965e+01 1.522996537737314959e+01 -5.210003865460827654e+01 -3.908489138605987989e+01
-3.973631158234089611e+01 2.148327747604267657e+01 -4.947646940259947002e+01 -6.089094859983132579e+01
-3.712899956181621519e+01 2.554218207311234679e+01 -4.656258597684204403e+01 -8.564881952387092667e+01
-3.288961155326781949e+01 3.020052059524717336e+01 -4.351066815726474601e+01 -1.137270434667202608e+02
-2.759872910789222900e+01 3.568432159112224866e+01 -4.044790513758461969e+01 -1.455710829700244346e+02
-2.201981921025912925e+01 4.169716511806114312e+01 -3.748503482896970951e+01 -1.816965360650568186e+02
-1.673964098292434244e+01 4.232281979408445949e+01 -3.472007076102639900e+01 -2.226206366341112357e+02
-1.218110030827245716e+01 4.242005930373898792e+01 -3.223945852924061484e+01 -2.686139931492193682e+02
-8.556918680740059457e+00 2.834078850520188908e+01 -3.011398959054542246e+01 -3.800129127777138933e+02
-5.889296985092159709e+00 2.402820164266502800e+00 -2.839319539614180954e+01 -4.262364540351333630e+02
-4.070629052836564732e+00 -4.112991615519052147e+01 -2.709835459825285398e+01 -4.309257643589666031e+02
-2.929689846601222225e+00 -1.096263169553588170e+02 -2.621830408652149558e+01 -3.496806693767895240e+02
-8.383593604995121851e+00 -3.116141452302160542e+04 -2.571061173264964239e+01 -3.113857161838684988e+04
-9.452276531159728989e+00 -3.116109086621411552e+04 -2.550834708796856987e+01 4.969149342282101429e+02
-1.017785916744848151e+01 -3.116134921307446712e+04 -2.553231864215159064e+01 3.059235852598180827e+02
-1.048403159638666260e+01 -3.116090065207447697e+04 -2.570244124965583410e+01 2.115558836967510388e+02
-2.516318408606782597e+01 5.732572486653633170e+00 -4.722577086926001044e+01 -8.037488779797909899e+01
-1.688210234103674878e+01 -5.007881860186532696e-01 -4.289179241664980680e+01 -9.878269666956741446e+01
-1.022597718471767614e+01 -5.360741629485252346e+00 -3.851623443066845454e+01 -1.146669429563392129e+02
-5.831410883121084687e+00 -7.616181741584923337e+00 -3.440107978382441445e+01 -1.277855077701503319e+02
-3.421414476895639822e+00 -8.061792780394615221e+00 -3.081917135823449527e+01 -1.371898433234640322e+02
-2.336519132033942014e+00 -8.226046593574785959e+00 -2.798976456644632904e+01 -1.424875293394150333e+02
-1.944743965888944048e+00 -9.310635371996282217e+00 -2.603807645226631351e+01 -1.425623440295461819e+02
-1.815903066883335137e+00 -1.135053388636345062e+01 -2.495846475659710606e+01 -1.358639315048892229e+02
-1.735710590916823559e+00 -1.267342743115997372e+01 -2.461710742201463020e+01 -1.223562664956766639e+02
-1.647257685799964122e+00 -1.090602446950987137e+01 -2.479594936770169866e+01 -1.067238663043368092e+02
-1.572239908807552711e+00 -5.173246864243531640e+00 -2.526278093945681036e+01 -9.731817405915874986e+01
-1.545147438739781887e+00 9.292425693487608163e-01 -2.582840554543395584e+01 -9.990506174851114451e+01
-1.576098234252060415e+00 7.898077791975585349e+00 -2.637172802674107785e+01 -1.155829745194072586e+02
-1.643511459270990516e+00 1.678419394426972033e+01 -2.683545362340302987e+01 -1.432901358885196998e+02
-1.706457497240843058e+00 2.531653053671985276e+01 -2.720667407510957858e+01 -1.818939637267603757e+02
-1.724277949612029515e+00 2.679262182106618440e+01 -2.749514673963679101e+01 -2.803054410591907413e+02
-1.672512010527365867e+00 1.945407090688939533e+01 -2.771633166917914792e+01 -3.353878777625076282e+02
-1.550853289997451201e+00 -9.121759807413948096e+00 -2.788150793402326855e+01 -3.770804228082485565e+02
-1.382215044063324738e+00 -6.733622561233696047e+01 -2.799449443783972313e+01 -3.104976667937363572e+02
-1.205052964923312597e+00 9.260241962882764710e+01 -2.805365144144256817e+01 -3.111362629442448815e+04
-1.063233162826121347e+00 1.034855834775750054e+02 -2.805631117827915233e+01 4.715194874878965265e+02
-2.150957812347095377e+00 -1.198943520079534686e+01 -2.934068335887736723e+01 -1.413104173209828787e+02
-1.933957870738980178e+00 -1.216077472356379729e+01 -2.700435886189582035e+01 -1.396093615440424571e+02
-1.686097945844637236e+00 -1.074097033035352666e+01 -2.590026012338674732e+01 -1.333368924126735351e+02
-1.548211543465603635e+00 -9.325638025732674308e+00 -2.569582833577297620e+01 -1.513055449454790562e+02
-1.590655284017577609e+00 -9.473971363622030850e+00 -2.595563918683992100e+01 -1.508239140945970291e+02
-1.739736683485253899e+00 -1.095086076373168993e+01 -2.631820941731666608e+01 -1.492772787199745324e+02
-1.865593737555317322e+00 -1.171948665634963227e+01 -2.657669772369542116e+01 -1.464980080651779701e+02
-1.887771911379279466e+00 -1.065898195012849214e+01 -2.666980148605601642e+01 -1.427797167471055957e+02
-1.815265056616944372e+00 -8.943209444388562801e+00 -2.663016321187463831e+01 -1.403522565072564987e+02
-1.717370621612906545e+00 -8.660780162140545357e+00 -2.653045770279502591e+01 -1.406289549885624126e+02
-1.664762122881187523e+00 -1.064178204341572886e+01 -2.644180169868685226e+01 -1.415016769245659134e+02
-1.683980846628541306e+00 -1.288790522081298384e+01 -2.641006224686234916e+01 -1.376608862301872875e+02
-1.749938516571847735e+00 -1.179985025866848325e+01 -2.644943489399723902e+01 -1.227787010206649683e+02
-1.811319001277155394e+00 -5.776267817220404055e+00 -2.654936038567959855e+01 -9.202659858109272761e+01
-1.826549458313204699e+00 1.516203844103331644e+00 -2.668688743610996994e+01 -9.475092578504451524e+01
-1.786677969846015124e+00 9.638753921668094193e+00 -2.683777757672738673e+01 -1.175829895402721235e+02
-1.715520623644115839e+00 2.129818874066592116e+01 -2.698215833274089803e+01 -1.593738655165109606e+02
-1.652741936471338713e+00 2.561155164290895669e+01 -2.710501070084093556e+01 -2.669631835057480203e+02
-1.630035148968889791e+00 1.669446987602695032e+01 -2.719542378012825878e+01 -3.383096330388900697e+02
-1.654690619190006817e+00 -2.589862178013783023e+01 -2.724555279297076993e+01 -3.751158005296543365e+02
-1.706793607035005822e+00 -1.340654594880048194e+02 -2.725336546970099860e+01 -1.956256898969481881e+02
-1.786446162414278005e+00 -1.306678943046284225e+01 -2.501746477079855779e+01 -1.519415891040573854e+02
-1.828326257597761240e+00 -1.107363049212410822e+01 -2.598892102532977688e+01 -1.437747514083337705e+02
-1.793261301807969943e+00 -9.699732515774295294e+00 -2.682012655097172882e+01 -1.387979689458903181e+02
-1.792675984994533067e+00 -1.105801429368354505e+01 -2.729113510133347020e+01 -1.392864861796178673e+02
-1.898728325003117279e+00 -1.260323903787987021e+01 -2.744835665722143858e+01 -1.421803432990191425e+02
-2.034996183561318173e+00 -1.139549618887191507e+01 -2.742591847786842152e+01 -1.430927199495033904e+02
-2.057080389150821809e+00 -9.311470064636194977e+00 -2.733245750414880249e+01 -1.406011411783037204e+02
-1.905816550548165900e+00 -9.548440415516139979e+00 -2.721368072101436297e+01 -1.381606773938651429e+02
-1.669553408757210589e+00 -1.144624947306194684e+01 -2.706554436978019496e+01 -1.392944143450165768e+02
-1.503646859682217896e+00 -1.136164424859921596e+01 -2.687077088492674903e+01 -1.427274710435640657e+02
-1.502950916110234569e+00 -9.356157636788895005e+00 -2.663141895234656786e+01 -1.443295503241930362e+02
-1.646144986143343480e+00 -8.643959294942128224e+00 -2.638013178726316355e+01 -1.424779268317302012e+02
-1.838345407095426376e+00 -1.048345653763077578e+01 -2.616903233573706089e+01 -1.399520123619711001e+02
-1.990606397697571861e+00 -1.202164960380331316e+01 -2.604565084580881873e+01 -1.374461030651328315e+02
-2.070120900373931594e+00 -1.064593134940578878e+01 -2.603034369013483129e+01 -1.286319225664859971e+02
-2.097486224659707243e+00 -5.834919279378759427e+00 -2.610640606244142248e+01 -9.529180317924590327e+01
-2.111346216233861206e+00 9.446667568506090795e-01 -2.622757235463443592e+01 -9.775953664125150055e+01
-2.133911014779792836e+00 1.145442346777395315e+01 -2.633716214343595752e+01 -1.283995343045112918e+02
-2.160173915329254068e+00 2.396868889480871800e+01 -2.639006864937323371e+01 -2.283629916458685045e+02
-2.173297371222926433e+00 2.305893472589851712e+01 -2.636971698798143038e+01 -3.163425920371236657e+02
-2.164298142424815996e+00 -2.127521521194625009e+01 -2.629311924480641594e+01 -3.722102915163423518e+02
-2.123816725090752033e+00 -1.230546228720625912e+01 -2.577493190339665929e+01 -1.398626739670882273e+02
-2.351504700783323187e+00 -1.044244693085453335e+01 -2.588656174025692280e+01 -1.362230607546296142e+02
-2.192907593233759389e+00 -1.219196226319208698e+01 -2.596624045774485268e+01 -1.352881178625047198e+02
-1.843756637361183559e+00 -1.299970605652704947e+01 -2.614027111876283627e+01 -1.381086282033748205e+02
-1.688445953090225604e+00 -1.066570948579612121e+01 -2.642277503102529224e+01 -1.408098005036850964e+02
-1.834045017031511904e+00 -1.014508289541097774e+01 -2.673413914676780578e+01 -1.396153559102037605e+02
-2.088387249681812552e+00 -1.220534895762416738e+01 -2.698123212993134956e+01 -1.367763297166675329e+02
-2.257803726924464627e+00 -1.147380603649904707e+01 -2.711995798357196819e+01 -1.376258311286570688e+02
-2.316165281432570833e+00 -9.223121059230306784e+00 -2.716123013300348177e+01 -1.414627649148638113e+02
-2.333059793967214635e+00 -1.024988671618705460e+01 -2.713845260021237848e+01 -1.428704060455388003e+02
-2.337701618089839339e+00 -1.192867559810000699e+01 -2.707476708675114097e+01 -1.401263885492141981e+02
-2.291586833422837977e+00 -9.976766380765763387e+00 -2.697447476857851001e+01 -1.385543833275805810e+02
-2.166116025683406665e+00 -8.352010345461057028e+00 -2.683704679242241653e+01 -1.411058205977828379e+02
-2.002171149007181850e+00 -1.021132265880468459e+01 -2.667452586630517430e+01 -1.438897466043418660e+02
-1.880962893759894117e+00 -1.112581086928921437e+01 -2.651415126328881655e+01 -1.421263014569760514e+02
-1.853757783942176607e+00 -9.801838656494197721e+00 -2.638387813176941066e+01 -1.335922922295371507e+02
-1.908422647554654850e+00 -9.099079033883903378e+00 -2.629485285525281313e+01 -9.795242978511228671e+01
-1.996707674815119349e+00 -2.757722872748461729e+00 -2.623128783500620997e+01 -9.534197339256084547e+01
-2.079399515625568906e+00 2.799686024315355226e+01 -2.616363724512801525e+01 -1.226946893767754148e+02
-2.148258303892417231e+00 2.575857126288732246e+01 -2.607067612167902482e+01 -2.280470767619937362e+02
-2.212802337714139256e+00 2.154813364029564582e+01 -2.595978843684893533e+01 -3.275895566317828980e+02
-2.008030382004283965e+00 -1.124100429338916030e+01 -2.690501222871826315e+01 -1.375897069516777265e+02
-2.036032502088417129e+00 -1.314110005828542782e+01 -2.673442870570381658e+01 -1.346074694889493060e+02
-2.257521553565233763e+00 -1.330304539489860005e+01 -2.648329593774538537e+01 -1.334934070189394504e+02
-2.420744577032183376e+00 -1.056132336100138147e+01 -2.618237573681308561e+01 -1.366606152578156639e+02
-2.503705803329370205e+00 -1.204574765282122861e+01 -2.586315467120795475e+01 -1.390950210672662877e+02
-2.492118869018705052e+00 -1.299469505243368594e+01 -2.560222897417867571e+01 -1.371467754231943275e+02
-2.337332582134458825e+00 -1.003587287975966369e+01 -2.548857409098403082e+01 -1.355552552380569011e+02
-2.141396473696263403e+00 -1.076460471557232168e+01 -2.555703779489366667e+01 -1.382411709854559092e+02
-2.101815065092909940e+00 -1.253014150722794717e+01 -2.575613555440994418e+01 -1.406720124267901895e+02
-2.270171661005024877e+00 -9.813291920575517580e+00 -2.598409112431204804e+01 -1.386293088929703003e+02
-2.501960457052052611e+00 -9.677579860268636480e+00 -2.616033753288921559e+01 -1.368352508823361404e+02
-2.631700812721193827e+00 -1.192409965295271235e+01 -2.627222685574649930e+01 -1.398245519252234601e+02
-2.623205539819476240e+00 -9.629167452894041190e+00 -2.636422663607376293e+01 -1.426858345634764476e+02
-2.545648308773531987e+00 -8.562625896512914281e+00 -2.648571504813294908e+01 -1.403764579723450368e+02
-2.461610871163504743e+00 -1.105842935490001011e+01 -2.664214462947322204e+01 -1.386551850496906013e+02
-2.379185295124867316e+00 -9.603452235421066518e+00 -2.678785861394764822e+01 -1.422203763827371574e+02
-2.292898736029141293e+00 -8.694728109195308363e+00 -2.686246428395763175e+01 -1.401587422871386650e+02
-2.222621118563567588e+00 -1.149836479406843637e+01 -2.683803079030475303e+01 -9.795777187582656609e+01
-2.195668909616971476e+00 -1.876753893080150171e+00 -2.674255962894013194e+01 -9.227742302742481684e+01
-2.211383464398559706e+00 3.224869336982214918e+01 -2.664455919715414112e+01 -1.303274723170081870e+02
-2.239505876587608579e+00 2.807238677559051254e+01 -2.660665592157965165e+01 -2.619398786213986909e+02
-2.500114433837338446e+00 -1.347028082839494978e+01 -2.546818248921677608e+01 -1.358117163450824876e+02
-2.753481236181444913e+00 -1.409186397469715502e+01 -2.576545920469453677e+01 -1.327262782768607963e+02
-2.652768587262605671e+00 -1.105978924654067441e+01 -2.607224320692002095e+01 -1.319479222808788563e+02
-2.314059485918240178e+00 -1.350407016952701511e+01 -2.628624503060222750e+01 -1.358873704364262949e+02
-2.297629380954656853e+00 -1.253304779774166633e+01 -2.641553173455548631e+01 -1.376873236114820997e+02
-2.623872627180347195e+00 -1.052174033772116957e+01 -2.649317375842754174e+01 -1.344767062770235384e+02
-2.859824862213640184e+00 -1.318240988641818312e+01 -2.650753395654707134e+01 -1.340465976787457691e+02
-2.788406856190690064e+00 -1.087130695210754894e+01 -2.641739519295031968e+01 -1.379657283819408349e+02
-2.565767010760286571e+00 -1.036820877133715868e+01 -2.620775289785025564e+01 -1.383899798069884071e+02
-2.410069210566484266e+00 -1.251779069768170771e+01 -2.592267339359960943e+01 -1.353041389163963970e+02
-2.389987172892430678e+00 -9.530762100570056461e+00 -2.564513735714294640e+01 -1.374615447489635756e+02
-2.499556555065092223e+00 -1.035261101576880272e+01 -2.544432443369149510e+01 -1.411746728130372333e+02
-2.704083216646454790e+00 -1.146140579655186897e+01 -2.533812682003967609e+01 -1.382328656717517674e+02
-2.900493500010880688e+00 -8.508987592845887349e+00 -2.529795044461356213e+01 -1.368069511414137480e+02
-2.977748619837305100e+00 -1.023154666074310981e+01 -2.528096335718930376e+01 -1.418166102937473454e+02
-2.921133749169711358e+00 -1.022420371897240088e+01 -2.526243776719405076e+01 -1.416641245066708734e+02
-2.803154280782756302e+00 -7.802253369114470871e+00 -2.524818587576842432e+01 -1.382342096825545923e+02
-2.686810246142344649e+00 -1.117563975018869371e+01 -2.526134272026099481e+01 -1.382311262471858981e+02
-2.584067100621525892e+00 -9.453359107911488479e+00 -2.531923182754528412e+01 -9.832617695002463165e+01
-2.494554895320213461e+00 2.714310601649950971e+00 -2.541609603469040479e+01 -9.533620981488985535e+01
-2.438210385645251499e+00 2.075238002462114650e+01 -2.551929030312576785e+01 -1.546937279530027070e+02
-2.597500879733998680e+00 -1.512151933157185901e+01 -2.640966837996414185e+01 -1.339734372130669442e+02
-2.459943302085661809e+00 -1.183197015081299597e+01 -2.618564352624585467e+01 -1.314341930973517947e+02
-2.846667406532318978e+00 -1.449812406480212346e+01 -2.579772938150886574e+01 -1.307924488567706760e+02
-3.033457829034322373e+00 -1.221139350988897654e+01 -2.542489601030710134e+01 -1.348487913983652220e+02
-2.818922949164585745e+00 -1.229731350968802595e+01 -2.518622766229872667e+01 -1.353199830996056221e+02
-2.591324749575114605e+00 -1.331253857375767424e+01 -2.509183820804380005e+01 -1.316146792973314064e+02
-2.656726937778528086e+00 -1.038995925180216240e+01 -2.509466755796647064e+01 -1.337233890782706283e+02
-2.943427173697020116e+00 -1.318306166341949925e+01 -2.516787758960380472e+01 -1.377268456349282530e+02
-3.151459465583782649e+00 -1.050924945154694967e+01 -2.531659858371869021e+01 -1.348379903343085289e+02
-3.031437505363472340e+00 -1.116144668437565102e+01 -2.553247563168592293e+01 -1.341578965858284391e+02
-2.746293160636610775e+00 -1.165948549027044479e+01 -2.576911420988218282e+01 -1.387889659282603247e+02
-2.645200386696183514e+00 -9.175020230934290311e+00 -2.596912362075804381e+01 -1.371456090932620953e+02
-2.778513682261747775e+00 -1.173920317174725447e+01 -2.610426978146643862e+01 -1.351846742177942531e+02
-2.987864803167365135e+00 -9.055098898051072709e+00 -2.617918105159965947e+01 -1.402159115471264386e+02
-3.165945252439508639e+00 -9.895155414660568027e+00 -2.620263264123419233e+01 -1.395779003204835931e+02
-3.261185987553948173e+00 -1.035715008406152116e+01 -2.617847455371423138e+01 -1.368584238831930975e+02
-3.234588290662952836e+00 -7.758498163170003181e+00 -2.611935555848433665e+01 -1.412070220472041626e+02
-3.104251195271713559e+00 -1.042402649923822366e+01 -2.605026756612878813e+01 -1.410031468395823993e+02
-2.954618063880422696e+00 -9.471224847155570004e+00 -2.599138840814640616e+01 -1.307467771503306437e+02
-2.855781455184092543e+00 -5.932527858205086879e+00 -2.593487279805748713e+01 -9.335122422561170197e+01
-2.810946370063170274e+00 8.603805762907326127e+00 -2.585951761023082440e+01 -1.180541686034877529e+02
-3.078331715418565206e+00 -1.262969130347010882e+01 -2.498644680283137376e+01 -1.325866215117880529e+02
-3.180495894493685416e+00 -1.528790801207678740e+01 -2.481426302777430948e+01 -1.301969383046680662e+02
-2.827772756820066569e+00 -1.247177024531706557e+01 -2.491468416378760509e+01 -1.293013720149409664e+02
-2.849029598285316656e+00 -1.390722728533233798e+01 -2.523882041043287217e+01 -1.334105987530532786e+02
-3.271395982574254901e+00 -1.263708819066528655e+01 -2.558893967291117733e+01 -1.327324857143665326e+02
-3.292379666919002190e+00 -1.229279801715962961e+01 -2.582529536858847408e+01 -1.299234263685756900e+02
-2.903350315142748439e+00 -1.285306364452400452e+01 -2.594363062232153183e+01 -1.341593160725593634e+02
-2.897269535828897791e+00 -1.083848611038266441e+01 -2.597978633382872360e+01 -1.355233659834416073e+02
-3.241056710748970282e+00 -1.292432038559927499e+01 -2.594207576494315504e+01 -1.317404422043400700e+02
-3.448280267721314019e+00 -9.728398532565451617e+00 -2.584808845036893388e+01 -1.349519556235386801e+02
-3.332060133063803331e+00 -1.255320721938530859e+01 -2.575879735638056189e+01 -1.370098653024355144e+02
-3.062367402464432953e+00 -9.253182312473787974e+00 -2.571283090375978020e+01 -1.336541099589086059e+02
-2.956000007700298582e+00 -1.142775494427306704e+01 -2.563700917749307706e+01 -1.369314104977762838e+02
-3.115734964022383480e+00 -9.597427137990997892e+00 -2.535304257663417715e+01 -1.386682073759630782e+02
-3.373454942453977701e+00 -9.613018727252780948e+00 -2.469788923351595855e+01 -1.351792335561034122e+02
-3.531957653395261687e+00 -1.028042230301127447e+01 -2.365388659145013150e+01 -1.389836449493415387e+02
-3.540981667955883871e+00 -7.832279773698887837e+00 -2.235032801839445327e+01 -1.398932290113393719e+02
-3.448837617091311536e+00 -1.044325153830908093e+01 -2.097072791891869770e+01 -1.369044998168136829e+02
-3.310431953092338730e+00 -7.551446707607248676e+00 -1.967479284769527581e+01 -1.410697935522413502e+02
-3.177597222038441860e+00 -1.113692948911998393e+01 -1.858743440018261595e+01 -1.193053612758603919e+02
-3.092143462097222795e+00 2.171872949402894992e+00 -2.176526221438717101e+01 -9.511862883301155591e+01
-2.993430953529747640e+00 -1.572039437033884646e+01 -2.556038598989341537e+01 -1.313073367438632317e+02
-3.170363960499590128e+00 -1.321190938591752939e+01 -2.409674342445002537e+01 -1.285403397511794594e+02
-3.584018243880064514e+00 -1.502343286377838538e+01 -2.307529632705858091e+01 -1.277253530813737825e+02
-3.181660376353439013e+00 -1.243011888455641412e+01 -2.270212753456805643e+01 -1.320191139087011720e+02
-3.125513584809385570e+00 -1.431183908168596552e+01 -2.141046635373534102e+01 -1.304300700707257192e+02
-3.563099699557495281e+00 -1.166171556945968213e+01 -2.146278193069684548e+01 -1.290914217168030689e+02
-3.590163186729824485e+00 -1.359020119290075712e+01 -2.166114217688322086e+01 -1.337754592289857101e+02
-3.218083271658797706e+00 -1.103167268064068729e+01 -2.209314438221628407e+01 -1.322665160188105631e+02
-3.246926732452109388e+00 -1.277911603255896722e+01 -2.108873236483939451e+01 -1.304283243079553927e+02
-3.647276337141271529e+00 -1.048776656824921538e+01 -2.750514610914769875e+01 -1.353660450551458041e+02
-3.781170912055458633e+00 -1.186071029649765585e+01 -2.156124197128671227e+01 -1.335661178858870528e+02
-3.485776245200013612e+00 -1.009919170320207726e+01 -2.038312468227384855e+01 -1.328719026742117819e+02
-3.259751969479027345e+00 -1.089529308093719173e+01 -2.000492379136990806e+01 -1.376183956175964909e+02
-3.359687617542463922e+00 -9.800847096451354545e+00 -2.043728085130808481e+01 -1.337322316118129208e+02
-3.624538180196049897e+00 -9.793586389443728280e+00 -2.122748622889376691e+01 -1.361760111277603471e+02
-3.841739163554294567e+00 -9.617441747116380668e+00 -1.967223437972629441e+01 -1.390025606143789219e+02
-3.867307325196060130e+00 -8.690795583688753823e+00 -2.555278939213055978e+01 -1.348619573362470021e+02
-3.718458062050852941e+00 -9.506521839518876860e+00 -2.973576483646125723e+01 -1.403962827558031563e+02
-3.536598394386807787e+00 -7.489269940173127971e+00 -2.211958076916207006e+01 -1.378066860097961808e+02
-3.413755917285449470e+00 -1.073950910538979109e+01 -2.216667945832657338e+01 -1.324422545895903625e+02
-3.354081271425375821e+00 -2.662250669195858954e+00 -2.213931434158110534e+01 -9.129767715006727258e+01
-3.765764368487037661e+00 -1.433595555390212972e+01 -2.166440652654730314e+01 -1.298086799619805447e+02
-3.395627521612802902e+00 -1.584710607783990710e+01 -2.123726568594024400e+01 -1.265905726280257824e+02
-3.431604839782963268e+00 -1.276043320160485095e+01 -2.230186634834604931e+01 -1.263685015163901824e+02
-3.882765407535632374e+00 -1.546016292465540154e+01 -2.168304286471799713e+01 -1.307228340136826716e+02
-3.492278944413955699e+00 -1.176468903451941017e+01 -2.102313727963808176e+01 -1.282949898418349051e+02
-3.474967124807570862e+00 -1.450651947083829008e+01 -2.790908629151859799e+01 -1.284071413494276896e+02
-3.976884197197533055e+00 -1.132643043486704038e+01 -2.487011686880157413e+01 -1.326577726212625805e+02
-3.768452632926481805e+00 -1.320074649591210658e+01 -2.406804360858213698e+01 -1.290851748679087052e+02
-3.455635420488879284e+00 -1.117239115962983398e+01 -2.430592261971557733e+01 -1.306496177788501143e+02
-3.787598456289324567e+00 -1.180242328632922266e+01 -2.464405289394374066e+01 -1.342686647062407417e+02
-4.096757598423225843e+00 -1.109395968716999903e+01 -2.489700077488819474e+01 -1.301676348882841410e+02
-3.885391868316987907e+00 -1.052357397180995946e+01 -2.512949505574480824e+01 -1.343547692095860384e+02
-3.565189852182522934e+00 -1.086955861700060666e+01 -2.533748291242166317e+01 -1.340597603655726857e+02
-3.668098369822126337e+00 -9.403980313471267394e+00 -2.546717966300888136e+01 -1.325819238378551290e+02
-4.005545632283078916e+00 -1.053329374576508570e+01 -2.550493898497290246e+01 -1.374930539842050905e+02
-4.193733327624861396e+00 -8.481068186678738741e+00 -2.549938944723978551e+01 -1.337626659893563783e+02
-4.113175042929771763e+00 -1.000652679383700061e+01 -2.550221263869888233e+01 -1.371695714457494262e+02
-3.886228844797535498e+00 -7.720404881207007186e+00 -2.550082215450410672e+01 -1.373626040659499097e+02
-3.699102001008132579e+00 -9.322745477228499666e+00 -2.544899528175236014e+01 -1.362164826104441318e+02
-3.649909215570644960e+00 -7.644817630170551936e+00 -2.536000474681798877e+01 -1.394434824458698472e+02
-3.710314048953458510e+00 -9.258433386645313234e+00 -2.530325847425847030e+01 -9.220357501057880256e+01
-3.470731301944625535e+00 -1.630368458198570991e+01 -2.526428742729919108e+01 -1.101886054356440354e+02
-4.095516554795789688e+00 -1.346474083914423225e+01 -2.506201229943999209e+01 -1.361917387361291674e+02
-3.662269527538297265e+00 -1.613965379040318382e+01 -2.479100786628057662e+01 -1.437895747332730139e+02
-3.843509749424450561e+00 -1.287395102827342619e+01 -2.447325965274822224e+01 -1.459856087017982134e+02
-4.178199445119070710e+00 -1.395174041573865331e+01 -2.425123118112382414e+01 -1.395505240557663740e+02
-3.672406567688531798e+00 -1.378309772410511158e+01 -2.423024334454397888e+01 -1.374934333621646942e+02
-4.037194651286477587e+00 -1.152415664796710892e+01 -2.438441643184912166e+01 -1.360055366277944700e+02
-4.280656304725802386e+00 -1.394324882565541479e+01 -2.462191484558661614e+01 -1.287095648544277253e+02
-3.803168294147479145e+00 -1.043744406034710615e+01 -2.483966873784964235e+01 -1.300698510807531534e+02
-3.971729057160656051e+00 -1.260040852405322909e+01 -2.501824048493730501e+01 -1.280717234025497078e+02
-4.412870080125324890e+00 -1.064680496347967598e+01 -2.519529453243663042e+01 -1.255546797622682931e+02
-4.184048495298214654e+00 -1.055817960017998125e+01 -2.534032409433503830e+01 -1.305124998860201515e+02
-3.856588644171630609e+00 -1.115568226559314802e+01 -2.537065296800891900e+01 -1.286115834444168229e+02
-4.066916759064207909e+00 -8.811908387378295515e+00 -2.529906364206781433e+01 -1.349243755549242394e+02
-4.435829898988407294e+00 -1.107400309597813326e+01 -2.522870857647627929e+01 -1.386287756277635879e+02
-4.496338113397599479e+00 -7.711007171153624995e+00 -2.518148260192943866e+01 -1.420461649018388357e+02
-4.220408612951692895e+00 -1.034424779363401470e+01 -2.507975184803115098e+01 -1.508908644746788354e+02
-3.985762342196750296e+00 -7.209900617461237893e+00 -2.492429691947698345e+01 -1.506702961062869122e+02
-3.984620412075193130e+00 -9.249787884689267159e+00 -2.481835731358354735e+01 -1.590510178037827131e+02
-4.132801194464835071e+00 -6.909465970346677643e+00 -2.477841362443678364e+01 -1.476895151586700479e+02
-4.320804657092992329e+00 -9.771730412221018014e+00 -2.471003285903298163e+01 -1.089254415950565260e+02
-4.208985308368400347e+00 -1.443358715772168921e+01 -2.495492572180741675e+01 -1.425873141578034904e+02
-3.840152930252705321e+00 -1.685326860492738987e+01 -2.467335864418400959e+01 -1.320556725803960774e+02
-4.416333464729484071e+00 -1.414140783270404533e+01 -2.440631856601882177e+01 -1.290383772732654961e+02
-3.871280528269862131e+00 -1.349529236866958293e+01 -2.416373195349713043e+01 -1.290535588923625312e+02
-4.402806751395206497e+00 -1.543910129694600286e+01 -2.402902921060748298e+01 -1.240023996195706246e+02
-4.233398198586381334e+00 -1.200057575235219254e+01 -2.414035341833206871e+01 -1.267333868379212021e+02
-4.084837223861638833e+00 -1.306006029231487986e+01 -2.440563913040865884e+01 -1.261606348022682198e+02
-4.642265049311700587e+00 -1.345833904200488540e+01 -2.463381233235755730e+01 -1.236693958630456933e+02
-4.182517723262904497e+00 -1.040276576279480025e+01 -2.480860804231883066e+01 -1.287182662145023642e+02
-4.234070279277236892e+00 -1.285637213960593073e+01 -2.499899562194562108e+01 -1.252153737835173786e+02
-4.721209048002410036e+00 -1.064276438537900660e+01 -2.515821651113731150e+01 -1.278323707832088587e+02
-4.425438993328359771e+00 -1.014746345953230033e+01 -2.519136018009352540e+01 -1.289718240152743078e+02
-4.162010417626641257e+00 -1.157390512334945498e+01 -2.513480336130698944e+01 -1.269870174996466687e+02
-4.561138733999595019e+00 -8.359923333349277286e+00 -2.507350007272154002e+01 -1.319131666981920148e+02
-4.838984192262211437e+00 -1.063111763544364230e+01 -2.499323731433608486e+01 -1.276001206652116053e+02
-4.578102952243705559e+00 -8.571480487581913721e+00 -2.486898238763219382e+01 -1.329373003389006271e+02
-4.274965530132984526e+00 -9.006109792584819473e+00 -2.474489962413472099e+01 -1.302635576788021297e+02
-4.326744633304715926e+00 -9.927947117809855726e+00 -2.464087883193886697e+01 -1.344718790792307459e+02
-4.600569591520510038e+00 2.044713403690630926e+00 -2.453272628976838021e+01 -1.343983093046746831e+02
-4.841658948735758194e+00 2.398447065949884305e+01 -2.443981401517544683e+01 -1.378211177384677342e+02
-4.931125542743287404e+00 -5.779427640946821931e+00 -2.438812441014571419e+01 -1.374361391013164848e+02
-4.278246303413450136e+00 -1.773684750699039014e+01 -2.483411973945545270e+01 -1.251023736124823245e+02
-4.358941468881703862e+00 -1.510281296004720630e+01 -2.459827901752236912e+01 -1.209523827894350205e+02
-4.363471902550636550e+00 -1.364851849629335589e+01 -2.432017731816950956e+01 -1.243428224938482316e+02
-4.534127399645205614e+00 -1.583867261645588975e+01 -2.402306392747279418e+01 -1.257232879450007204e+02
-4.330003292791921865e+00 -1.415523052396829051e+01 -2.388500600984844269e+01 -1.228930508843050120e+02
-4.800326750151012511e+00 -1.191829645327873699e+01 -2.395397923658664396e+01 -1.276035333909889289e+02
-4.263311647823335271e+00 -1.409104096529688377e+01 -2.413429316445518324e+01 -1.251355978142049565e+02
-4.881899691731999447e+00 -1.283626440839239358e+01 -2.434028645407697411e+01 -1.259094593648375024e+02
-4.554879711944207266e+00 -1.045671790186408856e+01 -2.453017451671063043e+01 -1.293680627037618933e+02
-4.529353578543317660e+00 -1.272276563912469527e+01 -2.472548548312902383e+01 -1.255971981581749048e+02
-5.052413797250472349e+00 -1.114170814898501050e+01 -2.490440408398522010e+01 -1.307009507960057988e+02
-4.581182609647757253e+00 -9.879178613213737137e+00 -2.501002285412033999e+01 -1.275502380995177418e+02
-4.569084468540792976e+00 -1.070449908626620150e+01 -2.500600993339889300e+01 -1.307335613392011169e+02
-5.075957785141044454e+00 2.261739756268003632e+01 -2.495901117658562995e+01 -1.307757417164080209e+02
-4.979535993173997532e+00 -1.081346174823814188e+01 -2.494298920675829478e+01 -1.304698409147906659e+02
-4.567265378839947765e+00 -6.980680224133159584e+01 -2.488347022759159444e+01 -1.334976315770497308e+02
-4.675763773883031327e+00 -1.995663465113814539e+01 -2.474761119996969327e+01 -1.310937900574135710e+02
-5.053377196167749830e+00 6.818112141440832374e+01 -2.464852494067615396e+01 -1.358285998560368739e+02
-5.238759352890319576e+00 3.870786628796225415e+01 -2.460000749339838322e+01 -1.321942765251612286e+02
-5.108165649067484715e+00 -2.267747533824953976e+01 -2.450577549246141729e+01 -1.373274629815684023e+02
-4.848916565403453838e+00 -2.541970918958346459e+01 -2.440249209362421112e+01 -1.319031114134183156e+02
-4.383268741745360408e+00 -1.572163008097806447e+01 -2.490345764318784205e+01 -1.230143702188616999e+02
-4.854341034347825712e+00 -1.419535298422861658e+01 -2.477935730921856461e+01 -1.195731647020855064e+02
-4.380526220903322887e+00 -1.591987015006243844e+01 -2.454197746559965765e+01 -1.239928599424612941e+02
-5.025842979836431468e+00 -1.594246917670696817e+01 -2.420879982006019659e+01 -1.230685271501288298e+02
-4.450679437148743922e+00 -1.285957422786010262e+01 -2.391186280751573534e+01 -1.222148407161910484e+02
-5.117320660475797034e+00 -1.258138900790818226e+01 -2.378482535409204246e+01 -1.265962021187085469e+02
-4.579547031487059883e+00 -1.440461483385755237e+01 -2.381890921237940617e+01 -1.224794123534496180e+02
-5.093181599815549632e+00 -1.285572847448937672e+01 -2.384606090678971668e+01 -1.264138973828233929e+02
-4.855956427012274368e+00 -1.018038832040768327e+01 -2.394082016903665533e+01 -1.262584237050216700e+02
-4.844943593531876758e+00 2.127839800501718415e+01 -2.412556253144381202e+01 -1.254798148459545644e+02
-5.317151358562074215e+00 -4.015283095026258309e+01 -2.435220206064516901e+01 -1.292152520397733895e+02
-4.740573964170105015e+00 -4.956709210706522128e+01 -2.450942659615721197e+01 -1.255236730932339384e+02
-5.094600907337349049e+00 6.803114531600149917e+01 -2.462506933238669760e+01 -1.312245440657493702e+02
-5.373786423831769632e+00 -6.345129323006101885e+00 -2.475295175392196256e+01 -1.269958974614128238e+02
-4.842398576534137966e+00 -2.835228157621139999e+01 -2.481735165238174545e+01 -1.321984650818249634e+02
-4.880723273762441750e+00 -1.098885448070140924e+01 -2.484841661164449533e+01 -1.288458370786601961e+02
-5.289452662551894946e+00 -8.344071731114238943e+00 -2.486484346964084935e+01 -1.334386946445990532e+02
-5.273467703790744920e+00 -6.443513753506095121e+00 -2.484861265288630250e+01 -1.308171074486040197e+02
-4.854314268993114467e+00 -8.870818263519042901e+00 -2.483392443204891009e+01 -1.347438919043005967e+02
-4.644543239467304296e+00 -7.094303923175818483e+00 -2.479529343092138305e+01 -1.322248968358364039e+02
-4.776309683210159029e+00 -6.257825760705736151e+00 -2.471687798243406320e+01 -1.364279592100928653e+02
