1.963350740483372769e-01 1.531054054833831668e-01 1.405557665766261899e-01 1.470201406403238154e-01
1.963350740483372769e-01 1.531054054833831668e-01 1.405557665766261899e-01 1.470201406403238154e-01
1.963350740483372769e-01 1.531054054833831668e-01 1.405557665766261899e-01 1.470201406403238154e-01
4.792284842778891940e-02 -2.495348679340201881e-01 1.351559761019124339e-01 4.033640063203745574e-01
-3.585973246392078206e-02 7.180733733302417932e-01 4.283921700582448699e-01 -9.275481297668839442e-01
-1.891983207946634216e-01 4.775297945397744548e-01 3.077993409535596525e-01 4.716536231631960341e-01
3.156113709689203350e-01 -2.425980365104269398e-01 -3.855940509311559516e-01 5.395246145133085758e-01
3.893065579266659637e-01 -3.697482930742790885e-01 -3.952138482852483592e-01 7.291764618017740895e-01
4.792264557334288688e-02 -2.495347394551066245e-01 1.351559332312972095e-01 4.033640359143922938e-01
1.787508832827282637e-02 -2.000858493157522400e-01 -1.858116788622135307e-01 2.979935301102744627e-01
-1.252691616964093924e-01 2.000712640844062168e-02 -2.109608605095003853e+01 7.709147168795040840e-03
-4.972875074520941019e-02 6.272986810847153150e-01 -2.061268602932696759e+00 -7.421468926461792792e-01
-4.075130683301075862e-02 2.108630591651460273e-01 3.170395831661493302e-01 5.562564345087846196e-02
-2.487282437825899251e-01 -2.954337755525886067e+00 4.525855065624104778e-01 2.730225925454766167e-01
1.670808932366971145e-01 -8.899746998751606464e-01 2.389847041861971055e-01 2.068938853808306999e-01
-2.087007522870938658e-02 2.580418931502426738e-01 -3.326789610837077027e-01 -2.168845157832909043e-01
8.823755958928164445e-01 7.612250522369279002e-03 -7.335160705857797503e-02 1.307448093319971694e-01
-1.276801354406003064e-01 -5.103657895648895382e-01 -1.474304604498271054e-01 5.820980961196594583e-01
2.950355360227818746e-01 4.043407989982244349e-02 -3.038057065255144185e-01 -5.624468105880645830e+00
3.010696512036814543e-01 -1.120249363717384095e-01 -2.201937924065025809e-01 -2.207062995317039622e+01
1.787509344616022844e-02 -2.000858636890399112e-01 -1.858117174623837853e-01 2.979934634115731229e-01
8.796624480522031303e-03 -2.160832603788256090e-01 -1.729391575572933049e-01 2.989332794360423096e-01
-2.250250491658993893e-02 -1.406893716692231011e-01 -2.060056980561051354e-01 1.019350428416284871e+00
4.895300859100999713e-02 1.218371563720007239e-01 -9.627748681753425797e-02 4.993950544138389125e-01
-2.281585996856212717e-02 -6.799795536899712056e-01 5.857154303659716232e-01 -7.449786114362059175e-01
-3.088695408756196928e-02 3.651978698344553464e-01 -3.349496866094494596e-01 4.403915506107783373e-02
-8.674116805594604684e-02 5.589640581881445414e-01 2.387572060987329936e-01 2.569940035449951865e-01
1.735118130662500202e-01 4.594488595460805014e-01 2.061681578975609885e-01 9.899939372303412366e-02
-4.459505809781806329e-01 2.306198920168475996e-01 2.707533842490258968e-01 2.044439932933359294e-01
2.713638642691703143e-02 -2.599543926824902762e+00 -2.917682941042710199e-01 -1.461325300084557466e-01
2.769613145840496005e-01 2.997980062652282340e-01 -7.183527826647136127e-02 -2.372150466974921601e-01
3.418342440723819986e-01 -4.199477108160862282e-01 1.123182143336212552e-01 6.436077524645213987e-01
1.654138525142625493e-01 -4.977332742648401531e-01 -1.124041986969692430e-01 -9.788039056971736818e-01
2.208567068945587741e-01 2.169610111679868281e-01 -3.615327268429983087e-01 7.505313174074870197e-01
2.008777947346923332e-01 2.628309299972343416e-01 2.902217778521333225e-01 2.212320820181443159e-01
1.277765109764197604e-01 1.405258989513245849e-01 3.181761909340586336e-01 1.013470921007947750e-01
8.796541098837056330e-03 -2.160832698170075672e-01 -1.729392061938400948e-01 2.989332651790702622e-01
4.253065690255713148e-03 -2.185990000198149430e-01 9.761873352913760793e-02 3.811985133419171223e-01
7.811071471607058947e-02 -2.695988881685660865e-01 -1.379678246608765091e-01 7.988011484316707156e-01
3.008433057874219940e-02 -7.780093598731718796e-02 -2.998882629678648604e-01 6.237793276959813227e-01
5.291393857203102735e-02 -3.621367731685541713e+00 -7.360254297665178025e-02 1.221328019716171054e-02
-5.432011690144960409e-02 5.226766276960251867e-01 2.113572427878795124e-01 -6.794535704726757386e-01
8.286445947561244668e-03 4.619232551313037227e-01 3.583156498585852723e-01 -2.830325687783226685e-01
7.596843429757885180e-02 7.499732076324142072e-02 -1.997343688789710470e+00 -1.233680224568002581e-01
1.755618214643928088e-02 -1.523873204516383584e-02 2.213100815300071689e-01 3.310662798028914805e-02
6.816111742448388577e-02 2.929955717943749094e-01 2.339655803816933777e-01 2.135305572447374622e-01
1.371061428417612582e-01 3.748115762046482780e-01 1.936268242419801888e-01 -4.903418340804249764e-01
1.839487880377708995e-01 4.425630984493418851e-01 2.045427790882563962e-02 2.449273859990041408e-02
-1.576972661305685586e-01 5.550334365689362226e-01 9.126758139169460771e-02 -2.862108527910567357e-02
2.631092241805981224e-01 -3.403088822588643536e-01 1.271062711796922817e-01 -6.418574982229167780e+00
9.053800386131286015e-02 -4.652244715969727773e-01 -8.432657885663753794e-02 5.948299636550953284e-01
2.989467784788703009e-01 2.057636830644150872e-01 -3.064559016758515164e-01 5.583188556615383824e-01
1.977492344875155794e-01 -1.476687176160773884e-01 1.775586697845362438e-01 -1.181139353617000586e-02
1.091541133660428597e-01 4.919642528565294770e-02 4.140750893590801063e-01 -2.645454858010993782e-01
2.339814056206602003e-02 3.062413196240812430e-01 3.690933649165780706e-01 5.404732969786005259e-02
4.253046415095376384e-03 -2.185990385036695460e-01 9.761873465906079073e-02 3.811984800590325628e-01
-8.719898144510616900e-02 -2.215950664538542461e-02 7.281967639086155131e-02 1.138138350732347953e-01
-9.347650534472030925e-02 4.060119008972428584e-02 -5.051308107836735006e-01 4.118064527206820591e-01
-9.441032795748099948e-02 1.785438609156090803e-02 4.056922105653304467e-02 2.079842532188648785e-01
-1.062920062555212375e-01 1.234090085096961435e-02 3.379493682742833183e-02 2.380438022889237448e-01
-2.880621560039160756e-02 1.381741219828697131e-01 -4.599963743138612560e-01 3.227934617260186378e-01
-9.464775546101091008e-02 1.131465718099092937e-01 7.269965761104268953e-02 -4.051127394261447301e-02
-1.913179634678646322e-03 -5.451955381169906745e-02 2.528188142880569700e-01 -3.578933532786580107e-01
7.558320871961884957e-02 1.225208355416417504e-02 3.676142772463451558e-01 -2.304268366967726911e-01
6.948924453143703883e-02 3.467033724341772117e-04 3.959756598158098995e-01 -2.418515466054188268e-01
1.219128903047807244e-01 -6.547977230233777320e-03 1.673673004347457915e-01 -3.125294585871241093e-01
7.210911329103994460e-02 5.062821781068142790e-02 -7.918392786080330481e-02 -9.255833374674009295e-02
-8.623415433814737852e-02 3.768355827105940997e-02 -5.099529252680565783e-01 2.341108877232280505e-01
-3.111385261784051226e-02 6.154519222985688209e-02 -5.162341884823099317e-03 2.795837885643537302e-01
-3.983543931458452536e-02 9.348216567833489421e-02 -1.126813287935808650e-02 2.746951754580860827e-01
-2.037252750061080073e-02 -6.037611977465486696e-02 -4.656790070789524338e-01 3.247863739421056328e-01
1.256107868616876677e-01 -1.176920907676662353e-01 -4.773320230199946945e-02 3.229144396278459811e-02
1.616783069830590724e-01 -6.401453313691307656e-02 1.838148985534763802e-01 -3.526807415098124343e-01
2.881059061314207581e-02 -4.499886828521758309e-02 3.734406457959759118e-01 -1.856972006607674475e-01
6.931480773677557716e-02 -4.808858712356672838e-02 3.691052642374137438e-01 -1.885813118124504695e-01
3.621043230821954090e-02 -1.164209315632535116e-02 2.702929844490624123e-01 -3.018207418734472069e-01
-8.719896283460654152e-02 -2.215949850329183152e-02 7.281971462546839302e-02 1.138138038507983674e-01
-1.375120844481427240e-01 2.138331073729516640e-01 1.957449397741376496e-01 -4.840064325737850615e-01
-3.235800715313297271e-01 4.466965871929798881e-01 -7.239779434319720819e-03 -4.464406333026262746e-02
4.115137732525276509e-02 5.592649003045216949e-01 8.269278595796694664e-02 5.193799627769887968e-03
-3.436679348567314163e-01 -2.796268755100271841e-01 4.058343116999578448e-02 -6.621871145855946494e+00
2.010360729464287510e-01 -5.304476023676119034e-01 -8.054046588943213070e-02 4.191716563212067315e-01
-1.171919223904299145e-01 2.157589673712560496e-01 -3.101954336591594696e-01 5.849160565827185021e-01
-7.568400492539398838e-01 -2.784648013504313901e-01 1.220198046508299272e-01 -3.942895477512426416e-01
-9.870184669531657795e-02 4.280710165090316488e-02 5.149057066459404863e-01 -1.467046987697643856e-01
7.172288291226480705e-02 2.946703965909132639e-01 3.775349311565684429e-01 -3.438360201703480334e-01
5.305093423179726812e-03 -2.224932803846565998e-01 -1.290385906497888979e-01 9.939532645316298543e-02
4.977900705353710542e-02 -1.696127838003968769e-01 -4.916663342834799444e-01 8.135994455223846122e-01
2.303491606752731263e-02 -3.681822829718174872e-01 -1.872956166280496937e-01 7.955166693354653873e-01
-9.012144687578886593e-02 -4.694526838539490043e+00 -4.724069768198679298e-01 -1.092408785395496545e-01
-4.900352091002330157e-02 9.538610019837273635e-02 2.496753572996800452e-01 -6.453047865162125918e-01
-3.110019924079766851e-02 5.194483830825094017e-01 1.159287363727069947e-01 -2.834261914137181648e-01
6.452188953715279340e-02 -4.254381781586988320e-01 -2.470440334767924906e+00 -2.035963492910131678e-01
1.004629518950792416e-01 1.136119595727219517e-01 1.461383415357633275e-01 2.132531098889565990e-02
8.275262270225922090e-02 -3.341375001037002329e-02 2.229623970103189745e-01 1.711348283754370869e-01
-1.375119302302435231e-01 2.138331112446002213e-01 1.957447640876977535e-01 -4.840064318925078601e-01
8.912760496967427060e-02 2.660522645322354052e-01 -1.219110624712357177e-01 -1.381018298127495263e-02
-3.756367065372169800e-01 5.670625092264965916e-01 -1.603729698453135732e-01 -3.520012893662166631e-01
-2.938173024206895967e-01 2.173674563711651131e-01 4.547344840522786480e-02 1.396892532557908462e-02
-2.082993809043108546e-01 -4.426012935254870495e-01 3.716674938204009987e-02 -2.949776795785528982e+00
-3.008152013657204860e-01 6.010280883504923871e-02 -3.603553284490558228e-01 4.387446114047138801e-01
-7.759019004140083921e-03 3.291062078406263303e-01 -2.506974010418301924e-01 3.873167363163738108e-01
-9.641383275484852189e-02 2.083629022284336219e-01 -2.701812905445269974e-01 2.131525457112473376e-01
1.177084354888206508e-01 6.851505275399381867e-02 -4.153373818385276195e+00 -3.169995790663569513e-01
3.514374797600670897e-02 -1.218088472597279870e-01 -6.340858477010659078e-01 -9.106907741083700714e+00
-3.524170359309476697e-02 -3.411624906604560081e-01 -1.071706352442504950e-01 -3.668365234965333815e-02
4.680990070317821855e-02 3.223685367453482664e-01 9.281359863319428583e-02 -5.566505844361310240e-01
-3.444706204448606812e-02 -7.275211641882939340e-01 2.567953873577796253e-01 -8.195391632807941251e-01
-3.776928732161551755e-02 8.747371575560357326e-02 -1.270747280826798997e+00 1.553121413401472584e-01
-1.871288124479347087e-02 -2.398809348359329588e-02 2.008733576426323664e-01 2.519489559293103809e-01
2.425051607953795652e-01 -7.278652459395240637e-02 8.343593810309844760e-02 -3.977385017573684817e-02
8.912769220639132906e-02 2.660521701670323647e-01 -1.219111949048804627e-01 -1.381020268846474414e-02
9.227221198722956874e-02 2.901068304666981623e-01 -1.366178713759655661e-01 -2.510870331706909278e-02
-6.099318474007554336e+00 8.320187119054021918e-02 -2.033117388037721796e-01 -6.083100009589957891e-01
-1.740382907761522935e+00 -4.561061172897930560e-01 4.828079746049211002e-02 4.308087403120064995e-01
-2.829497588677169773e-02 3.599721325953288142e-02 -3.358877415406163469e-01 1.074657959655770600e+00
-1.607560217335327057e-01 1.236470035171493148e-01 -7.042490825434025159e-02 -1.093343277339861430e+01
1.710471304669516912e-01 -1.160778160957508416e-02 -6.373629709972903346e-01 -3.695406455804771451e+00
4.445165758309106707e-02 -1.864191840936903488e-01 -1.916030414068226939e+00 -3.898306017305011584e-01
6.886215475668358565e-02 -2.139032311872330616e-01 -6.619977445731536569e+00 1.899579501942931514e-02
1.642585666839574757e-02 2.308962193694973075e-01 6.686551535269178448e-01 -8.144407577840854229e-01
1.795870875937068080e-03 -3.625819064233964273e+00 1.815222568796426850e-01 3.523679796841326373e-01
-2.688301216284264550e-01 -2.346654786496223011e+01 -2.899749310263928515e-02 -9.283911764939176137e-02
9.227218752771576549e-02 2.901068252324952024e-01 -1.366178463016406164e-01 -2.510864417888319933e-02
-2.106708870462109806e-01 1.350273691082403693e-01 2.134308251889931451e-01 -5.022997812135610030e-01
-1.494887016345131381e-01 -4.673073715275106177e-01 -5.294802526905101336e-01 4.258573352968862413e-01
1.533674961527585756e-01 -1.407098475557332362e-01 -2.075393128286182609e-01 3.614264400861997850e-01
-7.088174781587390332e-03 3.591313811577112602e-01 1.961920347118969662e-02 -4.243151636160389373e-01
2.609916309720528016e-02 1.520466671033879058e-01 1.215957471022242470e-01 -6.145483609065605091e-01
-2.106709291026168662e-01 1.350272968928551420e-01 2.134308698375757263e-01 -5.022999353649941767e-01
-1.845255209077995284e-01 -1.500236033023311932e-01 -1.324284599752059421e-01 -1.331310003877319847e-01
-1.845255172189325943e-01 -1.500236082374369062e-01 -1.324284816597612879e-01 -1.331309778889672446e-01
-1.845255209077995284e-01 -1.500236033023311932e-01 -1.324284599752059421e-01 -1.331310003877319847e-01
