-1.214596963215353753e+02 9.538012331840428715e+01 -7.154204884311450030e+01 -4.584962269782964199e+02
-1.931807463264015610e+02 1.839128202163724950e+02 3.128584288785145606e+00 -2.738339102826946032e+02
-2.403571001436504844e+02 2.534576496276029900e+02 5.756611060949659731e+01 -1.161466764949890660e+02
-2.654227326397811453e+02 3.044568548066101243e+02 9.632891671639814035e+01 1.791653403664837541e+01
-2.709340130610980282e+02 3.368611021404943813e+02 1.227003587410186327e+02 1.297617097574955096e+02
-2.599118623624211750e+02 3.502570234108728755e+02 1.390883895361873215e+02 2.193524272117884379e+02
-2.360295330471470265e+02 3.438163963948919104e+02 1.473088820720703893e+02 2.857204459481581580e+02
-2.035182790541338136e+02 3.161155038159045034e+02 1.487867696658690022e+02 3.273819038683515146e+02
-1.668081550760777816e+02 2.647895765228753930e+02 1.447018668165502504e+02 3.425739854302024696e+02
-1.300480811115557174e+02 1.858557108436913836e+02 1.360968289187785842e+02 3.292531243503112819e+02
-9.648754171362583065e+01 7.238751026288514367e+01 1.239565723034817353e+02 2.848174292626097781e+02
-6.820052170300432692e+01 -8.748212128764581053e+01 1.092617544120237767e+02 2.055213721879472644e+02
-4.600967773464113719e+01 -3.140798574778784200e+02 9.301329996890000018e+01 8.544336997892850150e+01
-2.972497345230699395e+01 -6.414159562533706094e+02 7.622291298179767693e+01 -8.539361220697016108e+01
-1.851633027647035590e+01 -1.122135287548988799e+03 5.986651687338748928e+01 -3.247662355573886543e+02
-1.127897628848280043e+01 1.327637924718983641e+03 4.480740725469692620e+01 -6.666875212621165474e+02
-6.902434595025992436e+00 -1.540464999251815470e+03 3.170824460678274548e+01 -1.176090010195998275e+03
-9.151994977537873055e+00 -3.116355903813183249e+04 2.096669340391940750e+01 -3.078491821235520911e+04
-1.003568846016006688e+01 -3.116223614065041693e+04 1.269849393689723627e+01 -2.980443129511252846e+04
-9.865634585817137037e+00 -3.116153814336669529e+04 6.732394435740618910e+00 2.522635100506395702e+03
-8.748777050429504598e+00 -3.116112715077790926e+04 2.756167976088638838e+00 2.761718155506847779e+03
-1.119881426707022314e+02 1.108878665151595158e+02 1.493996511168085135e+02 1.366119786416929571e+02
-6.595179026945029932e+01 6.450746129328067013e+01 1.426328654411173602e+02 1.763866628897585258e+02
-3.430163072470467966e+01 3.343951293017596527e+01 1.276667535144773495e+02 1.946583511592310458e+02
-1.593100463009332834e+01 1.621227239206012882e+01 1.070889922490268020e+02 1.946023950066829116e+02
-6.979881548791987633e+00 7.975159110572527688e+00 8.362564539071637171e+01 1.798486120904743473e+02
-3.377576721072448773e+00 5.247486633901456976e+00 6.008687101389209317e+01 1.544954082631826964e+02
-2.126282757865182838e+00 7.872721030339098647e+00 3.903997184487980832e+01 1.236036089846983685e+02
-1.550672157361035808e+00 1.915215399675456709e+01 2.232337019823266999e+01 9.474783527677202244e+01
-1.018190134018648996e+00 4.316646135693640929e+01 1.067756699314279878e+01 7.966288982921719253e+01
-4.964902277322299495e-01 7.872778660860170419e+01 3.709078909723046102e+00 9.061212350702503215e+01
-1.536378631273365714e-01 1.151421016799070713e+02 3.380307420192787959e-01 1.275162069058038270e+02
-1.016583061477160238e-01 1.353129861147767485e+02 -7.400339944014294735e-01 1.721563856489138971e+02
-3.046247940454679948e-01 1.228887799061085531e+02 -6.485894668882948855e-01 1.999740730602211158e+02
-6.105877753527149121e-01 6.408794676469130991e+01 -1.605578986248583917e-01 1.907722867068091546e+02
-8.382254996055977792e-01 -5.575037431852869219e+01 3.011011005885199654e-01 1.292642938912672719e+02
-8.576302302121540100e-01 -2.619978790130401762e+02 5.777217130382236165e-01 1.635702622069623857e-01
-6.327016345467743053e-01 -6.060498704740283529e+02 6.687661537583124982e-01 -2.195837654083412360e+02
-2.200880770917419404e-01 -1.190095935476849036e+03 6.400850816379117791e-01 -5.742292709688090326e+02
2.633548858996918041e-01 1.701909076973373658e+03 5.602486444858644221e-01 -1.152903970794421411e+03
6.864655652676866504e-01 2.522599597720340626e+03 4.682923209214864824e-01 -3.125244865105289136e+04
9.455016058187186712e-01 2.522352689043618284e+03 3.682833046521040155e-01 -2.979747792167402076e+04
-1.374997788783781871e+00 9.225036468801638412e-01 6.520233044592632154e+01 1.612073175535566918e+02
-7.724359429581236780e-01 -1.172764743268840670e-01 3.866440898380815128e+01 1.201467168052613488e+02
-2.956341495563292177e-01 -3.010983344866959843e-01 1.900041893239167834e+01 7.849059633302756822e+01
-3.316592637766147544e-01 2.327146926141590300e-01 7.226499507742471629e+00 4.567480186944484188e+01
-7.755574184705700258e-01 7.139612350170481125e-01 1.844564623003594361e+00 2.399708414840443993e+01
-1.118724755313387886e+00 5.867526672713782032e-01 3.170907002100851191e-01 1.120844967024216743e+01
-9.546339474118610280e-01 2.045735289177068039e-01 3.740077844549469788e-01 4.468239063899267727e+00
-2.920022387524932039e-01 1.491863954035432815e-01 6.225625826513792038e-01 1.838259396644145838e+00
5.029327656314428463e-01 2.212702373475795570e-01 5.282039961865627742e-01 1.669624924703330571e+00
9.933877130325637905e-01 3.138843118338073279e-01 1.226892319663161757e-01 2.153450121485359414e+00
9.533956732926345268e-01 3.661093228808868894e+00 -3.253984332625423637e-01 3.228794209735004195e+00
4.735892619322182862e-01 1.928362293348227752e+01 -5.643839777792640788e-01 1.055032114597418058e+01
-1.368170189926448121e-01 5.558607281891755747e+01 -4.932855550113873222e-01 3.790551835757207044e+01
-5.523134482231670805e-01 1.045629760808631374e+02 -1.763073628487306088e-01 9.583780483702022934e+01
-6.017302595439989465e-01 1.354410177993650848e+02 2.243396012510497084e-01 1.639567827058964156e+02
-3.238316892085013610e-01 1.117825705800230622e+02 5.403883833670257708e-01 1.980118883716257585e+02
9.304650803914125967e-02 5.065227437327324722e+00 6.661292159801724955e-01 1.613829745739080863e+02
4.301752797644313731e-01 -2.213421164932861416e+02 5.826425065564019290e-01 2.556299768706510989e+01
5.452711272035873913e-01 -6.549886814632151300e+02 3.424984596005278825e-01 -2.501814283187377157e+02
4.198353297022351382e-01 -1.512917948248046287e+03 3.409818353667395940e-02 -7.581796837227723245e+02
1.400473043637612269e-01 -1.114403191664122005e+03 -2.547355993082435766e-01 -1.657445814591321323e+03
-1.138656576694598854e+00 6.481883485418407087e-01 3.942270983088163039e+00 3.442815975552927910e+01
-4.889305185385967034e-01 3.499926861061584127e-01 1.340323098760514142e-01 1.321768810475870382e+01
4.990691703248661959e-01 -1.010877424090688009e-01 -1.460181148666936379e-01 4.586668354227140476e+00
8.653275152478795418e-01 -5.282418968014008787e-01 2.591456779288917600e-01 2.334391746412518120e+00
3.759018008083013784e-01 -8.051915688895097123e-01 3.119731627874206548e-01 1.511023874104006071e+00
-3.559905716292230404e-01 -5.861019458177215702e-01 8.315527639831671314e-02 2.870522388799449653e-01
-5.925025646133460500e-01 1.783979242899389195e-01 -4.287720359784750329e-02 -5.738249743094626654e-01
-1.795728966390887915e-01 6.369517903358633548e-01 1.311334472447644173e-01 -1.218288616224636189e-01
4.161884080515730888e-01 -8.505974412578563848e-02 4.843981402884672272e-01 7.752299798066830672e-01
6.416156296327161224e-01 -1.039570294071468615e+00 7.249887460833955855e-01 8.629589944461356632e-01
3.552437726569889209e-01 -5.090306951355187959e-01 6.273899006480768703e-01 6.312155016725061740e-01
-1.419399124007887925e-01 1.014987236922253233e+00 1.871748402014974388e-01 1.187074192499998793e+00
-4.433895009092597150e-01 2.158536343518782985e+00 -3.834504313044336810e-01 1.860215741687178070e+00
-3.675200496446644483e-01 9.497407295262851434e+00 -7.884553096252099325e-01 4.648032148421563647e+00
-3.852889241128011621e-02 4.028796656820600930e+01 -8.175809998086502883e-01 2.487123191426182345e+01
2.677194187621012578e-01 9.741330586796597402e+01 -4.568207009554296483e-01 8.596403110892208588e+01
3.439780778693986574e-01 1.343094753020545795e+02 1.127027610105244687e-01 1.681674096313830944e+02
1.737030427461602189e-01 8.549685986349537359e+01 6.149234081862550161e-01 1.944278397112602192e+02
-1.003209779432770454e-01 -9.793767168420831126e+01 8.167412842779686599e-01 1.010695517127712719e+02
-3.000720371985385326e-01 -5.131622924453592987e+02 6.339337576300069221e-01 -1.672220330250123936e+02
-3.262144227325012302e-01 -1.456977049571891030e+03 1.613726707687428708e-01 -7.325582259250278412e+02
-2.338691984152816428e-01 -4.370724778359714735e-01 4.034710532330005872e-01 2.314400341639057501e+00
-7.071112410654293301e-01 6.106196522306998054e-01 5.174901000212887014e-01 1.012277867893741190e+00
-1.247435993588865422e-01 4.333501488169484439e-01 1.062383433617013484e-01 9.931815096769772699e-01
5.551497558971413282e-01 -6.325878778511357936e-01 -2.412672680916964907e-01 4.571708009600620182e-01
4.335042207400534031e-01 -8.820066640233020783e-01 -1.267604665946914233e-01 -4.568189293687964780e-01
-1.546192566031771298e-01 1.970794217186721542e-01 2.918739061806081558e-01 -3.804138325481262184e-01
-3.733996305312421993e-01 8.830374414901493996e-01 5.767385892345630038e-01 8.363338334924831363e-01
-3.283895146914726088e-02 -1.645980045505670009e-01 4.581412978388173518e-01 1.245374418133771366e+00
3.478503493078227149e-01 -1.291188443334953639e+00 3.248909951588859618e-02 6.030144497870233711e-02
3.009746471287529923e-01 -5.317378566259278738e-01 -3.743374106335173868e-01 -8.595248438628475540e-01
-6.405485471188937519e-02 7.652301136446814089e-01 -4.906875458787919864e-01 -3.218568405261422183e-01
-2.977400001876487901e-01 5.230814331646369553e-01 -2.894019560482700704e-01 -2.935826720918714716e-02
-1.739643246563943313e-01 2.193715924632666792e-01 3.453053841037691946e-02 -4.431739370871676242e-01
1.149923358069503548e-01 9.017550710211431619e-01 2.412228222638358177e-01 4.458498055546839534e-01
2.477085669968960846e-01 1.560403222804785495e+00 2.205040173386012547e-01 2.024837086180449663e+00
1.214848126057730127e-01 1.409080666896006839e+01 4.181773327687149377e-02 8.374635029254896779e+00
-1.004807208844173683e-01 6.479420800270742120e+01 -1.308066328468246164e-01 4.870069212217868682e+01
-2.004696359032940023e-01 1.281465954246347110e+02 -1.753666880327858224e-01 1.397734762703907734e+02
-1.092278611763318613e-01 1.040546620508114586e+02 -9.409977750780389172e-02 1.967799106867765317e+02
7.131692473921534547e-02 -8.981354284409501076e+01 1.192759869228320058e-02 1.042090542264350006e+02
1.902079678503751370e-01 -6.085020631616447417e+02 4.142360983625407306e-02 -2.327517390174823220e+02
3.504662751672135701e-01 -8.045272369958915704e-01 1.940505735209525906e-01 5.564603336352685892e-01
-3.482128175514155322e-01 2.992445482510053822e-01 -3.024688006631015558e-02 1.433666442490873771e-01
-2.606488738231341751e-01 2.299974337141761915e-01 1.926048970813170336e-01 1.265746566246054028e-01
3.132657399684214417e-01 -5.936149806426287423e-01 5.279476381492698156e-01 1.492679562339095933e-01
3.326105850279733600e-01 -2.558881335595610262e-01 4.832095813108254201e-01 4.830664209895210170e-01
-1.132278777428966793e-01 5.436093305710032464e-01 -1.404482198391527681e-03 9.360205882066467975e-01
-2.031299458103333622e-01 8.102197636010845250e-02 -5.119257438107697178e-01 2.192952993015891416e-01
1.240168446923525930e-01 -5.488385948653740076e-01 -5.954637140113527849e-01 -1.129959621210137266e+00
2.496544031731788571e-01 -3.198991726250170753e-02 -1.949903874849736041e-01 -9.613575266201985769e-01
2.604497583594163768e-03 6.228211849819961093e-02 3.170179467322052358e-01 1.496631342584286983e-01
-1.924607613205839562e-01 -5.220886874501838859e-01 4.959170394644881741e-01 -5.691293965335993826e-02
-6.631904669771199190e-02 1.991944629624549656e-01 2.129467258316523615e-01 -2.567106828318450051e-01
1.535979881378854717e-01 8.836125776790084707e-01 -2.627657771304881540e-01 7.475215953697915694e-01
1.571342295912805942e-01 -6.293192464760455351e-02 -5.221475316898840369e-01 3.387424936155168376e-01
-1.937522282855824035e-02 2.451919399507879738e-01 -3.656495706548597013e-01 -6.458041195811125013e-01
-1.128961967159187035e-01 1.091271451602086717e+00 5.177299939311324345e-02 5.577016037126060199e-01
-1.357236557116116814e-02 7.678755391183750945e+00 3.754232505369902162e-01 4.294732048536741509e+00
1.358166362104186176e-01 5.584861472295357743e+01 3.488237634322454706e-01 4.023255239380204529e+01
1.631087594690312226e-01 1.283256967485938844e+02 1.016165793637016299e-02 1.421400728798863611e+02
6.340161183462941774e-02 8.994701625220291419e+01 -3.540806181911222983e-01 1.952365938448421616e+02
-3.762853169287872640e-02 -1.944938860469743247e+02 -4.480720459848595572e-01 3.906403836781103678e+01
3.685464982095975062e-01 -4.987746175105252644e-01 9.051373324407753843e-03 -1.834298300182235775e-01
-8.319012324617924836e-02 3.803189602754148552e-02 5.201859665507370112e-01 3.040935863125798222e-01
-2.152943213864025040e-01 -1.043996388422840579e-02 6.834102143393150364e-01 7.464206164396762766e-01
2.166494875885769666e-01 -2.660018021790903631e-01 1.859453477290047563e-01 5.646061992417364950e-01
1.948842518055524664e-01 7.602773888128065705e-02 -4.931846929659847723e-01 2.262275442838628248e-01
-1.342428602954059691e-01 8.763726761797510645e-02 -6.851153906341456157e-01 -5.558553413031216417e-01
-5.451125816487003423e-02 -6.100111219594896161e-02 -2.548132876259661117e-01 -1.077531243102449965e+00
1.759890976324443579e-01 9.840749402692935965e-02 3.213463673158595268e-01 -1.091335453409430362e-01
5.561949497382835672e-02 -2.985820609902313794e-01 4.916162855154562195e-01 6.404123073278934486e-01
-1.303501671901684811e-01 -3.078804728617589026e-01 1.560502535293462056e-01 -6.537233958740766571e-02
-2.000809357284355147e-02 5.434696477877207776e-01 -3.077805089058959220e-01 -5.810669014619063849e-02
1.373001246490041793e-01 -3.027060853642797936e-02 -4.603335914659852923e-01 -4.845376342748773657e-02
6.337189752993509229e-02 -5.495556737171326533e-01 -2.077945658342623958e-01 -1.201326129321953262e+00
-7.106893712308022526e-02 7.812101385795970909e-01 1.659289485061886393e-01 -2.435328253902986073e-01
-2.968895197623998630e-02 2.794824802823728249e-01 3.113502069862142951e-01 1.086000292613791718e+00
9.676836923672969826e-02 -2.213460434957447709e-01 1.341786858590615916e-01 1.699468121763404727e-01
9.900532012032740858e-02 9.415979828168947741e-01 -1.614778485225448201e-01 8.243567454604718847e-01
-9.475456113503545261e-03 8.804035501876569469e+00 -2.974387058859800925e-01 4.343604416154562387e+00
-6.071259192521533815e-02 6.802158803458912928e+01 -1.701234222785629469e-01 5.086400237561464621e+01
-2.326557199121618864e-03 1.348945608491100927e+02 8.748259055453463939e-02 1.701841150176711892e+02
6.137265525149437212e-02 1.211472784154794446e+01 2.469610635674011623e-01 1.640002176855764162e+02
2.361108977678613441e-01 -1.871891544672920904e-01 5.654995893310332811e-01 3.357440004221746710e-01
7.157151823527866177e-03 -1.340643098990478288e-01 5.659137556815635461e-01 9.454297974883558719e-01
-1.345298359112863384e-01 -1.736427891599091541e-02 -4.831346987087046380e-02 4.146602666934688375e-01
1.845305555464464287e-01 -2.858809325001259588e-02 -5.765921948404513220e-01 -2.844270971343676457e-01
7.533010688833434443e-02 -7.478269871551349035e-02 -4.635655530116912226e-01 -6.880642691992177040e-01
-1.173443160452641992e-01 8.505713659538849392e-02 7.734297432897113689e-02 -6.183680197147717328e-01
6.825846004162366976e-02 1.799362454916446918e-01 4.037550031970532083e-01 3.927365890426267048e-01
8.216254872940172149e-02 -3.341294510459913991e-01 2.117407343159194155e-01 5.792540925720565115e-01
-9.262542905115270231e-02 -8.597124857873750248e-02 -1.970871354882902382e-01 -2.974737698618772352e-01
-1.736663684967821100e-02 3.655931296620901771e-01 -3.448884379095550901e-01 -2.340597738530470762e-01
1.085364535646877321e-01 -3.768701588920025936e-01 -1.210402184871352121e-01 -5.299243773426780546e-01
1.283858926281388271e-02 1.464317780192234131e-01 1.638161969354390568e-01 -5.009802398778330224e-01
-4.770077448675917597e-02 4.672241706136308625e-01 1.976834087348919577e-01 7.836065986597829935e-01
5.235288965072065065e-02 -7.761094879753549503e-01 1.257579388692996398e-03 -2.237116322797371437e-01
8.538365083255561316e-02 3.434574907664725285e-01 -1.688716126931020245e-01 -6.046529362038525202e-01
-9.085237205559199350e-03 4.617482361271009750e-01 -1.376611794417661738e-01 4.865651918635518491e-01
-4.362478489234358769e-02 2.356056163220153488e-01 2.651524637904748710e-02 -2.546495230389371200e-01
2.645332284940099879e-02 1.252315872870736646e+00 1.417787877629826665e-01 1.260315916306107065e+00
5.447589135294088336e-02 1.705304441568190654e+01 1.234745128822541949e-01 9.908059317039823455e+00
-6.139964640806257375e-03 1.016026964579165650e+02 2.933211138157177864e-02 9.251607653552049726e+01
-4.690119809830785302e-02 1.090058873280526086e+02 -3.913194057764286110e-02 1.967866710259754939e+02
1.268196925822653032e-01 -7.684289393619515851e-02 5.455142662362223449e-01 9.563510815176688995e-01
4.407210077993654884e-03 -1.834655467740119450e-01 -5.779123343708104932e-02 5.099932817211031422e-01
-8.438169026214022150e-02 1.173935460510030643e-01 -5.563700257039084773e-01 -4.316486297179276677e-01
1.463415865031850727e-01 -1.042756770957870699e-01 -3.404976018310197361e-01 -6.389621962055930249e-01
-2.990772260343398103e-02 -1.265277329416503692e-02 2.311177605683584491e-01 -3.348342997752833949e-01
-3.533974367194143290e-02 2.434350743391579253e-01 4.059027037075491062e-01 5.273514107974894838e-01
8.854850519303889000e-02 -2.557752625741566699e-01 4.860540885715409348e-02 4.651895261466951759e-01
-5.373599192434924676e-02 -1.810646848287832122e-02 -3.001551640858326486e-01 -3.718906501281497023e-01
-2.402160914900334718e-02 1.892839181759345957e-01 -2.246847576423182113e-01 -2.925675426488313913e-01
8.788979375339320277e-02 -2.769055343637162325e-01 7.624434131880104826e-02 -4.295784825491824055e-01
-9.798517454944098096e-04 3.844715269745596076e-01 1.842033052141691662e-01 2.099133805396280472e-01
-9.546993328766196704e-03 -1.152944142088483392e-01 9.489645152237100034e-02 4.977209915843284760e-01
7.404325291785046614e-02 -2.740187812854448235e-01 2.923934975387212365e-01 -6.066676438905728164e-01
1.900783853840413637e-02 4.643671945507908960e-01 1.222746545015407582e+00 1.059785085008964900e-01
-3.757655878197439098e-02 -5.170685604068177010e-01 2.832660346980282018e+00 -5.537343046370316602e-01
2.117382733764399533e-02 6.970163796851031046e-01 4.664865268706475554e+00 -1.352793709426807767e-01
3.818483899121233316e-02 1.109234490592693051e-01 6.261905346380409298e+00 9.513082359395037546e-01
-2.696829238962866054e-02 3.701453728093801465e-01 7.386065495699349448e+00 -4.584527131616154827e-02
-3.531835116847473199e-02 2.375631125213415018e+00 7.953259144974683892e+00 1.626045827357970097e+00
1.974070559091208737e-02 4.817783697856557978e+01 7.926843053642809167e+00 3.265763970971351426e+01
2.934559485472285761e-02 1.341428057958065949e+02 7.350896525295366857e+00 1.674430929506535222e+02
9.684998021574592331e-02 -1.280377683108244458e-01 1.224641238109671626e+00 7.817080976745118814e-01
-2.067918386940437170e-02 -6.615333806121440063e-02 4.388767776647494401e+00 -2.847496220281561796e-01
-3.875105546669337098e-02 1.032022540844379221e-01 7.704687397847286512e+00 -6.685277959125824898e-01
7.727430575606213103e-02 -1.410023464521915904e-01 3.244389745153836380e+00 -3.196529717663956216e-01
-7.456333758713597215e-02 2.172444938423333805e-01 -1.256711315622863268e+01 4.799798060501807573e-01
4.800344234300006618e-02 -1.248645634357712503e-01 -3.166111880185440342e+01 5.049274558813717784e-01
-8.416529285582965980e-03 -3.878108023440126478e-02 -3.906607917524462437e+01 -2.828088545876143445e-01
-4.638957321381155519e-02 1.426937214331236159e-01 -2.474814390897170568e+01 -2.908313307702986017e-01
5.340741572690510530e-02 -1.506472991699953357e-01 5.836555805877345904e+00 -2.625904171221126182e-01
-3.036256343053981774e-02 3.046645934131478328e-01 3.545372865337329671e+01 4.749962023117473287e-01
-1.807189798431884167e-02 -2.616432194589777271e-01 5.027096340181654455e+01 2.130108237987830277e-01
3.153661193454793815e-02 1.253943937092056038e-01 4.744262738325353013e+01 -3.011345765736861413e-01
-3.823282511768181374e-02 5.913815864415260942e-03 3.243891303942297100e+01 -2.590842952004248495e-02
-1.247538859636131668e-02 -2.883229020646928265e-02 1.313960378506502025e+01 -5.290824811765512115e-01
2.913812086727366954e-02 3.902206386875785582e-01 -4.383987818982600260e+00 7.275982107096432561e-01
-2.388472279268943205e-02 -6.619127038202949898e-01 -1.696931481710468859e+01 -5.414530110728636991e-01
-2.345764662104289633e-02 8.638588254964242319e-01 -2.386537166354543160e+01 1.256302386556057971e-01
2.556326508637950592e-02 -1.173311129758464744e-01 -2.596192319435512985e+01 1.580700894223237563e-01
6.368773921052285972e-03 1.093354577517262838e+00 -2.493705021564019475e+01 8.108690248782629562e-01
-2.086760235026206486e-02 1.421663231721380249e+01 -2.243204196390480121e+01 7.971184846550698033e+00
8.516343875569877889e-03 1.109946043394897401e+02 -1.955858695984050044e+01 1.082094165894593516e+02
5.643649989579010290e-02 -1.503479184431021076e-01 4.895156165565314410e+01 3.839505434181416654e-01
-6.391630773404637089e-02 8.011150337748236538e-02 1.722949773710672261e+01 -4.122833126767472267e-01
2.068199717875462626e-02 -4.178449864662246022e-02 -1.666312233259480635e+01 -2.749102699798735006e-01
1.587503169092439881e-02 8.316843561674468199e-02 -2.496800036654790844e+01 4.534443258208175065e-01
-1.989788621519948675e-02 1.078262847914436724e-02 -1.391072348249058521e+01 7.860806188944917672e-01
2.642099887077876616e-02 -8.026540112625057954e-02 -2.132465491677381308e+00 1.762773596160294512e-02
-6.274975665259809043e-02 1.335204851945483162e-01 2.402810346347269643e+00 -2.529291458043200214e-01
3.497164550296113367e-02 -6.013558046265377044e-02 2.268077893506458054e+00 -2.449426483700560542e-01
-2.420140708026471271e-02 1.844697719431356298e-01 1.110410011137372699e+00 4.990801418292124536e-01
-3.676636819415328179e-03 -1.975191943387333837e-01 2.296926136699680709e-01 2.131194602807092164e-01
1.445095011070604563e-02 2.122397889046021280e-01 -1.911212999208572738e-01 -2.024544483979101930e-02
-5.058488301303245421e-02 -1.076391075810621129e-01 -1.423834596289725307e-01 -2.487244011464446736e-01
-8.294771437655763455e-03 2.767586713173441626e-01 9.577909768714569505e-02 1.646119430172011261e-02
-3.139923552389897732e-02 -2.347053894662791962e-01 1.209774848856425417e-01 5.208603488286686067e-01
-4.663508792657457269e-02 1.877319402240329171e-01 -8.984537352322616299e-02 -1.807662928012996328e-01
6.124779835658144579e-03 8.048035008734442941e-02 -1.938819943644348731e-01 4.671499636723459581e-01
-1.314664668651617171e-02 -2.939448422185232321e-02 -3.097598025399278185e-02 -6.885257988725236311e-01
-2.965931316038480231e-02 5.947833994040311323e-01 1.290889776137939537e-01 1.207208138347004800e+00
6.402907371967647872e-03 2.400240951073878137e-01 1.739960355519857074e-02 2.580286940189395750e-01
-1.703525709677960716e-04 3.010220448726449227e+00 -1.917844344116056421e-01 2.143792330397464418e+00
-2.376527211498846714e-02 7.053593357629415550e+01 -1.622732904389534714e-01 5.512703543783413096e+01
6.273144747689153589e-02 -7.090295569321430902e-02 -4.028366220814034726e-01 5.704342759574056032e+01
-8.929983263156293649e-02 8.940876247810612687e-02 -4.024661553441646333e-01 3.035276712127050303e+01
1.363693134310992212e-02 -1.788836359645923704e-02 1.777594753474852352e-01 -1.098807091981104911e+01
-7.195221039522657624e-02 7.623966491565559167e-02 3.607983453278495456e-01 -5.796801537526422976e+01
7.469902366592250965e-03 -8.507771651791484757e-02 -1.388166907748306922e-01 -9.995668416365525388e+01
-6.878027520489449209e-02 1.435052773171077156e-01 -4.609617899778710171e-01 -1.347448555652935909e+02
-2.385898423906231830e-02 -3.247073128507872719e-02 -1.221072848663191240e-01 -1.585589608821366312e+02
-5.022780385502204070e-02 1.210474476526360310e-01 2.540083782825286463e-01 -1.715621307237259145e+02
-2.175483530530317525e-02 -1.130173516501237901e-01 1.053660749266354113e-01 -1.793031321759469847e+02
1.190439817877691087e-03 2.301100346645541805e-01 -2.567047534934280839e-01 -1.830773016682416880e+02
-4.368404496039492158e-02 -7.829061088418359793e-02 -2.220188278462679188e-01 -1.853316608206758644e+02
-1.913519276296993601e-02 2.440821598495308553e-01 1.213021044576311352e-01 -1.849227409113329657e+02
-7.013388423997798937e-02 -2.363707079531376654e-01 1.764778261355547107e-01 -1.836274967805976530e+02
-4.347410594580294885e-02 5.108917084762620853e-01 -1.124240961458875254e-01 -1.786078167227826725e+02
-4.472673499144246001e-02 -3.326972558030440452e-01 -2.109271404492931434e-01 -1.680278807536094234e+02
-6.170682905519941225e-02 6.464305603977739123e-01 3.458421110794215880e-02 -1.465396200471516295e+02
-1.664708029237383508e-02 -5.395010263198316558e-01 1.604337485966012278e-01 -1.141330694140915085e+02
-2.629983760568050527e-02 9.967790531025640943e-01 -3.743464597895668905e-02 -6.679521132200875400e+01
-3.971534205495336894e-02 1.115704712274774441e-01 -1.546717544963363833e-01 -1.597523921437664107e+01
-2.673875886184949591e-02 1.167876444879415221e+00 1.279396135115407410e-02 3.486256891121590940e+01
-5.265688729362656695e-02 3.480170555420412626e+01 1.156281020957311834e-01 8.664557086286548326e+01
1.025969499101064136e-02 2.019666685317857147e-02 -6.459773727646137553e-01 -3.240542646247309477e+01
-6.995150933609523003e-02 4.600549626924244073e-02 -2.792124184701392786e-01 -6.043591031843164529e+01
-1.490853886116565163e-02 1.589976456306094188e-02 3.530690393987814257e-01 -6.147130780627080782e+01
-8.529684278843356615e-02 6.122636188580935467e-03 2.604022008560166190e-01 -4.921704486424614799e+01
-4.331940982321687977e-02 9.992326963855081845e-02 -3.009021846891776764e-01 -3.519549906854867771e+01
-6.684850454513890927e-02 1.647333411341402737e-02 -3.607914998709715326e-01 -2.241977793646430328e+01
-8.057680518304981276e-02 8.109826528457400596e-02 8.141794225680630548e-02 -1.269561891478124416e+01
-1.211862985798177195e-01 7.205959254609383552e-03 2.628009234744627109e-01 -6.337350338142840656e+00
-1.152485801540304583e-01 2.256122313163612947e-01 -7.182098005223266912e-02 -2.298620166900415374e+00
-1.273773906831162928e-01 -4.045680551325767788e-02 -2.626334185259538434e-01 -1.134932498321843397e+00
-7.377018094038345630e-02 2.596755427812991179e-01 -1.461980535066254548e-02 1.789193005278991444e-01
-9.715988574514462794e-02 1.595677302652066462e-02 1.577761991583863654e-01 5.209329365734026718e-01
-8.937830536522857472e-02 4.456878039136990544e-01 1.497185761332320460e-02 7.934091975302293154e-01
-1.464526765468569525e-01 -6.030015979077036486e-02 -1.246814845897397661e-01 -7.933696278692878856e-01
-1.378867462246306241e-01 5.283308506527474302e-01 -5.266582217788504106e-02 -2.333320739575750480e+00
-1.559165630776986888e-01 1.778545614083111570e-02 6.050009933405864349e-02 -6.328505770506163586e+00
-1.678343376694042544e-01 -5.739465763941545839e-01 4.303578760335607239e-02 -1.173878325129610012e+01
-1.323577235597726831e-01 -1.298711918550456978e+00 -4.625316923500157745e-02 -2.318051861209729481e+01
-1.338719780289132355e-01 2.576152754499162967e+01 -5.894560496012547085e-02 -3.668883662849844285e+01
-1.233873962694015947e-01 6.470485207264620442e+01 3.394651705387989604e-02 -5.426742086233398510e+01
-1.221515958677565628e-01 1.864124197111276970e+01 8.045859778642361348e-02 -5.986923854659829658e+01
-7.970441998371521897e-02 -1.946501827328469755e-02 -6.194267136621991465e-01 -7.870405314337592939e-01
-1.412034266861753873e-01 5.294798849171275523e-02 -1.909284796746558710e-01 -8.999960148373903346e-01
-1.453714814086801421e-01 3.814538968370734251e-02 3.870470717053752785e-01 -4.952312255376067895e-02
-8.531127747413076723e-02 1.158917055827122233e-01 1.773639036278162606e-01 3.688942950984339109e-01
-1.619279776530219428e-01 8.265529955967796868e-03 -3.048193762241058202e-01 -3.055771582823990085e-01
-1.373468772815277239e-01 1.406071181793234759e-01 -3.010719656685589274e-01 -7.429445059426328379e-01
-1.447028993754407022e-01 1.342959536580874413e-01 1.239772965165682889e-01 -4.939947786038811350e-01
-1.173887235720519895e-01 1.563283768616767766e-01 2.213042968217588669e-01 1.677912273609071248e-01
-2.068667227251850260e-01 2.152570371446658470e-01 -9.002862727472119020e-02 -1.482979307491401333e-01
-2.591755890894693048e-01 2.784012294622457695e-01 -2.387562568801690210e-01 -3.334904398172009454e-01
-3.096324697008200899e-01 2.670988402860582367e-01 -1.105343800143381537e-02 -4.836146229666174468e-01
-2.632597622190701037e-01 -8.425058313727042947e-01 2.126883828848740998e-01 1.758441092449636589e-01
-2.398861747384209431e-01 3.364619481898530662e+00 -6.960907012762306521e-03 -1.520965568513388544e-01
-2.485165372025620323e-01 5.792808478357229518e+01 -2.209634990593545567e-01 -2.044565001140525862e-01
-3.410533037730030803e-01 -3.778483239845315644e+00 1.201192898101000744e-02 -4.186478799934542638e-01
-3.744199812164210606e-01 -2.295310128637687228e+02 1.859735405090382765e-01 -1.371517713502572733e-01
-4.277842701678601367e-01 -6.403391764677974152e+01 -4.326744183080173667e-02 -2.397577587516179151e-02
-4.340835254814325861e-01 2.204384318165546972e+02 -1.572913889131925536e-01 -8.457533297777152237e-01
-4.102049560344328549e-01 1.351671967054201389e+02 4.489610215307106994e-02 1.585311210819828898e-01
-3.734001772977515454e-01 -6.558524172863030799e+01 1.030616572597591735e-01 -3.188894685580337951e-01
-3.168849115529265847e-01 -7.351054685144325163e+01 -4.356856486602422168e-02 2.597635612755805568e+00
-1.809567853392591297e-01 2.485730363199098805e-02 -5.795539771782273197e-01 -5.081130686091631654e-01
-1.126823036680479201e-01 4.484281434390142290e-02 -2.558354991617102780e-01 -7.945259610220765101e-01
-2.772942134522140001e-01 1.940305206577457864e-01 3.648932061516771963e-01 -7.770062939886268616e-02
-2.968320346707512547e-01 6.809138567693363842e-02 2.358773139307007993e-01 4.217845809716670447e-01
-2.823597944974091112e-01 1.635322779113420888e-01 -2.967873075917148440e-01 -4.377604520098310470e-02
-3.593251832407004520e-01 2.191386587141215259e-01 -3.396450199314150487e-01 -6.006622022221754786e-01
-4.190379106362549511e-01 3.891512957457936572e-01 1.624527939421406830e-01 -1.806826578639819936e-01
-3.834082214616381656e-01 -1.460977426144929037e-01 2.155098962917118000e-01 1.525572688756667572e-01
-2.727906856140323577e-01 1.244842205467135976e+00 -1.093447925241107371e-01 1.162219331629016916e-01
-3.572954039737825105e-01 6.544375363246825827e+01 -2.517949819771927444e-01 -4.707247884800514481e-01
-4.753288095434125005e-01 -1.049567646452467926e+02 1.032383227780676177e-01 -2.227180589630119167e-01
-5.243757810183624635e-01 -1.735198559058253807e+02 1.031531336313991493e-01 8.797892342411171851e-02
-4.587886778769635354e-01 2.260523682365042646e+02 -3.593185650811658860e-02 -5.521355999743737808e-02
-3.029995398600449086e-01 5.877254712321259689e+01 -6.476649118889396539e-02 -1.348172600734409976e-01
-6.769570594990070855e-02 -9.633081684861032556e+01 -6.626079591693552484e-02 -5.251812927105604656e-01
4.543421125077211076e-01 -1.031221896399353710e+01 8.404104884454936808e-02 3.620404889022805217e-01
1.365478053456238960e+00 4.814318279407268975e+00 9.610376115997362745e-02 -5.590867372059542539e-01
2.431811391363463137e+00 7.088121874595569583e-02 -6.330550497128194232e-02 2.188472230255374129e-02
3.220790141081193436e+00 2.691643085591803319e-01 -4.844856023088697089e-02 -4.455482911672405399e-01
3.289339029268860237e+00 -4.623346030878293100e-01 -1.883102528263833064e-02 1.700759514303021303e-01
2.595796737401971477e+00 1.409731800173434024e+00 -1.200683952114844494e-01 1.426595322720099146e+00
