-1.476243561602460952e+00 -6.282436328826037197e+00 -1.049310990696365664e+01 1.293945403940695904e+01
-6.010492997438879215e+00 -3.184300513608796290e+00 -4.344354822506286240e+00 5.670396054823317655e+00
-1.743428303185896144e+00 -1.600024698800246448e+00 -2.286549638972736886e+00 3.103223756063238081e+00
4.194169523689073031e+00 -3.328792605906152891e-01 -1.509596704626485097e+00 2.036597763612635781e+00
9.732495598334690579e-01 3.203874514851631078e-02 -1.014297286197016756e+00 8.654532399071874771e-01
-2.169648674512779429e+00 -4.394710295036851622e-01 5.607655364076218757e-02 -2.432842116471663901e-02
-1.645945407145252615e+00 -1.023232357524247238e+00 -1.221548535493118814e+00 1.645066241060827217e+00
-2.459551300474633884e+00 -7.288066779867893308e-01 -6.886286317532211987e-01 8.011540365798859309e-01
5.794590849823113565e-01 1.930613340412474233e-01 6.386497294726480034e-02 -2.453160641071273074e-01
1.834159070680935200e+00 9.151715004953304700e-01 7.653792413063783551e-01 -1.256696575100190838e+00
-3.487313792337867202e-01 9.355064514198118131e-01 1.211413130674074079e+00 -1.844379748294197707e+00
-1.458606857340783103e+00 5.262259128332018587e-01 1.190205893617935828e+00 -1.577459939884709339e+00
-7.823577011522525604e-01 2.050900501249580676e-01 5.855426566354673401e-01 -7.734289424732655460e-01
1.161696409323799556e-01 6.233906137626463867e-02 -1.778455738663086427e-01 1.011138167160491597e-01
9.018265589518148495e-01 -1.945253472233921255e-01 -7.464183051984033535e-01 8.397638184643746451e-01
2.618025551791229311e-01 -4.913589240897520694e-01 -8.033880070252000793e-01 1.066184476392288971e+00
-1.322478107249168922e+00 -4.853850286638737854e-01 -4.816805611715750390e-01 6.332675967230709801e-01
-8.757012945457882669e-01 -5.925005399073013379e-02 4.011672222787419570e-03 -8.776700739288033348e-02
7.805838750279449068e-01 4.991671225189516226e-01 5.144221148899772444e-01 -7.585140400508467717e-01
6.429058832097549470e-01 7.001226117527109549e-01 8.206049830389834376e-01 -1.185708972739756062e+00
-3.995233380028091474e-01 4.950356157270587310e-01 8.515759874103351335e-01 -1.138749229083650727e+00
-6.430718189441976262e-01 1.811059356160363842e-01 5.035383479662777217e-01 -6.354301564879034636e-01
-3.488697361519021434e-01 -2.110651576925572093e-02 -1.211793240956811173e-02 -2.003360682310945454e-02
2.611713818951860722e-01 -1.250562367766995531e-01 -4.176534386132366716e-01 4.623315495867181268e-01
6.213620278275514552e-01 -2.424130288024238522e-01 -5.462503739250619272e-01 6.869647650016498241e-01
-1.401871252303042714e-01 -2.851069980901018708e-01 -3.721812219073708516e-01 5.079699994793069884e-01
-8.366127939815833914e-01 -1.164006115064448038e-01 -7.206358177315676239e-02 3.736356654875203770e-02
-1.564888428539609744e-01 2.040902141590908159e-01 2.698641410941599039e-01 -4.176381352658524726e-01
5.322492218939541830e-01 4.310320805313713199e-01 5.116175505802696977e-01 -7.138486902969655157e-01
1.732803869669735652e-01 3.977506224268341772e-01 5.677998944430534545e-01 -7.585351755134037699e-01
-2.902568930733705477e-01 1.842362932220650007e-01 3.922218658588880191e-01 -4.844212736380096307e-01
-3.744170690886410302e-01 -2.156180296587201228e-02 5.145801939527511193e-02 -6.722925360004283757e-02
-1.904924369476684587e-01 -1.160797499925272508e-01 -2.394220491662799877e-01 2.690859099185664016e-01
2.890042545396995233e-01 -1.560830379849022786e-01 -3.690881189656776695e-01 4.447287336158556315e-01
3.328924890666883352e-01 -1.607091526358377376e-01 -2.847186048887882515e-01 3.885775065250788307e-01
-3.076189030205089825e-01 -8.670253214359076310e-02 -8.634464560560999036e-02 1.044653739019549971e-01
-4.524202381805449424e-01 6.736461745132139856e-02 1.398391109974185531e-01 -2.257149752488403771e-01
1.014190346427695788e-01 2.370314458269459079e-01 3.268851898045630477e-01 -4.431881542128008333e-01
3.045375853106422337e-01 2.853883680074772999e-01 3.818202638141746652e-01 -5.050861228697688388e-01
4.413140430018122617e-02 1.816529495453623189e-01 2.919188349675509442e-01 -3.723918066398340665e-01
-1.758914898323012677e-01 2.021409565255326626e-02 7.125726122211833991e-02 -9.139213480253134680e-02
-2.476933491913441698e-01 -9.880831649967224128e-02 -1.471885870474829716e-01 1.553450702430902164e-01
-4.307896173589703670e-02 -1.316463749639343317e-01 -2.572632217200171434e-01 3.019980731989966305e-01
2.843606509542124239e-01 -1.057003377284083667e-01 -2.522503519074498560e-02 3.595647074330290960e-01
1.128478518886852633e-01 -4.054903378231595329e-02 -5.469024163752458229e-02 -3.179280305892237795e-03
-3.109023484862413755e-01 2.354280168723390382e-02 3.233147551306389533e-02 -2.597926280016859479e+01
-2.108128756537816506e-01 1.354355874566811835e+01 4.445495966795256493e+01 -3.772950684525446796e-01
