7.879520965702331570e-02 1.060806518492892092e+00 4.334250782610321040e-01 1.394451616580252074e+00
1.101749039735233637e-01 9.977698753221806438e-01 -2.900307449117906985e-02 7.711240176702742755e-01
-1.396163582217980759e-01 5.153737922333065935e-01 -2.365319552208431930e-01 -1.483672279747569323e-01
-2.134868194466888192e-01 -1.647658926593535966e-01 -4.443098236982160887e-01 -9.302056019382921592e-01
1.166917388921626386e-01 -7.912013887781612631e-01 -5.038812418192860632e-01 -1.242486432874258862e+00
1.010622292252689874e-01 -5.446593196898573686e-01 -9.069577822700469749e-02 -6.530886278558195590e-01
-1.105243429897048296e-01 -1.433808407370057436e-01 4.162701693768399158e-01 1.120608453141685307e-01
-1.105531394644367893e-01 3.255664939338635544e-01 5.337007308807920625e-01 6.849366209662220983e-01
-4.154347009449567939e-03 5.929504065466509877e-01 3.445220975853479084e-01 8.519267754717255725e-01
1.240412937543697164e-01 5.694087945189898470e-01 4.830968145442190304e-02 5.534605895338701176e-01
7.314985829224432412e-02 2.792346928786574867e-01 -1.484261659316159221e-01 -2.909834288505190256e-02
-8.803713339472112043e-02 -7.243641438677826672e-02 -2.576076648805036284e-01 -5.947472202770258676e-01
-5.560829932927711244e-02 -2.881936625965139664e-01 -3.809317017038962305e-01 -9.171611273101877293e-01
2.241453911660889337e-02 -3.902880560367174012e-01 -3.351383288898735491e-01 -8.839559275058744836e-01
1.085364510223605500e-01 -3.768701554191504766e-01 -1.210401709140455084e-01 -5.299242945425712836e-01
4.698916519437726369e-02 -2.080982988258936184e-01 1.854529264042711623e-01 -2.439230938154652098e-02
-5.464917938127930586e-02 9.179251908109044289e-02 3.344012629430844208e-01 3.990616553744592010e-01
-3.330716924091028236e-02 3.572126841247017515e-01 2.442511194079844128e-01 5.547823142800016871e-01
4.078527097822898934e-02 3.791955221444900381e-01 8.469758656122110263e-02 4.107883147408272762e-01
1.053410604709927867e-01 1.741685286128923926e-01 -6.062927057481653365e-02 6.188520938150059159e-02
2.940206670436541422e-02 -4.661017199026438323e-02 -1.332819965602088375e-01 -3.252859812792440741e-01
-2.908892226675293888e-02 -1.492632607882350693e-01 -2.127117025221945679e-01 -5.700464345693700974e-01
-6.169524777450928303e-03 -1.776870603148344163e-01 -2.240904541343212431e-01 -5.853602770955761425e-01
5.757845017318317243e-02 -2.010748257061353295e-01 -1.080949145257302790e-01 -3.901489534689942529e-01
8.917164611886699288e-02 -1.666364130409035138e-01 7.399768944640407187e-02 -6.715198549743217615e-02
2.814669089852836134e-02 -1.922120289853660943e-02 2.094136384425324959e-01 2.308907636849125977e-01
-8.981937865981613409e-03 1.929453053359338754e-01 1.782041485607464559e-01 3.694888486019372031e-01
-4.925205419597764077e-04 2.674934111928762293e-01 8.129910105635189399e-02 3.122731539387019195e-01
6.718009481269812677e-02 1.504258690027042988e-01 -1.405465447583429534e-02 9.842905003692856147e-02
7.648480231715501509e-02 -2.459807432693453949e-02 -7.455762353232021911e-02 -1.661360921572692939e-01
1.744862115199382821e-02 -1.111439703529008838e-01 -1.178441928857004301e-01 -3.561297230661242819e-01
8.680480390110765490e-04 -9.805409102417504685e-02 -1.478049803877213852e-01 -4.024207652328457008e-01
1.419666066368052183e-02 -8.996268605391723183e-02 -8.472858371091845919e-02 -2.917980490197341625e-01
6.592937984032959386e-02 -1.040711113977023511e-01 2.959714737852921912e-02 -7.846590030559263962e-02
6.455073458196548819e-02 -5.062033049815421737e-02 1.318518629784411478e-01 1.262824332133911653e-01
2.596979161079461529e-02 8.549424724934116815e-02 1.398286450838512052e-01 2.597842480722243885e-01
6.811216449917485358e-03 1.802689403754398900e-01 1.317048371400468265e-01 2.974187080400628735e-01
2.554513605033950641e-02 1.213869060572612124e-01 -7.577393339032824360e-03 -7.301685416923695687e-03
7.378343013725385813e-02 6.865062082227284257e-02 -5.051070689538755820e-02 -1.912211804799142811e+01
5.921283058206413402e-02 -3.587833598277446612e+01 -8.130905807577658351e+00 -3.022697947022342513e-01
