-5.756017917093466885e+00 -4.823597090564324930e+01 -3.675924846651579969e+01 -2.443090429667265653e+02
-5.638997131158219211e+00 -4.676375007201366429e+01 -3.575902985202657902e+01 -2.297600892072268550e+02
-5.396795933376923315e+00 -4.100896874400822867e+01 -3.494201810298582700e+01 -2.189788497044612257e+02
-5.123487264800592023e+00 -4.056451304632861365e+01 -3.416428938218574274e+01 -2.150525945781497796e+02
-4.708020408468200024e+00 -3.483255723695827299e+01 -3.266829518155510215e+01 -1.954222446601286833e+02
-4.605536118164778259e+00 -2.849903593935928825e+01 -3.206204644174977147e+01 -1.869040102193896473e+02
-4.699662256764039370e+00 -2.958771460180806656e+01 -3.147585744048459944e+01 -1.838743683772787278e+02
-4.713973500645556314e+00 -2.327980713894146447e+01 -3.079388839628506602e+01 -1.774721998524820776e+02
-4.519844013039615582e+00 -2.463056788497779692e+01 -3.002777227531967696e+01 -1.667601128653222986e+02
-4.217796395550068134e+00 -1.887047216097462510e+01 -2.928169323476068797e+01 -1.608292776403340838e+02
-3.834464111490466731e+00 -2.015584674819704603e+01 -2.858610817594076536e+01 -1.591075575251364569e+02
-3.420755473204683206e+00 -1.499802749608639196e+01 -2.788291665757114046e+01 -1.533380501903493780e+02
-3.093664809277022254e+00 -1.572283660114830184e+01 -2.714976391202645090e+01 -1.442936726513902670e+02
-2.877850070276172012e+00 -1.148734959188684890e+01 -2.642941382299067143e+01 -1.401065517046568516e+02
-2.746293189765366183e+00 -1.165949927608113157e+01 -2.576911925249675761e+01 -1.387890487994692705e+02
-2.733906293031314050e+00 -8.498358179060325313e+00 -2.515749832414661569e+01 -1.331655166201516067e+02
-2.731302369747798942e+00 -7.869966030525628042e+00 -2.453519131932056396e+01 -1.254478322652833526e+02
-2.571025311305737304e+00 -5.839380746623705321e+00 -2.390752685596076788e+01 -1.227231947199176716e+02
-2.281053845820240511e+00 -4.483070155000034696e+00 -2.332426539411283883e+01 -1.219395441237935103e+02
-1.939093547715940336e+00 -3.560596825022573686e+00 -2.282706658436847746e+01 -1.167273707260644073e+02
-1.595685633409597015e+00 -1.417811054115848624e+00 -2.239557796553303248e+01 -1.103679300696636005e+02
-1.337265351680465120e+00 -1.342437952320731265e+00 -2.199637202195790664e+01 -1.088452138435194030e+02
-1.212033830816258595e+00 1.445214066408120557e+00 -2.164201782249305595e+01 -1.081776801524360820e+02
-1.163190730518810057e+00 7.738725416280666236e-01 -2.135654333185619080e+01 -1.030424949849306699e+02
-1.138663897334028841e+00 3.945834192551317621e+00 -2.113111476661358878e+01 -9.768953609020805118e+01
-1.102635352583849260e+00 2.783049985449633112e+00 -2.092208681000535719e+01 -9.698139979292554358e+01
-9.622872238335352657e-01 6.129016775599713363e+00 -2.070391321372131088e+01 -9.634648972637435804e+01
-7.091943700214282664e-01 4.731934076353754293e+00 -2.050066962478923926e+01 -9.144625475335652709e+01
-4.244470435651691576e-01 7.965892851280243825e+00 -2.032945664564178045e+01 -8.717169404986159975e+01
-1.723533893229246827e-01 6.617213728278157348e+00 -2.018041581681406171e+01 -8.723586516217133635e+01
-4.168719383206004672e-03 9.566051604433871702e+00 -2.002323612474652847e+01 -8.659789582266191132e+01
4.729367856413781157e-02 8.541132159688109127e+00 -1.985526451905601775e+01 -8.186470770628756100e+01
3.371985871536226781e-02 1.096150516051479507e+01 -1.969392752800484203e+01 -7.837142551141276670e+01
5.007865509034785390e-02 1.040038648188404480e+01 -1.953619336414935503e+01 -7.885425526460593915e+01
1.238827710305778068e-01 1.212678381900603242e+01 -1.936107422725002181e+01 -7.805478636483397281e+01
2.668407729076066603e-01 1.217338720697068233e+01 -1.918800151006292154e+01 -7.341964494079657300e+01
4.821680416246701406e-01 1.312635178028563665e+01 3.392581205743027795e+01 -7.069326697214583533e+01
7.073003903407281134e-01 1.382677397704870792e+01 -1.860960434992709267e+01 -7.198869314203169267e+01
8.761846307230952702e-01 1.404073720522992730e+01 -1.839591441801309202e+01 -1.114842551444329217e+02
9.614918636870093405e-01 1.411227350269584946e+01 -1.888582923823381066e+01 -6.630929711653260483e+01
