-4.540345258161688236e+01 -3.811432054113661394e+01 -3.205018871697596694e+01 -3.512960980722947824e+01
-4.540345258161688236e+01 -3.811432054113661394e+01 -3.205018871697596694e+01 -3.512960980722947824e+01
-4.540345258161688236e+01 -3.811432054113661394e+01 -3.205018871697596694e+01 -3.512960980722947824e+01
-2.470464197939842776e+01 -8.348887710880047663e+00 -1.333392669496682359e+01 -1.510860472049509973e+01
-1.957412908947787287e+02 -1.629501195193637741e+01 -1.310700932989889189e+01 -4.062056032769728375e+01
-3.345010277582930769e+01 -9.953621220834103056e+00 -3.810844119372872285e+01 -1.005257008690606284e+02
-1.426569112124442107e+01 -2.819701691647040320e+01 -9.035075511045920393e+01 -4.149474328991436067e+01
-2.254023520108987455e+01 -1.333946494875687563e+02 -3.644900429229042516e+01 -1.506662012745586132e+01
-2.470520556953361080e+01 -8.348878151580294116e+00 -1.333393226141711274e+01 -1.510860294199599352e+01
-1.545975434453214348e+02 -1.299290087409462444e+02 3.493007446473473721e+01 3.447076553590699177e+01
-8.386680193364651359e+01 -3.024939966861019514e+01 -8.572065106112289641e+02 -1.531678057917641844e+01
-8.949477153536051333e+01 -1.012525510933152439e+01 -1.362727048451983762e+02 -4.203170831469420676e+01
-1.950871251535159558e+02 -1.021214428149010089e+01 3.368709956071398892e+01 -4.277400664001216768e+01
-2.954050057400560192e+01 -3.809001508332283379e+02 -9.558542431304255516e+00 -4.257047893352184076e+01
-2.152347168770517172e+01 8.899086846179673671e+01 -5.319831033179187330e+01 -2.849191992317055266e+01
9.553858331218388855e+01 -1.941222769941107273e+01 -2.221816366217972316e+01 -5.740361369182117812e+01
-3.711513644946398927e+02 -2.343678215525971709e+01 -3.624941715664226649e+01 -1.178622033716945872e+01
-1.283619456014644022e+01 -1.575130855407154513e+02 -3.559467955010225637e+01 3.363619249911201337e+01
-1.441165567255083602e+01 -6.620403460792313410e+01 -3.843591655506171634e+01 -1.324220247674009556e+02
-3.747989009509340264e+01 -5.935474580266881617e+01 -1.370159624790618125e+01 -8.544618125108539743e+02
-1.545974959741242003e+02 -1.299290037951062686e+02 3.493007367245918005e+01 3.447076615891008800e+01
-1.546034789954079827e+02 -1.299322549155465367e+02 3.491207918381787323e+01 3.443911970488218088e+01
-7.656124024721734145e+01 -3.690838028234210100e+01 -1.647883788199644428e+01 -2.352885624415488763e+00
-9.773152810398461554e+01 -9.596676716601326262e+00 -1.096347425278683474e+01 -1.485287740905302556e+01
-9.160871125053884612e+01 1.802561767022282311e+02 -1.548819659601685750e+01 -4.772733382044810924e+01
-1.987918389887778119e+02 4.063341035861218842e+01 -2.869320906882781586e+01 -4.642454297802563445e+01
-3.384791334314073197e+01 -1.045515830547152802e+01 4.125645765797438713e+01 -6.808793312272635490e+01
-2.195192411329380278e+01 -1.087539526130437828e+01 -1.355582987647046345e+01 -6.684738034475847712e+01
-5.348446419986447431e+00 -2.226315241374749121e+01 -5.699955614886461319e+01 -2.753311449731906180e+01
-2.379796779322707323e+01 -1.617490495339752954e+01 -2.122277000389847856e+01 -6.129695505272081846e+01
-1.528290430815130563e+01 -1.997161915207687599e+01 -5.717835742687126555e+01 -1.575780559515356316e+01
-1.468543072770884983e+01 -2.805938826224990379e+01 -5.899056846884355565e+01 4.077134928181516926e+01
4.014990572532683899e+01 -1.605422882497760781e+02 -3.916998575036760855e+01 -2.799161825739460241e+01
1.897057837070297808e+02 -6.751932881806681053e+01 -4.401186115036380642e+01 -1.659455119950955648e+01
-1.354344738153498895e+01 -7.006781168853375164e+01 -1.358522951880830476e+01 -1.323788069896990294e+01
-4.419154262680588374e+01 -5.160993356944603505e+01 -1.450064068277561180e+00 -1.746741272630730890e+01
-1.546034789434314973e+02 -1.299322467117225699e+02 3.491208034710702890e+01 3.443911705843589743e+01
-2.471732518915113630e+01 -8.356401543115016040e+00 -1.334700959487630811e+01 -1.512826622298993229e+01
-6.347469629791902435e+01 -2.617836802144838515e+01 -2.843694826409240761e+01 2.264170746749430307e+01
-7.424876026200320212e+01 -1.729968859200758757e+01 -3.695281144893426983e+01 1.713574495312898449e+01
-9.123901797671487657e+01 5.418517218135423263e+01 -2.683568926875181759e+01 -1.686546763981730734e+01
-1.277241196399526757e+02 -2.099052855123234451e+01 -2.255634946306016531e+01 -2.707671342311784102e+01
-4.070222748926958189e+01 -2.671893096181396388e+01 -1.892732602066636716e+01 -9.648736448126827270e+01
-2.561480101176888269e+01 -3.295898856284429712e+01 4.349061611961640494e+01 -5.854073259161953757e+01
1.544097950637179473e+01 -4.367539284923564225e+01 -1.543179903260960906e+01 -4.250347364733161726e+01
2.304467852851838572e+01 -3.401019184950453678e+01 -2.142285901902638656e+01 -3.499098986389844868e+01
-2.001140582355753850e+01 -1.660378703151561197e+01 4.188442013266063135e+00 -2.430649420558606444e+00
-3.999810444977457990e+01 2.254211547998660947e+01 -2.550731657181307810e+01 -2.412107240675453923e+01
-5.199977692766042736e+01 1.627870567999113049e+01 -3.496178062426967159e+01 -1.648085386463532132e+01
-3.985415166885307769e+01 -1.812965839135755886e+01 -5.058314808255327932e+01 4.731604075311533819e+01
-3.117702420637550631e+01 -3.268686518519202622e+01 -8.904099451422386835e+01 -2.003466118847068245e+01
-2.306419808037439267e+01 -1.054948461859490010e+02 -2.582307658057214184e+01 -2.485909305529255775e+01
6.555739760467589861e+01 -6.743675152027884678e+01 -1.511579935017602594e+01 -2.981791766682097844e+01
-1.977938289438113273e+01 -5.002711910711637699e+01 1.787073685901740561e+01 -4.043708989162929868e+01
-3.189098955059087359e+01 -4.133550301052618892e+01 2.289857555150146950e+01 -3.119639201179003862e+01
-2.471718540444213730e+01 -8.356396309094774821e+00 -1.334701076416402898e+01 -1.512826205824259596e+01
-4.542164930582201521e+01 -3.812371734794933076e+01 -3.205797614293042841e+01 -3.514367093704587575e+01
-2.472465548415681980e+01 -1.659644748057793606e+01 3.838911958325541551e+00 -1.507105106400999084e+01
-1.546254036586176994e+02 3.397718305823353546e+01 -1.117838086261470636e+02 3.447196497775647828e+01
-1.546263404909969097e+02 3.396279235625885917e+01 -1.117836482089076355e+02 3.447979015105502754e+01
-2.472547312479350623e+01 -1.660458358632328313e+01 3.839472016486994210e+00 -1.506617381733284056e+01
-4.542569573524655624e+01 -3.813064892034482511e+01 -3.205685773480214351e+01 -3.513823689421244723e+01
-2.001392845961826694e+01 -8.495697109014075821e+00 -1.347955475479766996e+01 -2.154649845782407702e+00
3.365701574664307572e+01 -1.300733860953758096e+02 3.492829482916018691e+01 -1.205518591194965268e+02
3.366199129720290273e+01 -1.300717391541757877e+02 3.492697910312642762e+01 -1.205529612220521756e+02
-2.001123546771311723e+01 -8.491969627196349180e+00 -1.348096538484168327e+01 -2.156572025969822004e+00
-4.542279099359166850e+01 -3.812422711007236842e+01 -3.205702325823094156e+01 -3.514249379604179069e+01
-2.472463124615780927e+01 -1.659647746147803815e+01 3.838914092567669911e+00 -1.507127900517689412e+01
-1.546257634584812024e+02 3.397708327400192729e+01 -1.117836662517870394e+02 3.447200461403303962e+01
-1.546266620062046115e+02 3.396639361232957555e+01 -1.117834961998254926e+02 3.447978616164517973e+01
-2.472533102473895283e+01 -1.660484839096846699e+01 3.839418038693550361e+00 -1.506616935323894069e+01
-4.542716764320203993e+01 -3.812926481245617794e+01 -3.205615248200899714e+01 -3.513874124893849427e+01
-2.001378109815945194e+01 -8.495698896884896101e+00 -1.347962352596095670e+01 -2.154587781793338763e+00
3.365696941590393720e+01 -1.300731426508318975e+02 3.492830147591674006e+01 -1.205520345867977596e+02
3.366204448288695517e+01 -1.300715550250661465e+02 3.492697013313146925e+01 -1.205532393881886435e+02
-2.001124206443734366e+01 -8.492010020155882799e+00 -1.348082718242394762e+01 -2.156548350523011859e+00
-4.542165131796597421e+01 -3.812372039427210524e+01 -3.205797614836403397e+01 -3.514368370959794419e+01
-2.001172950540959050e+01 -1.660400814540410863e+01 4.188443983769027490e+00 -2.430614287408146890e+00
-4.000017265799512955e+01 2.254225711635724139e+01 -2.550732885274885575e+01 -2.412062659093968264e+01
-5.199813158422163184e+01 1.627868445571328593e+01 -3.496176052399954415e+01 -1.648108388125511325e+01
-3.985192900262464377e+01 -1.812961994070275651e+01 -5.058305638594632114e+01 4.731153327383604790e+01
-3.117670075841755306e+01 -3.268500875460373578e+01 -8.904123793055295266e+01 -2.003367746002517791e+01
-2.306181533300883046e+01 -1.054949821642624670e+02 -2.582286699414343545e+01 -2.485871527501114286e+01
6.556465526619157913e+01 -6.743660919266108067e+01 -1.511586228011829114e+01 -2.981657788691584088e+01
-1.977780512365590226e+01 -5.002711133758172934e+01 1.787075543937467614e+01 -4.043580546514925089e+01
-3.189126937010408014e+01 -4.133550267010358681e+01 2.289887153509767259e+01 -3.119843679221635213e+01
-2.471709901201034754e+01 -8.356394868392854391e+00 -1.334730171810653765e+01 -1.512868075217873987e+01
-6.347470784157992085e+01 -2.617895248915777984e+01 -2.843849814987520475e+01 2.264219289898123577e+01
-7.424864493901800699e+01 -1.729764460257735692e+01 -3.695156670254853282e+01 1.713579271433427209e+01
-9.123886899353379931e+01 5.418393844341135690e+01 -2.683423573176886734e+01 -1.686557992259460548e+01
-1.277243394271784069e+02 -2.098806488687662153e+01 -2.255592685887526727e+01 -2.707599840895146315e+01
-4.070238709708520730e+01 -2.671822210212320314e+01 -1.892595619620325209e+01 -9.648736482667581527e+01
-2.561476108119717665e+01 -3.295729039574550967e+01 4.347481498001698696e+01 -5.854056838373705318e+01
1.544094623427129775e+01 -4.367402038779766826e+01 -1.543128844496137120e+01 -4.250392334365166391e+01
2.304501816957177240e+01 -3.401154406006027386e+01 -2.142278707130005699e+01 -3.499088610408193745e+01
-2.001166391579430126e+01 -1.660401196489344500e+01 4.188438497510050595e+00 -2.430612047700981826e+00
3.363658937187177145e+01 3.398309523793593456e+01 -1.114479394085672652e+02 -1.208149867709131939e+02
-2.660871431236284224e+01 -3.348845712395366991e+00 -3.528330757308529542e+01 -3.408602683302711966e+01
-1.919379754095582058e+01 -1.634752676084339029e+01 -5.112646034832452813e+01 -7.432639354002049892e+00
-1.983022833793152273e+01 -5.131302368939824277e+01 -5.084407796491777276e+01 1.836946478758153205e+02
-2.575766370082778067e+01 -5.370875578379985171e+01 -1.302879220013487611e+02 4.099422600846448006e+01
4.019178796194740499e+01 -7.730023836648682334e+01 -2.325814552592191120e+01 -8.600637393787820884e+00
-2.540354688391047233e+01 -7.624758845870469770e+01 -1.788399328732976912e+01 -8.590741052368457531e+00
-7.673674382273635786e+01 -3.424668991475629554e+01 -3.989726030105930477e+01 -2.134478181560557886e+01
-5.574653398378770675e+01 -6.590462090591643118e+01 -2.064561788602209802e+01 -2.945397222768079715e+01
-1.034668036446589667e+02 -1.723412720103278417e+01 -6.945708234468887632e+00 -1.925688973026998241e+01
-1.034414436484511839e+02 4.053344276125598356e+01 -6.685238681250931236e+00 -2.569170311587372879e+01
-7.379827487221039917e+01 -2.730859395182967120e+01 4.148748160522407602e+01 -1.453298903909524427e+02
-6.021194432224626780e+01 -1.764433372237640185e+01 1.820188681125943049e+02 -5.896788714092002692e+01
-2.401194437548862126e+01 -1.483760321523253545e+01 -5.384180903256092776e+00 -6.035691625279444139e+01
-4.511385616942625632e+00 -1.863163494247232777e+01 -3.096047131869558555e+01 -4.411979195092361294e+01
3.363658949440196722e+01 3.398309602815103858e+01 -1.114479867635153028e+02 -1.208149721518007595e+02
3.368056159837518493e+01 3.400929640646111096e+01 -1.114454705157079957e+02 -1.208110810421167116e+02
-8.423366262453181434e+02 -1.697890317456197451e+01 -4.281374984484310886e+01 -2.777461783649134830e+01
-1.179210088629220650e+02 -4.543851195601813231e+01 -4.967892212091880566e+01 -8.273977035103042610e+00
3.680463027261684772e+01 -4.999734570994819194e+01 -1.277781529815669757e+02 -9.053528248766463449e+00
-2.225440014920405218e+01 -5.032912722647909476e+01 -1.915420305415617719e+01 -3.845303859138126654e+02
-7.232458671435816200e+01 -3.510261414429494664e+01 -1.732716480027560024e+01 9.073667314675972762e+01
-5.633657360596655650e+01 -6.188806939979853894e+01 8.932987442403957346e+01 -1.823220329429694075e+01
-7.491489535391629317e+01 -1.638281729491467331e+01 -3.878803898258776144e+02 -2.145948403161920481e+01
-6.992156887469843696e+01 3.387321169341441163e+01 -7.893561374488738736e+00 -1.425532869074882854e+02
-5.157082735793399308e+01 -1.285017156539491054e+02 -6.371116930697445113e+00 -5.789317914228335837e+01
-2.026327375237902473e+01 -8.510349224873178855e+02 -2.461057039925681522e+01 -5.091020648235502222e+01
3.368056165784570766e+01 3.400929720963710423e+01 -1.114455632009478876e+02 -1.208110418693080703e+02
-1.998059708808723656e+01 -1.658611730960217301e+01 4.193936344763211643e+00 -2.422678918317050734e+00
-2.138959879892493632e+01 -4.432992458805711067e+01 -8.800891440158285661e+01 -1.203191636526750408e+01
-5.246730237290177712e+01 -1.115357875696193446e+02 -2.292280523201834797e+01 -8.159037610658057105e+00
-1.410045769074292252e+02 -4.411534466571021085e+01 -6.235257383560123046e+00 -2.542140339382559944e+01
-5.036912194285751809e+01 -1.691763928588312282e+01 -9.901255914091860788e+00 -1.102829005222698697e+02
-1.998065685308140971e+01 -1.658611173833309138e+01 4.193995356763272397e+00 -2.422673363398623270e+00
-4.540080718810838079e+01 -3.811233939454486119e+01 -3.204843648127446443e+01 -3.512779189457626927e+01
-4.540079505366382051e+01 -3.811233935827100083e+01 -3.204843438073063311e+01 -3.512779437921089709e+01
-4.540080718810838079e+01 -3.811233939454486119e+01 -3.204843648127446443e+01 -3.512779189457626927e+01
