0.000000000000000000e+00
3.141592653589793116e+00
6.283185307179586232e+00
0.000000000000000000e+00
1.256637061435917246e+00
2.513274122871834493e+00
3.769911184307751739e+00
5.026548245743668986e+00
6.283185307179586232e+00
0.000000000000000000e+00
5.711986642890533039e-01
1.142397328578106608e+00
1.713595992867159801e+00
2.284794657156213216e+00
2.855993321445266631e+00
3.427191985734319601e+00
3.998390650023373016e+00
4.569589314312426431e+00
5.140787978601479402e+00
5.711986642890533261e+00
6.283185307179586232e+00
0.000000000000000000e+00
4.188790204786390636e-01
8.377580409572781273e-01
1.256637061435917246e+00
1.675516081914556255e+00
2.094395102393195263e+00
2.513274122871834493e+00
2.932153143350473279e+00
3.351032163829112509e+00
3.769911184307751739e+00
4.188790204786390525e+00
4.607669225265029311e+00
5.026548245743668986e+00
5.445427266222307772e+00
5.864306286700946558e+00
6.283185307179586232e+00
0.000000000000000000e+00
3.490658503988658956e-01
6.981317007977317912e-01
1.047197551196597631e+00
1.396263401595463582e+00
1.745329251994329534e+00
2.094395102393195263e+00
2.443460952792061214e+00
2.792526803190927165e+00
3.141592653589793116e+00
3.490658503988659067e+00
3.839724354387525018e+00
4.188790204786390525e+00
4.537856055185256920e+00
4.886921905584122428e+00
5.235987755982988823e+00
5.585053606381854330e+00
5.934119456780719837e+00
6.283185307179586232e+00
0.000000000000000000e+00
3.141592653589793116e-01
6.283185307179586232e-01
9.424777960769379348e-01
1.256637061435917246e+00
1.570796326794896558e+00
1.884955592153875870e+00
2.199114857512855181e+00
2.513274122871834493e+00
2.827433388230813804e+00
3.141592653589793116e+00
3.455751918948772428e+00
3.769911184307751739e+00
4.084070449666731051e+00
4.398229715025710362e+00
4.712388980384689674e+00
5.026548245743668986e+00
5.340707511102648297e+00
5.654866776461627609e+00
5.969026041820606920e+00
6.283185307179586232e+00
0.000000000000000000e+00
3.490658503988658956e-01
6.981317007977317912e-01
1.047197551196597631e+00
1.396263401595463582e+00
1.745329251994329534e+00
2.094395102393195263e+00
2.443460952792061214e+00
2.792526803190927165e+00
3.141592653589793116e+00
3.490658503988659067e+00
3.839724354387525018e+00
4.188790204786390525e+00
4.537856055185256920e+00
4.886921905584122428e+00
5.235987755982988823e+00
5.585053606381854330e+00
5.934119456780719837e+00
6.283185307179586232e+00
0.000000000000000000e+00
4.188790204786390636e-01
8.377580409572781273e-01
1.256637061435917246e+00
1.675516081914556255e+00
2.094395102393195263e+00
2.513274122871834493e+00
2.932153143350473279e+00
3.351032163829112509e+00
3.769911184307751739e+00
4.188790204786390525e+00
4.607669225265029311e+00
5.026548245743668986e+00
5.445427266222307772e+00
5.864306286700946558e+00
6.283185307179586232e+00
0.000000000000000000e+00
5.711986642890533039e-01
1.142397328578106608e+00
1.713595992867159801e+00
2.284794657156213216e+00
2.855993321445266631e+00
3.427191985734319601e+00
3.998390650023373016e+00
4.569589314312426431e+00
5.140787978601479402e+00
5.711986642890533261e+00
6.283185307179586232e+00
0.000000000000000000e+00
1.256637061435917246e+00
2.513274122871834493e+00
3.769911184307751739e+00
5.026548245743668986e+00
6.283185307179586232e+00
0.000000000000000000e+00
3.141592653589793116e+00
6.283185307179586232e+00
