3.499198837366446213e-01
3.673731762565879411e-01
3.848264687765312053e-01
4.022797612964745251e-01
4.197330538164177893e-01
4.371863463363611091e-01
4.546396388563044288e-01
4.720929313762477486e-01
4.895462238961910129e-01
5.069995164161342771e-01
5.244528089360775969e-01
5.419061014560209166e-01
5.593593939759642364e-01
5.768126864959075562e-01
5.942659790158508759e-01
6.117192715357940846e-01
6.291725640557374044e-01
3.499198837366446213e-01
3.673731762565879411e-01
3.848264687765312053e-01
4.022797612964745251e-01
4.197330538164177893e-01
4.371863463363611091e-01
4.546396388563044288e-01
4.720929313762477486e-01
4.895462238961910129e-01
5.069995164161342771e-01
5.244528089360775969e-01
5.419061014560209166e-01
5.593593939759642364e-01
5.768126864959075562e-01
5.942659790158508759e-01
6.117192715357940846e-01
6.291725640557374044e-01
6.466258565756807242e-01
6.640791490956239329e-01
6.815324416155672527e-01
3.499198837366446213e-01
3.673731762565879411e-01
3.848264687765312053e-01
4.022797612964745251e-01
4.197330538164177893e-01
4.371863463363611091e-01
4.546396388563044288e-01
4.720929313762477486e-01
4.895462238961910129e-01
5.069995164161342771e-01
5.244528089360775969e-01
5.419061014560209166e-01
5.593593939759642364e-01
5.768126864959075562e-01
5.942659790158508759e-01
6.117192715357940846e-01
6.291725640557374044e-01
6.466258565756807242e-01
6.640791490956239329e-01
6.815324416155672527e-01
6.989857341355105724e-01
3.499198837366446213e-01
3.673731762565879411e-01
3.848264687765312053e-01
4.022797612964745251e-01
4.197330538164177893e-01
4.371863463363611091e-01
4.546396388563044288e-01
4.720929313762477486e-01
4.895462238961910129e-01
5.069995164161342771e-01
5.244528089360775969e-01
5.419061014560209166e-01
5.593593939759642364e-01
5.768126864959075562e-01
5.942659790158508759e-01
6.117192715357940846e-01
6.291725640557374044e-01
6.466258565756807242e-01
6.640791490956239329e-01
6.815324416155672527e-01
6.989857341355105724e-01
3.499198837366446213e-01
3.673731762565879411e-01
3.848264687765312053e-01
4.022797612964745251e-01
4.197330538164177893e-01
4.371863463363611091e-01
4.546396388563044288e-01
4.720929313762477486e-01
4.895462238961910129e-01
5.069995164161342771e-01
5.244528089360775969e-01
5.419061014560209166e-01
5.593593939759642364e-01
5.768126864959075562e-01
5.942659790158508759e-01
6.117192715357940846e-01
6.291725640557374044e-01
6.466258565756807242e-01
6.640791490956239329e-01
6.815324416155672527e-01
6.989857341355105724e-01
3.499198837366446213e-01
3.673731762565879411e-01
3.848264687765312053e-01
4.022797612964745251e-01
4.197330538164177893e-01
4.371863463363611091e-01
4.546396388563044288e-01
4.720929313762477486e-01
4.895462238961910129e-01
5.069995164161342771e-01
5.244528089360775969e-01
5.419061014560209166e-01
5.593593939759642364e-01
5.768126864959075562e-01
5.942659790158508759e-01
6.117192715357940846e-01
6.291725640557374044e-01
6.466258565756807242e-01
6.640791490956239329e-01
6.815324416155672527e-01
6.989857341355105724e-01
3.499198837366446213e-01
3.673731762565879411e-01
3.848264687765312053e-01
4.022797612964745251e-01
4.197330538164177893e-01
4.371863463363611091e-01
4.546396388563044288e-01
4.720929313762477486e-01
4.895462238961910129e-01
5.069995164161342771e-01
5.244528089360775969e-01
5.419061014560209166e-01
5.593593939759642364e-01
5.768126864959075562e-01
5.942659790158508759e-01
6.117192715357940846e-01
6.291725640557374044e-01
6.466258565756807242e-01
6.640791490956239329e-01
6.815324416155672527e-01
6.989857341355105724e-01
3.499198837366446213e-01
3.673731762565879411e-01
3.848264687765312053e-01
4.022797612964745251e-01
4.197330538164177893e-01
4.371863463363611091e-01
4.546396388563044288e-01
4.720929313762477486e-01
4.895462238961910129e-01
5.069995164161342771e-01
5.244528089360775969e-01
5.419061014560209166e-01
5.593593939759642364e-01
5.768126864959075562e-01
5.942659790158508759e-01
6.117192715357940846e-01
6.291725640557374044e-01
6.466258565756807242e-01
6.640791490956239329e-01
6.815324416155672527e-01
6.989857341355105724e-01
3.499198837366446213e-01
3.673731762565879411e-01
3.848264687765312053e-01
4.022797612964745251e-01
4.197330538164177893e-01
4.371863463363611091e-01
4.546396388563044288e-01
4.720929313762477486e-01
4.895462238961910129e-01
5.069995164161342771e-01
5.244528089360775969e-01
5.419061014560209166e-01
5.593593939759642364e-01
5.768126864959075562e-01
5.942659790158508759e-01
6.117192715357940846e-01
6.291725640557374044e-01
6.466258565756807242e-01
6.640791490956239329e-01
6.815324416155672527e-01
6.989857341355105724e-01
3.499198837366446213e-01
3.673731762565879411e-01
3.848264687765312053e-01
4.022797612964745251e-01
4.197330538164177893e-01
4.371863463363611091e-01
4.546396388563044288e-01
4.720929313762477486e-01
4.895462238961910129e-01
5.069995164161342771e-01
5.244528089360775969e-01
5.419061014560209166e-01
5.593593939759642364e-01
5.768126864959075562e-01
5.942659790158508759e-01
6.117192715357940846e-01
6.291725640557374044e-01
6.466258565756807242e-01
6.640791490956239329e-01
6.815324416155672527e-01
6.989857341355105724e-01
3.499198837366446213e-01
3.673731762565879411e-01
3.848264687765312053e-01
4.022797612964745251e-01
4.197330538164177893e-01
4.371863463363611091e-01
4.546396388563044288e-01
4.720929313762477486e-01
4.895462238961910129e-01
5.069995164161342771e-01
5.244528089360775969e-01
5.419061014560209166e-01
5.593593939759642364e-01
5.768126864959075562e-01
5.942659790158508759e-01
6.117192715357940846e-01
6.291725640557374044e-01
6.466258565756807242e-01
6.640791490956239329e-01
6.815324416155672527e-01
6.989857341355105724e-01
3.499198837366446213e-01
3.673731762565879411e-01
3.848264687765312053e-01
4.022797612964745251e-01
4.197330538164177893e-01
4.371863463363611091e-01
4.546396388563044288e-01
4.720929313762477486e-01
4.895462238961910129e-01
5.069995164161342771e-01
5.244528089360775969e-01
5.419061014560209166e-01
5.593593939759642364e-01
5.768126864959075562e-01
5.942659790158508759e-01
6.117192715357940846e-01
6.291725640557374044e-01
6.466258565756807242e-01
6.640791490956239329e-01
6.815324416155672527e-01
6.989857341355105724e-01
3.499198837366446213e-01
3.673731762565879411e-01
3.848264687765312053e-01
4.022797612964745251e-01
4.197330538164177893e-01
4.371863463363611091e-01
4.546396388563044288e-01
4.720929313762477486e-01
4.895462238961910129e-01
5.069995164161342771e-01
5.244528089360775969e-01
5.419061014560209166e-01
5.593593939759642364e-01
5.768126864959075562e-01
5.942659790158508759e-01
6.117192715357940846e-01
6.291725640557374044e-01
6.466258565756807242e-01
6.640791490956239329e-01
6.815324416155672527e-01
6.989857341355105724e-01
3.499198837366446213e-01
3.673731762565879411e-01
3.848264687765312053e-01
4.022797612964745251e-01
4.197330538164177893e-01
4.371863463363611091e-01
4.546396388563044288e-01
4.720929313762477486e-01
4.895462238961910129e-01
5.069995164161342771e-01
5.244528089360775969e-01
5.419061014560209166e-01
5.593593939759642364e-01
5.768126864959075562e-01
5.942659790158508759e-01
6.117192715357940846e-01
6.291725640557374044e-01
6.466258565756807242e-01
6.640791490956239329e-01
6.815324416155672527e-01
6.989857341355105724e-01
3.499198837366446213e-01
3.673731762565879411e-01
3.848264687765312053e-01
4.022797612964745251e-01
4.197330538164177893e-01
4.371863463363611091e-01
4.546396388563044288e-01
4.720929313762477486e-01
4.895462238961910129e-01
5.069995164161342771e-01
5.244528089360775969e-01
5.419061014560209166e-01
5.593593939759642364e-01
5.768126864959075562e-01
5.942659790158508759e-01
6.117192715357940846e-01
6.291725640557374044e-01
6.466258565756807242e-01
6.640791490956239329e-01
6.815324416155672527e-01
6.989857341355105724e-01
