5.000000000000000000e+07
5.200000000000000000e+07
5.400000000000000000e+07
5.600000000000000000e+07
5.800000000000000000e+07
6.200000000000000000e+07
7.000000000000000000e+07
7.200000000000000000e+07
7.400000000000000000e+07
7.600000000000000000e+07
7.800000000000000000e+07
8.000000000000000000e+07
8.200000000000000000e+07
8.400000000000000000e+07
8.600000000000000000e+07
8.800000000000000000e+07
9.000000000000000000e+07
9.200000000000000000e+07
9.400000000000000000e+07
9.600000000000000000e+07
9.800000000000000000e+07
1.000000000000000000e+08
1.020000000000000000e+08
1.040000000000000000e+08
1.060000000000000000e+08
1.080000000000000000e+08
1.100000000000000000e+08
1.120000000000000000e+08
1.140000000000000000e+08
1.160000000000000000e+08
1.180000000000000000e+08
1.200000000000000000e+08
1.220000000000000000e+08
1.240000000000000000e+08
1.260000000000000000e+08
1.280000000000000000e+08
1.300000000000000000e+08
1.320000000000000000e+08
1.340000000000000000e+08
1.360000000000000000e+08
1.380000000000000000e+08
1.400000000000000000e+08
1.420000000000000000e+08
1.440000000000000000e+08
1.460000000000000000e+08
1.480000000000000000e+08
1.500000000000000000e+08
