6.504289629231249648e-02
6.504289629231249648e-02
6.504289629231249648e-02
6.504289629231249648e-02
6.504289629231249648e-02
6.504289629231249648e-02
6.504289629231249648e-02
6.504289629231249648e-02
6.504289629231249648e-02
6.504289629231249648e-02
6.504289629231249648e-02
6.504289629231249648e-02
6.504289629231249648e-02
6.504289629231249648e-02
6.504289629231249648e-02
6.504289629231249648e-02
6.504289629231249648e-02
8.997617132080290570e-02
8.997617132080290570e-02
8.997617132080290570e-02
8.997617132080290570e-02
8.997617132080290570e-02
8.997617132080290570e-02
8.997617132080290570e-02
8.997617132080290570e-02
8.997617132080290570e-02
8.997617132080290570e-02
8.997617132080290570e-02
8.997617132080290570e-02
8.997617132080290570e-02
8.997617132080290570e-02
8.997617132080290570e-02
8.997617132080290570e-02
8.997617132080290570e-02
8.997617132080290570e-02
8.997617132080290570e-02
8.997617132080290570e-02
1.149094463492933288e-01
1.149094463492933288e-01
1.149094463492933288e-01
1.149094463492933288e-01
1.149094463492933288e-01
1.149094463492933288e-01
1.149094463492933288e-01
1.149094463492933288e-01
1.149094463492933288e-01
1.149094463492933288e-01
1.149094463492933288e-01
1.149094463492933288e-01
1.149094463492933288e-01
1.149094463492933288e-01
1.149094463492933288e-01
1.149094463492933288e-01
1.149094463492933288e-01
1.149094463492933288e-01
1.149094463492933288e-01
1.149094463492933288e-01
1.149094463492933288e-01
1.398427213777837519e-01
1.398427213777837519e-01
1.398427213777837519e-01
1.398427213777837519e-01
1.398427213777837519e-01
1.398427213777837519e-01
1.398427213777837519e-01
1.398427213777837519e-01
1.398427213777837519e-01
1.398427213777837519e-01
1.398427213777837519e-01
1.398427213777837519e-01
1.398427213777837519e-01
1.398427213777837519e-01
1.398427213777837519e-01
1.398427213777837519e-01
1.398427213777837519e-01
1.398427213777837519e-01
1.398427213777837519e-01
1.398427213777837519e-01
1.398427213777837519e-01
1.647759964062741611e-01
1.647759964062741611e-01
1.647759964062741611e-01
1.647759964062741611e-01
1.647759964062741611e-01
1.647759964062741611e-01
1.647759964062741611e-01
1.647759964062741611e-01
1.647759964062741611e-01
1.647759964062741611e-01
1.647759964062741611e-01
1.647759964062741611e-01
1.647759964062741611e-01
1.647759964062741611e-01
1.647759964062741611e-01
1.647759964062741611e-01
1.647759964062741611e-01
1.647759964062741611e-01
1.647759964062741611e-01
1.647759964062741611e-01
1.647759964062741611e-01
1.897092714347645703e-01
1.897092714347645703e-01
1.897092714347645703e-01
1.897092714347645703e-01
1.897092714347645703e-01
1.897092714347645703e-01
1.897092714347645703e-01
1.897092714347645703e-01
1.897092714347645703e-01
1.897092714347645703e-01
1.897092714347645703e-01
1.897092714347645703e-01
1.897092714347645703e-01
1.897092714347645703e-01
1.897092714347645703e-01
1.897092714347645703e-01
1.897092714347645703e-01
1.897092714347645703e-01
1.897092714347645703e-01
1.897092714347645703e-01
1.897092714347645703e-01
2.146425464632550073e-01
2.146425464632550073e-01
2.146425464632550073e-01
2.146425464632550073e-01
2.146425464632550073e-01
2.146425464632550073e-01
2.146425464632550073e-01
2.146425464632550073e-01
2.146425464632550073e-01
2.146425464632550073e-01
2.146425464632550073e-01
2.146425464632550073e-01
2.146425464632550073e-01
2.146425464632550073e-01
2.146425464632550073e-01
2.146425464632550073e-01
2.146425464632550073e-01
2.146425464632550073e-01
2.146425464632550073e-01
2.146425464632550073e-01
2.146425464632550073e-01
2.395758214917454165e-01
2.395758214917454165e-01
2.395758214917454165e-01
2.395758214917454165e-01
2.395758214917454165e-01
2.395758214917454165e-01
2.395758214917454165e-01
2.395758214917454165e-01
2.395758214917454165e-01
2.395758214917454165e-01
2.395758214917454165e-01
2.395758214917454165e-01
2.395758214917454165e-01
2.395758214917454165e-01
2.395758214917454165e-01
2.395758214917454165e-01
2.395758214917454165e-01
2.395758214917454165e-01
2.395758214917454165e-01
2.395758214917454165e-01
2.395758214917454165e-01
2.645090965202357980e-01
2.645090965202357980e-01
2.645090965202357980e-01
2.645090965202357980e-01
2.645090965202357980e-01
2.645090965202357980e-01
2.645090965202357980e-01
2.645090965202357980e-01
2.645090965202357980e-01
2.645090965202357980e-01
2.645090965202357980e-01
2.645090965202357980e-01
2.645090965202357980e-01
2.645090965202357980e-01
2.645090965202357980e-01
2.645090965202357980e-01
2.645090965202357980e-01
2.645090965202357980e-01
2.645090965202357980e-01
2.645090965202357980e-01
2.645090965202357980e-01
2.894423715487262072e-01
2.894423715487262072e-01
2.894423715487262072e-01
2.894423715487262072e-01
2.894423715487262072e-01
2.894423715487262072e-01
2.894423715487262072e-01
2.894423715487262072e-01
2.894423715487262072e-01
2.894423715487262072e-01
2.894423715487262072e-01
2.894423715487262072e-01
2.894423715487262072e-01
2.894423715487262072e-01
2.894423715487262072e-01
2.894423715487262072e-01
2.894423715487262072e-01
2.894423715487262072e-01
2.894423715487262072e-01
2.894423715487262072e-01
2.894423715487262072e-01
3.143756465772166164e-01
3.143756465772166164e-01
3.143756465772166164e-01
3.143756465772166164e-01
3.143756465772166164e-01
3.143756465772166164e-01
3.143756465772166164e-01
3.143756465772166164e-01
3.143756465772166164e-01
3.143756465772166164e-01
3.143756465772166164e-01
3.143756465772166164e-01
3.143756465772166164e-01
3.143756465772166164e-01
3.143756465772166164e-01
3.143756465772166164e-01
3.143756465772166164e-01
3.143756465772166164e-01
3.143756465772166164e-01
3.143756465772166164e-01
3.143756465772166164e-01
3.393089216057070256e-01
3.393089216057070256e-01
3.393089216057070256e-01
3.393089216057070256e-01
3.393089216057070256e-01
3.393089216057070256e-01
3.393089216057070256e-01
3.393089216057070256e-01
3.393089216057070256e-01
3.393089216057070256e-01
3.393089216057070256e-01
3.393089216057070256e-01
3.393089216057070256e-01
3.393089216057070256e-01
3.393089216057070256e-01
3.393089216057070256e-01
3.393089216057070256e-01
3.393089216057070256e-01
3.393089216057070256e-01
3.393089216057070256e-01
3.393089216057070256e-01
3.642421966341975459e-01
3.642421966341975459e-01
3.642421966341975459e-01
3.642421966341975459e-01
3.642421966341975459e-01
3.642421966341975459e-01
3.642421966341975459e-01
3.642421966341975459e-01
3.642421966341975459e-01
3.642421966341975459e-01
3.642421966341975459e-01
3.642421966341975459e-01
3.642421966341975459e-01
3.642421966341975459e-01
3.642421966341975459e-01
3.642421966341975459e-01
3.642421966341975459e-01
3.642421966341975459e-01
3.642421966341975459e-01
3.642421966341975459e-01
3.642421966341975459e-01
3.891754716626879551e-01
3.891754716626879551e-01
3.891754716626879551e-01
3.891754716626879551e-01
3.891754716626879551e-01
3.891754716626879551e-01
3.891754716626879551e-01
3.891754716626879551e-01
3.891754716626879551e-01
3.891754716626879551e-01
3.891754716626879551e-01
3.891754716626879551e-01
3.891754716626879551e-01
3.891754716626879551e-01
3.891754716626879551e-01
3.891754716626879551e-01
3.891754716626879551e-01
3.891754716626879551e-01
3.891754716626879551e-01
3.891754716626879551e-01
3.891754716626879551e-01
4.141087466911783643e-01
4.141087466911783643e-01
4.141087466911783643e-01
4.141087466911783643e-01
4.141087466911783643e-01
4.141087466911783643e-01
4.141087466911783643e-01
4.141087466911783643e-01
4.141087466911783643e-01
4.141087466911783643e-01
4.141087466911783643e-01
4.141087466911783643e-01
4.141087466911783643e-01
4.141087466911783643e-01
4.141087466911783643e-01
4.141087466911783643e-01
4.141087466911783643e-01
4.141087466911783643e-01
4.141087466911783643e-01
4.141087466911783643e-01
4.141087466911783643e-01
