,Frequency (kHz),Pulse duration (ns),Photoluminescence
0,2860000,100,11302.0
1,2860000,130,64427.609375
2,2860000,160,60538.1875
3,2860000,190,52275.890625
4,2860000,220,49072.40625
5,2860000,250,55687.59375
6,2860000,280,56094.6875
7,2860000,310,50449.703125
8,2860000,340,47169.0
9,2860000,370,52268.015625
10,2860000,400,53594.609375
11,2860000,430,53872.796875
12,2860000,460,51054.109375
13,2860000,490,50384.1875
14,2860000,520,52344.5
15,2860000,550,52573.8125
16,2860000,580,51108.21875
17,2860000,610,50641.09375
18,2860000,640,51982.09375
19,2860000,670,54206.5
20,2860000,700,53211.5
21,2860000,730,50587.0
22,2860000,760,48297.890625
23,2860000,790,49586.1875
24,2860000,820,52196.6875
25,2860000,850,53216.90625
26,2860000,880,52503.90625
27,2860000,910,51069.609375
28,2860000,940,51360.203125
29,2860000,970,52298.703125
30,2860000,1000,53035.09375
31,2860000,1030,51630.59375
32,2860000,1060,50215.09375
33,2860000,1090,49898.59375
34,2860000,1120,50809.6875
35,2860000,1150,52220.59375
36,2860000,1180,52521.5
37,2860000,1210,52424.5
38,2860000,1240,52084.109375
39,2860000,1270,51682.296875
40,2860000,1300,50779.59375
41,2860000,1330,51270.6875
42,2860000,1360,51527.296875
43,2860000,1390,51842.0
44,2860000,1420,51899.390625
45,2860000,1450,51566.59375
46,2860000,1480,51220.09375
47,2860000,1510,51439.1875
48,2860000,1540,51939.390625
49,2860000,1570,52106.109375
50,2860000,1600,51843.515625
51,2860000,1630,51348.5
52,2860000,1660,50881.90625
53,2860000,1690,51701.203125
54,2860000,1720,51943.90625
55,2860000,1750,51869.1875
56,2860000,1780,51488.390625
57,2860000,1810,51136.59375
58,2860000,1840,51079.015625
59,2860000,1870,51529.984375
60,2860000,1900,51961.109375
61,2860000,1930,52152.21875
62,2860000,1960,51421.390625
63,2860000,1990,51287.796875
64,2860000,2020,51089.21875
65,2860000,2050,51535.515625
66,2860000,2080,52006.40625
67,2860000,2110,51977.8125
68,2860000,2140,51520.109375
69,2860000,2170,51264.71875
70,2860000,2200,51331.5
71,2860000,2230,51376.109375
72,2860000,2260,51897.90625
73,2860000,2290,51568.59375
74,2860000,2320,51342.09375
75,2860000,2350,51570.21875
76,2860000,2380,51939.703125
77,2860000,2410,51884.3125
78,2860000,2440,51655.40625
79,2860000,2470,51455.890625
80,2860000,2500,51498.515625
81,2860000,2530,51128.0
82,2860000,2560,51497.984375
83,2860000,2590,51496.0
84,2860000,2620,51764.1875
85,2860000,2650,52153.796875
86,2860000,2680,52066.40625
87,2860000,2710,51516.0
88,2860000,2740,51123.703125
89,2860000,2770,51282.28125
90,2860000,2800,51752.90625
91,2860000,2830,51948.890625
92,2860000,2860,51693.609375
93,2860000,2890,50939.703125
94,2860000,2920,51623.296875
95,2860000,2950,52038.8125
96,2860000,2980,51986.90625
97,2860000,3010,51466.5
98,2860000,3040,51094.0
99,2860000,3070,51322.78125
100,2860000,3100,51766.8125
101,2860000,3130,52024.109375
102,2860000,3160,51456.609375
103,2860000,3190,51699.703125
104,2860000,3220,51617.796875
105,2860000,3250,51713.1875
106,2860000,3280,51656.40625
107,2860000,3310,51348.78125
108,2860000,3340,51431.109375
109,2860000,3370,51657.40625
110,2860000,3400,51912.796875
111,2860000,3430,51841.59375
112,2860000,3460,51726.203125
113,2860000,3490,51091.90625
114,2860000,3520,51757.109375
115,2860000,3550,51695.28125
116,2860000,3580,51593.609375
117,2860000,3610,51427.796875
118,2860000,3640,51534.296875
119,2860000,3670,51966.1875
120,2860000,3700,51998.296875
121,2860000,3730,51802.0
122,2860000,3760,51505.59375
123,2860000,3790,50937.90625
124,2860000,3820,51628.609375
125,2860000,3850,51749.6875
126,2860000,3880,51747.1875
127,2860000,3910,51766.015625
128,2860000,3940,51706.1875
129,2860000,3970,51821.703125
130,2860000,4000,51795.59375
131,2860000,4030,51658.1875
132,2860000,4060,51526.484375
133,2860000,4090,51491.28125
134,2860000,4120,51624.390625
135,2860000,4150,51266.59375
136,2860000,4180,51818.296875
137,2860000,4210,51824.984375
138,2860000,4240,51848.40625
139,2860000,4270,51712.21875
140,2860000,4300,51624.6875
141,2860000,4330,51545.5
142,2860000,4360,51625.5
143,2860000,4390,51770.8125
144,2860000,4420,51406.6875
145,2860000,4450,51764.78125
146,2860000,4480,51770.296875
147,2860000,4510,51666.390625
148,2860000,4540,51760.3125
149,2860000,4570,51734.09375
150,2860000,4600,51677.109375
151,2860000,4630,51629.703125
152,2860000,4660,51678.203125
153,2860000,4690,51821.484375
154,2860000,4720,51298.1875
155,2860000,4750,51788.6875
156,2860000,4780,51722.390625
157,2860000,4810,51665.59375
158,2860000,4840,51634.28125
159,2860000,4870,51590.609375
160,2860000,4900,51793.984375
161,2860000,4930,51803.5
162,2860000,4960,51758.296875
163,2860000,4990,51713.515625
164,2860000,5020,51653.3125
165,2860000,5050,51242.015625
166,2860000,5080,51698.390625
167,2860000,5110,51746.296875
168,2860000,5140,51664.09375
169,2860000,5170,51676.015625
170,2860000,5200,51704.203125
171,2860000,5230,51776.015625
172,2860000,5260,51772.3125
173,2860000,5290,51754.703125
174,2860000,5320,51678.59375
175,2860000,5350,51647.1875
176,2860000,5380,51642.609375
177,2860000,5410,51256.796875
178,2860000,5440,51789.3125
179,2860000,5470,51851.90625
180,2860000,5500,51796.609375
181,2860000,5530,51722.390625
182,2860000,5560,51691.890625
183,2860000,5590,51666.203125
184,2860000,5620,51695.703125
185,2860000,5650,51799.390625
186,2860000,5680,51788.09375
187,2860000,5710,51228.484375
188,2860000,5740,51769.296875
189,2860000,5770,51747.484375
190,2860000,5800,51790.484375
191,2860000,5830,51744.0
192,2860000,5860,51639.703125
193,2860000,5890,51684.09375
194,2860000,5920,51776.09375
195,2860000,5950,51878.1875
196,2860000,5980,51353.1875
197,2860000,6010,51818.515625
198,2860000,6040,51740.40625
199,2860000,6070,51720.609375
200,2860000,6100,51759.28125
201,2860000,6130,51786.78125
202,2860000,6160,51829.40625
203,2860000,6190,51843.390625
204,2860000,6220,51836.0
205,2860000,6250,51799.5
206,2860000,6280,51704.90625
207,2860000,6310,51240.609375
208,2860000,6340,51795.90625
209,2860000,6370,51804.609375
210,2860000,6400,51850.90625
211,2860000,6430,51792.8125
212,2860000,6460,51840.015625
213,2860000,6490,51905.71875
214,2860000,6520,51859.1875
215,2860000,6550,51770.1875
216,2860000,6580,51685.59375
217,2860000,6610,51703.71875
218,2860000,6640,51285.09375
219,2860000,6670,51841.90625
220,2860000,6700,51825.40625
221,2860000,6730,51846.109375
222,2860000,6760,51788.609375
223,2860000,6790,51818.609375
224,2860000,6820,51814.8125
225,2860000,6850,51792.71875
226,2860000,6880,51788.015625
227,2860000,6910,51829.3125
228,2860000,6940,51875.390625
229,2860000,6970,51376.59375
230,2860000,7000,51834.109375
231,2860000,7030,51784.390625
232,2860000,7060,51840.296875
233,2860000,7090,51789.09375
234,2860000,7120,51823.78125
235,2860000,7150,51798.90625
236,2860000,7180,51760.3125
237,2860000,7210,51828.09375
238,2860000,7240,51417.78125
239,2860000,7270,51860.984375
240,2860000,7300,51817.796875
241,2860000,7330,51755.796875
242,2860000,7360,51814.703125
243,2860000,7390,51852.796875
244,2860000,7420,51880.1875
245,2860000,7450,51835.515625
246,2860000,7480,51840.890625
247,2860000,7510,51823.203125
248,2860000,7540,51321.796875
249,2860000,7570,51846.0
250,2860000,7600,51856.5
251,2860000,7630,51856.90625
252,2860000,7660,51775.59375
253,2860000,7690,51791.90625
254,2860000,7720,51812.09375
255,2860000,7750,51814.703125
256,2860000,7780,51822.1875
257,2860000,7810,51893.21875
258,2860000,7840,51838.40625
259,2860000,7870,51811.796875
260,2860000,7900,51299.6875
261,2860000,7930,51837.109375
262,2860000,7960,51830.796875
263,2860000,7990,51883.5
264,2860000,8020,51951.5
265,2860000,8050,51915.203125
266,2860000,8080,51870.5
267,2860000,8110,51863.296875
268,2860000,8140,51874.59375
269,2860000,8170,51379.703125
270,2860000,8200,51878.796875
271,2860000,8230,51816.5
272,2860000,8260,51885.1875
273,2860000,8290,51911.0
274,2860000,8320,51891.890625
275,2860000,8350,51819.609375
276,2860000,8380,51864.28125
277,2860000,8410,51826.890625
278,2860000,8440,51821.59375
279,2860000,8470,51856.703125
280,2860000,8500,51433.5
281,2860000,8530,51866.90625
282,2860000,8560,51833.796875
283,2860000,8590,51857.6875
284,2860000,8620,51836.796875
285,2860000,8650,51883.8125
286,2860000,8680,51842.203125
287,2860000,8710,51872.1875
288,2860000,8740,51911.0
289,2860000,8770,51893.109375
290,2860000,8800,51371.609375
291,2860000,8830,51878.40625
292,2860000,8860,51896.8125
293,2860000,8890,51846.71875
294,2860000,8920,51869.40625
295,2860000,8950,51911.1875
296,2860000,8980,51805.1875
297,2860000,9010,51860.71875
298,2860000,9040,51886.296875
299,2860000,9070,51905.8125
300,2860000,9100,51895.71875
301,2860000,9130,51863.78125
302,2860000,9160,51367.6875
303,2860000,9190,51926.703125
304,2860000,9220,51893.1875
305,2860000,9250,51852.71875
306,2860000,9280,51808.71875
307,2860000,9310,51948.40625
308,2860000,9340,51910.109375
309,2860000,9370,51892.296875
310,2860000,9400,51879.390625
311,2860000,9430,51894.203125
312,2860000,9460,51411.703125
313,2860000,9490,51983.203125
314,2860000,9520,51887.78125
315,2860000,9550,51919.90625
316,2860000,9580,51897.484375
317,2860000,9610,51922.78125
318,2860000,9640,51910.0
319,2860000,9670,51936.890625
320,2860000,9700,51903.1875
321,2860000,9730,51404.109375
322,2860000,9760,51978.28125
323,2860000,9790,51896.90625
324,2860000,9820,51906.8125
325,2860000,9850,51956.703125
326,2860000,9880,51909.8125
327,2860000,9910,51920.796875
328,2860000,9940,51939.390625
329,2860000,9970,51948.3125
330,2860000,10000,51893.8125
331,2860000,10030,51943.703125
332,2860000,10060,51468.609375
333,2860000,10090,51974.28125
334,2860000,10120,51913.5
335,2860000,10150,51930.5
336,2860000,10180,51981.609375
337,2860000,10210,51868.890625
338,2860000,10240,51936.90625
339,2860000,10270,51947.1875
340,2860000,10300,51941.78125
341,2860000,10330,51974.1875
342,2860000,10360,51937.59375
343,2860000,10390,51910.3125
344,2860000,10420,51484.890625
345,2860000,10450,51948.109375
346,2860000,10480,51906.1875
347,2860000,10510,51987.609375
348,2860000,10540,51970.6875
349,2860000,10570,51941.90625
350,2860000,10600,51971.90625
351,2860000,10630,52008.703125
352,2860000,10660,51934.6875
353,2860000,10690,51921.28125
354,2860000,10720,51456.71875
355,2860000,10750,51952.78125
356,2860000,10780,52001.203125
357,2860000,10810,51940.890625
358,2860000,10840,51991.296875
359,2860000,10870,51892.09375
360,2860000,10900,51924.8125
361,2860000,10930,51947.59375
362,2860000,10960,51950.90625
363,2860000,10990,51393.59375
364,2860000,11020,51939.296875
365,2860000,11050,51932.40625
366,2860000,11080,51992.0
367,2860000,11110,51978.09375
368,2860000,11140,51978.484375
369,2860000,11170,51977.1875
370,2860000,11200,51915.28125
371,2860000,11230,51939.515625
372,2860000,11260,51907.3125
373,2860000,11290,51982.0
374,2860000,11320,51470.3125
375,2860000,11350,51965.28125
376,2860000,11380,51983.109375
377,2860000,11410,51990.6875
378,2860000,11440,52024.703125
379,2860000,11470,52052.390625
380,2860000,11500,51949.5
381,2860000,11530,51922.203125
382,2860000,11560,51961.1875
383,2860000,11590,51941.21875
384,2860000,11620,51943.3125
385,2860000,11650,51456.28125
386,2860000,11680,51948.59375
387,2860000,11710,52018.296875
388,2860000,11740,52001.984375
389,2860000,11770,52001.0
390,2860000,11800,52003.1875
391,2860000,11830,51964.78125
392,2860000,11860,51959.984375
393,2860000,11890,52001.796875
394,2860000,11920,51504.40625
395,2860000,11950,51998.1875
396,2860000,11980,51976.109375
397,2860000,12010,51961.703125
398,2860000,12040,52003.703125
399,2860000,12070,51900.09375
400,2860000,12100,51994.484375
401,2860000,12130,51973.21875
402,2860000,12160,51908.09375
403,2860000,12190,52015.90625
404,2860000,12220,51994.0
405,2860000,12250,51451.40625
406,2860000,12280,51964.8125
407,2860000,12310,51973.90625
408,2860000,12340,52000.90625
409,2860000,12370,51962.09375
410,2860000,12400,51962.390625
411,2860000,12430,51999.1875
412,2860000,12460,52034.6875
413,2860000,12490,52030.09375
414,2860000,12520,52030.984375
415,2860000,12550,51436.203125
416,2860000,12580,51995.390625
417,2860000,12610,52042.703125
418,2860000,12640,52010.796875
419,2860000,12670,51970.390625
420,2860000,12700,52003.90625
421,2860000,12730,52017.703125
422,2860000,12760,52006.78125
423,2860000,12790,51971.390625
424,2860000,12820,51984.6875
425,2860000,12850,52002.5
426,2860000,12880,51972.015625
427,2860000,12910,51548.5
428,2860000,12940,52041.390625
429,2860000,12970,51975.296875
430,2860000,13000,52009.890625
431,2860000,13030,52037.6875
432,2860000,13060,51995.203125
433,2860000,13090,52023.78125
434,2860000,13120,51950.09375
435,2860000,13150,52032.203125
436,2860000,13180,51492.984375
437,2860000,13210,52066.40625
438,2860000,13240,52058.6875
439,2860000,13270,52002.40625
440,2860000,13300,52019.59375
441,2860000,13330,52014.1875
442,2860000,13360,52019.6875
443,2860000,13390,52049.890625
444,2860000,13420,51985.109375
445,2860000,13450,52033.609375
446,2860000,13480,52018.609375
447,2860000,13510,51530.28125
448,2860000,13540,52034.296875
449,2860000,13570,52020.90625
450,2860000,13600,52010.5
451,2860000,13630,52001.71875
452,2860000,13660,52057.59375
453,2860000,13690,52024.90625
454,2860000,13720,51984.296875
455,2860000,13750,52057.1875
456,2860000,13780,52025.0
457,2860000,13810,51542.09375
458,2860000,13840,52016.59375
459,2860000,13870,52046.59375
460,2860000,13900,52065.90625
461,2860000,13930,52040.390625
462,2860000,13960,52008.1875
463,2860000,13990,51976.59375
464,2860000,14020,51979.71875
465,2860000,14050,52065.59375
466,2860000,14080,52000.0
467,2860000,14110,52050.6875
468,2860000,14140,52035.5
469,2860000,14170,51604.984375
470,2860000,14200,52054.296875
471,2860000,14230,52010.90625
472,2860000,14260,51996.8125
473,2860000,14290,52095.609375
474,2860000,14320,52090.109375
475,2860000,14350,52046.59375
476,2860000,14380,52019.390625
477,2860000,14410,52003.21875
478,2860000,14440,52003.5
479,2860000,14470,51503.703125
480,2860000,14500,52054.5
481,2860000,14530,52026.5
482,2860000,14560,52130.8125
483,2860000,14590,52015.5
484,2860000,14620,52063.09375
485,2860000,14650,52073.90625
486,2860000,14680,52041.6875
487,2860000,14710,52037.3125
488,2860000,14740,51544.3125
489,2860000,14770,52071.609375
490,2860000,14800,52051.484375
491,2860000,14830,52025.390625
492,2860000,14860,52078.3125
493,2860000,14890,52066.890625
494,2860000,14920,52005.28125
495,2860000,14950,52011.59375
496,2860000,14980,52088.8125
497,2860000,15010,51993.484375
498,2860000,15040,52025.609375
499,2860000,15070,51554.109375
500,2860000,15100,52067.1875
501,2860000,15130,52014.609375
502,2860000,15160,52055.0
503,2860000,15190,52031.203125
504,2860000,15220,52043.0
505,2860000,15250,51977.109375
506,2860000,15280,52059.09375
507,2860000,15310,52110.296875
508,2860000,15340,52079.8125
509,2860000,15370,52073.203125
510,2860000,15400,51577.59375
511,2860000,15430,52093.984375
512,2860000,15460,52048.40625
513,2860000,15490,52044.296875
514,2860000,15520,52030.609375
515,2860000,15550,52093.6875
516,2860000,15580,52088.796875
517,2860000,15610,52136.6875
518,2860000,15640,52073.296875
519,2860000,15670,52069.890625
520,2860000,15700,52046.109375
521,2860000,15730,51597.09375
522,2860000,15760,52063.703125
523,2860000,15790,52027.296875
524,2860000,15820,52070.59375
525,2860000,15850,52046.59375
526,2860000,15880,52068.90625
527,2860000,15910,52007.109375
528,2860000,15940,52083.390625
529,2860000,15970,52066.40625
530,2860000,16000,51594.515625
531,2860000,16030,52121.203125
532,2860000,16060,52057.515625
533,2860000,16090,52068.796875
534,2860000,16120,52083.40625
535,2860000,16150,52089.3125
536,2860000,16180,52049.59375
537,2860000,16210,52110.8125
538,2860000,16240,52054.796875
539,2860000,16270,51994.59375
540,2860000,16300,52096.28125
541,2860000,16330,52112.703125
542,2860000,16360,51576.40625
543,2860000,16390,52073.296875
544,2860000,16420,52110.484375
545,2860000,16450,52118.703125
546,2860000,16480,52060.609375
547,2860000,16510,52054.59375
548,2860000,16540,52064.0
549,2860000,16570,52098.296875
550,2860000,16600,52017.0
551,2860000,16630,52126.984375
552,2860000,16660,51617.59375
553,2860000,16690,52082.3125
554,2860000,16720,52106.40625
555,2860000,16750,52077.59375
556,2860000,16780,52019.703125
557,2860000,16810,52082.484375
558,2860000,16840,52148.5
559,2860000,16870,52107.984375
560,2860000,16900,52083.1875
561,2860000,16930,51568.8125
562,2860000,16960,52101.8125
563,2860000,16990,52138.21875
564,2860000,17020,52093.09375
565,2860000,17050,52085.515625
566,2860000,17080,52054.59375
567,2860000,17110,52141.203125
568,2860000,17140,52120.09375
569,2860000,17170,52064.703125
570,2860000,17200,52121.015625
571,2860000,17230,52101.59375
572,2860000,17260,51578.8125
573,2860000,17290,52110.796875
574,2860000,17320,52097.40625
575,2860000,17350,52087.015625
576,2860000,17380,52114.1875
577,2860000,17410,52124.8125
578,2860000,17440,52087.90625
579,2860000,17470,52084.6875
580,2860000,17500,52097.09375
581,2860000,17530,52107.296875
582,2860000,17560,51581.796875
583,2860000,17590,52084.21875
584,2860000,17620,52096.0
585,2860000,17650,52074.296875
586,2860000,17680,52118.09375
587,2860000,17710,52119.8125
588,2860000,17740,52108.8125
589,2860000,17770,52082.59375
590,2860000,17800,52065.78125
591,2860000,17830,52102.09375
592,2860000,17860,52149.703125
593,2860000,17890,52060.09375
594,2860000,17920,51637.09375
595,2860000,17950,52063.296875
596,2860000,17980,52067.796875
597,2860000,18010,52046.1875
598,2860000,18040,52116.703125
599,2860000,18070,52126.40625
600,2860000,18100,52120.015625
601,2860000,18130,52058.609375
602,2860000,18160,52136.5
603,2860000,18190,51620.390625
604,2860000,18220,52113.015625
605,2860000,18250,52111.796875
606,2860000,18280,52097.296875
607,2860000,18310,52125.59375
608,2860000,18340,52071.796875
609,2860000,18370,52120.09375
610,2860000,18400,52146.40625
611,2860000,18430,52120.0
612,2860000,18460,52106.59375
613,2860000,18490,52068.6875
614,2860000,18520,51578.90625
615,2860000,18550,52125.015625
616,2860000,18580,52135.71875
617,2860000,18610,52137.515625
618,2860000,18640,52103.5
619,2860000,18670,52075.90625
620,2860000,18700,52130.5
621,2860000,18730,52114.296875
622,2860000,18760,52082.390625
623,2860000,18790,52107.0
624,2860000,18820,51611.5
625,2860000,18850,52151.703125
626,2860000,18880,52163.390625
627,2860000,18910,52058.296875
628,2860000,18940,52117.90625
629,2860000,18970,52086.703125
630,2860000,19000,52079.0
631,2860000,19030,52100.59375
632,2860000,19060,52142.09375
633,2860000,19090,52122.6875
634,2860000,19120,52172.109375
635,2860000,19150,52127.40625
636,2860000,19180,51613.09375
637,2860000,19210,52142.0
638,2860000,19240,52064.90625
639,2860000,19270,52146.390625
640,2860000,19300,52114.40625
641,2860000,19330,52166.21875
642,2860000,19360,52087.890625
643,2860000,19390,52157.796875
644,2860000,19420,52176.203125
645,2860000,19450,52117.5
646,2860000,19480,51654.1875
647,2860000,19510,52116.609375
648,2860000,19540,52140.09375
649,2860000,19570,52085.1875
650,2860000,19600,52129.890625
651,2860000,19630,52179.59375
652,2860000,19660,52096.21875
653,2860000,19690,52231.0
654,2860000,19720,52097.984375
655,2860000,19750,51678.703125
656,2860000,19780,52169.90625
657,2860000,19810,52173.5
658,2860000,19840,52133.703125
659,2860000,19870,52070.40625
660,2860000,19900,52137.796875
661,2860000,19930,52117.59375
662,2860000,19960,52128.1875
663,2860000,19990,52084.71875
664,2860000,20020,52088.0
665,2860000,20050,52115.484375
666,2860000,20080,51669.71875
667,2860000,20110,52105.1875
668,2860000,20140,52179.109375
669,2860000,20170,52172.5
670,2860000,20200,52097.40625
671,2860000,20230,52142.484375
672,2860000,20260,52103.5
673,2860000,20290,52155.8125
674,2860000,20320,52116.40625
675,2860000,20350,52182.90625
676,2860000,20380,52158.484375
677,2860000,20410,51680.609375
678,2860000,20440,52126.703125
679,2860000,20470,52139.3125
680,2860000,20500,52171.1875
681,2860000,20530,52128.390625
682,2860000,20560,52154.5
683,2860000,20590,52150.109375
684,2860000,20620,52157.703125
685,2860000,20650,52140.90625
686,2860000,20680,52149.390625
687,2860000,20710,52169.109375
688,2860000,20740,51630.8125
689,2860000,20770,52209.515625
690,2860000,20800,52150.59375
691,2860000,20830,52171.1875
692,2860000,20860,52174.40625
693,2860000,20890,52089.3125
694,2860000,20920,52196.3125
695,2860000,20950,52149.203125
696,2860000,20980,52178.3125
697,2860000,21010,52124.21875
698,2860000,21040,51648.390625
699,2860000,21070,52169.3125
700,2860000,21100,52157.609375
701,2860000,21130,52168.984375
702,2860000,21160,52175.484375
703,2860000,21190,52180.390625
704,2860000,21220,52124.59375
705,2860000,21250,52148.09375
706,2860000,21280,52160.8125
707,2860000,21310,51672.09375
708,2860000,21340,52125.0
709,2860000,21370,52169.984375
710,2860000,21400,52174.609375
711,2860000,21430,52144.90625
712,2860000,21460,52184.40625
713,2860000,21490,52173.5
714,2860000,21520,52106.90625
715,2860000,21550,52186.296875
716,2860000,21580,52184.015625
717,2860000,21610,52182.09375
718,2860000,21640,52173.390625
719,2860000,21670,51684.5
720,2860000,21700,52151.40625
721,2860000,21730,52153.6875
722,2860000,21760,52143.78125
723,2860000,21790,52208.90625
724,2860000,21820,52184.1875
725,2860000,21850,52151.5
726,2860000,21880,52118.1875
727,2860000,21910,52216.5
728,2860000,21940,51660.1875
729,2860000,21970,52154.5
730,2860000,22000,52147.8125
731,2860000,22030,52188.5
732,2860000,22060,52197.0
733,2860000,22090,52149.90625
734,2860000,22120,52149.796875
735,2860000,22150,52145.390625
736,2860000,22180,52146.40625
737,2860000,22210,52164.796875
738,2860000,22240,52145.71875
739,2860000,22270,52137.109375
740,2860000,22300,51672.0
741,2860000,22330,52105.09375
742,2860000,22360,52170.3125
743,2860000,22390,52232.796875
744,2860000,22420,52185.59375
745,2860000,22450,52103.90625
746,2860000,22480,51427.703125
747,2860000,22510,51464.90625
748,2860000,22540,51485.59375
749,2860000,22570,50938.09375
750,2860000,22600,51500.8125
751,2860000,22630,51489.296875
752,2860000,22660,51484.40625
753,2860000,22690,51447.8125
754,2860000,22720,51471.109375
755,2860000,22750,51502.09375
756,2860000,22780,51486.703125
757,2860000,22810,51489.21875
758,2860000,22840,51470.90625
759,2860000,22870,51445.6875
760,2860000,22900,51540.296875
761,2860000,22930,50979.09375
762,2860000,22960,51492.0
763,2860000,22990,51520.90625
764,2860000,23020,51451.09375
765,2860000,23050,51522.1875
766,2860000,23080,51463.8125
767,2860000,23110,51529.0
768,2860000,23140,51480.796875
769,2860000,23170,51447.484375
770,2860000,23200,51546.09375
771,2860000,23230,51012.0
772,2860000,23260,51525.59375
773,2860000,23290,51476.390625
774,2860000,23320,51451.6875
775,2860000,23350,51447.90625
776,2860000,23380,51482.109375
777,2860000,23410,51482.0
778,2860000,23440,51470.984375
779,2860000,23470,51488.515625
780,2860000,23500,50972.984375
781,2860000,23530,51501.59375
782,2860000,23560,51467.59375
783,2860000,23590,51523.71875
784,2860000,23620,51502.1875
785,2860000,23650,51490.1875
786,2860000,23680,51534.796875
787,2860000,23710,51519.5
788,2860000,23740,51493.1875
789,2860000,23770,51549.5
790,2860000,23800,51486.40625
791,2860000,23830,51534.015625
792,2860000,23860,51009.5
793,2860000,23890,51556.59375
794,2860000,23920,51464.3125
795,2860000,23950,51492.21875
796,2860000,23980,51499.1875
797,2860000,24010,51500.09375
798,2860000,24040,51553.09375
799,2860000,24070,51519.6875
800,2860000,24100,51515.90625
801,2860000,24130,51424.09375
802,2860000,24160,51483.515625
803,2860000,24190,50983.09375
804,2860000,24220,51470.890625
805,2860000,24250,51526.40625
806,2860000,24280,51502.390625
807,2860000,24310,51537.890625
808,2860000,24340,51453.90625
809,2860000,24370,51487.90625
810,2860000,24400,51505.59375
811,2860000,24430,51435.3125
812,2860000,24460,51531.109375
813,2860000,24490,51002.5
814,2860000,24520,51501.40625
815,2860000,24550,51508.296875
816,2860000,24580,51479.296875
817,2860000,24610,51469.296875
818,2860000,24640,51518.296875
819,2860000,24670,51522.703125
820,2860000,24700,51476.0
821,2860000,24730,51471.09375
822,2860000,24760,51066.90625
823,2860000,24790,51518.1875
824,2860000,24820,51486.609375
825,2860000,24850,51491.609375
826,2860000,24880,51471.90625
827,2860000,24910,51477.0
828,2860000,24940,51486.8125
829,2860000,24970,51464.203125
830,2860000,25000,51525.0
831,2860000,25030,51486.40625
832,2860000,25060,51526.0
833,2860000,25090,51512.21875
834,2860000,25120,50971.484375
835,2860000,25150,51522.484375
836,2860000,25180,51529.796875
837,2860000,25210,51497.0
838,2860000,25240,51434.3125
839,2860000,25270,51476.0
840,2860000,25300,51531.0
841,2860000,25330,51493.296875
842,2860000,25360,51500.1875
843,2860000,25390,51489.6875
844,2860000,25420,50967.3125
845,2860000,25450,51564.1875
846,2860000,25480,51501.6875
847,2860000,25510,51565.8125
848,2860000,25540,51513.3125
849,2860000,25570,51539.09375
850,2860000,25600,51504.796875
851,2860000,25630,51508.40625
852,2860000,25660,51535.296875
853,2860000,25690,51036.1875
854,2860000,25720,51532.90625
855,2860000,25750,51514.6875
856,2860000,25780,51528.59375
857,2860000,25810,51489.0
858,2860000,25840,51501.609375
859,2860000,25870,51500.59375
860,2860000,25900,51536.09375
861,2860000,25930,51497.109375
862,2860000,25960,51478.390625
863,2860000,25990,51522.609375
864,2860000,26020,50962.703125
865,2860000,26050,51535.90625
866,2860000,26080,51523.5
867,2860000,26110,51500.203125
868,2860000,26140,51503.78125
869,2860000,26170,51536.1875
870,2860000,26200,51507.3125
871,2860000,26230,51481.28125
872,2860000,26260,51536.40625
873,2860000,26290,51500.0
874,2860000,26320,51064.015625
875,2860000,26350,51521.5
876,2860000,26380,51478.5
877,2860000,26410,51512.8125
878,2860000,26440,51477.796875
879,2860000,26470,51514.5
880,2860000,26500,51562.21875
881,2860000,26530,51521.796875
882,2860000,26560,51580.890625
883,2860000,26590,51538.203125
884,2860000,26620,51542.90625
885,2860000,26650,51497.609375
886,2860000,26680,51053.09375
887,2860000,26710,51464.90625
888,2860000,26740,51512.203125
889,2860000,26770,51554.90625
890,2860000,26800,51547.0
891,2860000,26830,51580.90625
892,2860000,26860,51565.390625
893,2860000,26890,51510.390625
894,2860000,26920,51568.296875
895,2860000,26950,51047.0
896,2860000,26980,51602.09375
897,2860000,27010,51498.203125
898,2860000,27040,51573.890625
899,2860000,27070,51571.0
900,2860000,27100,51545.484375
901,2860000,27130,51535.40625
902,2860000,27160,51551.59375
903,2860000,27190,51537.703125
904,2860000,27220,51507.59375
905,2860000,27250,51514.90625
906,2860000,27280,50994.5
907,2860000,27310,51566.0
908,2860000,27340,51575.0
909,2860000,27370,51561.6875
910,2860000,27400,51549.203125
911,2860000,27430,51556.21875
912,2860000,27460,51537.390625
913,2860000,27490,51555.71875
914,2860000,27520,51585.90625
915,2860000,27550,51574.5
916,2860000,27580,51046.90625
917,2860000,27610,51613.703125
918,2860000,27640,51547.5
919,2860000,27670,51582.90625
920,2860000,27700,51483.59375
921,2860000,27730,51501.59375
922,2860000,27760,51583.8125
923,2860000,27790,51563.8125
924,2860000,27820,51554.890625
925,2860000,27850,51571.015625
926,2860000,27880,51543.796875
927,2860000,27910,51601.890625
928,2860000,27940,51062.59375
929,2860000,27970,51591.203125
930,2860000,28000,51558.09375
931,2860000,28030,51600.6875
932,2860000,28060,51535.59375
933,2860000,28090,51579.21875
934,2860000,28120,51574.609375
935,2860000,28150,51571.796875
936,2860000,28180,51512.09375
937,2860000,28210,51560.109375
938,2860000,28240,51044.3125
939,2860000,28270,51551.609375
940,2860000,28300,51555.5
941,2860000,28330,51578.5
942,2860000,28360,51511.203125
943,2860000,28390,51573.59375
944,2860000,28420,51551.390625
945,2860000,28450,51557.8125
946,2860000,28480,51589.890625
947,2860000,28510,51049.1875
948,2860000,28540,51561.390625
949,2860000,28570,51537.609375
950,2860000,28600,51519.0
951,2860000,28630,51558.40625
952,2860000,28660,51565.984375
953,2860000,28690,51557.296875
954,2860000,28720,51556.21875
955,2860000,28750,51595.5
956,2860000,28780,51545.78125
957,2860000,28810,51575.796875
958,2860000,28840,51559.3125
959,2860000,28870,51137.015625
960,2860000,28900,51569.390625
961,2860000,28930,51543.296875
962,2860000,28960,51612.890625
963,2860000,28990,51558.09375
964,2860000,29020,51554.109375
965,2860000,29050,51566.796875
966,2860000,29080,51574.59375
967,2860000,29110,51568.09375
968,2860000,29140,51587.59375
969,2860000,29170,51128.8125
970,2860000,29200,51619.703125
971,2860000,29230,51554.59375
972,2860000,29260,51584.296875
973,2860000,29290,51542.203125
974,2860000,29320,51573.296875
975,2860000,29350,51575.390625
976,2860000,29380,51600.8125
977,2860000,29410,51585.203125
978,2860000,29440,51557.796875
979,2860000,29470,51551.6875
980,2860000,29500,51063.984375
981,2860000,29530,51498.015625
982,2860000,29560,51596.703125
983,2860000,29590,51611.796875
984,2860000,29620,51575.59375
985,2860000,29650,51608.0
986,2860000,29680,51600.015625
987,2860000,29710,51603.28125
988,2860000,29740,51564.78125
989,2860000,29770,51093.40625
990,2860000,29800,51568.109375
991,2860000,29830,51557.59375
992,2860000,29860,51566.390625
993,2860000,29890,51594.28125
994,2860000,29920,51623.59375
995,2860000,29950,51587.3125
996,2860000,29980,51570.0
997,2860500,100,12081.0
998,2860500,130,62415.703125
999,2860500,160,59935.890625
1000,2860500,190,56239.296875
1001,2860500,220,47562.109375
1002,2860500,250,52512.703125
1003,2860500,280,55166.28125
1004,2860500,310,55050.28125
1005,2860500,340,50401.6875
1006,2860500,370,47129.8125
1007,2860500,400,50702.109375
1008,2860500,430,53661.890625
1009,2860500,460,53969.8125
1010,2860500,490,52025.90625
1011,2860500,520,49536.484375
1012,2860500,550,50501.390625
1013,2860500,580,52052.5
1014,2860500,610,52350.390625
1015,2860500,640,51057.5
1016,2860500,670,50309.3125
1017,2860500,700,51415.703125
1018,2860500,730,53632.09375
1019,2860500,760,54087.21875
1020,2860500,790,52099.890625
1021,2860500,820,48967.390625
1022,2860500,850,47453.59375
1023,2860500,880,49306.0
1024,2860500,910,52397.40625
1025,2860500,940,52548.5
1026,2860500,970,52028.3125
1027,2860500,1000,50799.71875
1028,2860500,1030,50580.90625
1029,2860500,1060,51902.109375
1030,2860500,1090,53045.0
1031,2860500,1120,52784.90625
1032,2860500,1150,51033.8125
1033,2860500,1180,49853.984375
1034,2860500,1210,49792.0
1035,2860500,1240,50607.3125
1036,2860500,1270,51239.609375
1037,2860500,1300,51954.09375
1038,2860500,1330,51819.796875
1039,2860500,1360,51733.59375
1040,2860500,1390,51501.5
1041,2860500,1420,51526.984375
1042,2860500,1450,51251.21875
1043,2860500,1480,51156.40625
1044,2860500,1510,51436.484375
1045,2860500,1540,51162.390625
1046,2860500,1570,51614.890625
1047,2860500,1600,51345.21875
1048,2860500,1630,50758.015625
1049,2860500,1660,50827.1875
1050,2860500,1690,51329.0
1051,2860500,1720,51630.6875
1052,2860500,1750,51792.796875
1053,2860500,1780,51502.3125
1054,2860500,1810,51156.984375
1055,2860500,1840,50654.890625
1056,2860500,1870,51359.796875
1057,2860500,1900,51569.796875
1058,2860500,1930,51612.1875
1059,2860500,1960,51374.21875
1060,2860500,1990,51098.90625
1061,2860500,2020,50979.8125
1062,2860500,2050,51039.09375
1063,2860500,2080,51281.109375
1064,2860500,2110,51632.109375
1065,2860500,2140,51807.0
1066,2860500,2170,51609.5
1067,2860500,2200,50806.40625
1068,2860500,2230,50860.3125
1069,2860500,2260,51042.3125
1070,2860500,2290,51556.203125
1071,2860500,2320,51926.796875
1072,2860500,2350,51842.6875
1073,2860500,2380,51358.40625
1074,2860500,2410,50936.8125
1075,2860500,2440,50994.09375
1076,2860500,2470,50838.703125
1077,2860500,2500,51587.90625
1078,2860500,2530,51469.6875
1079,2860500,2560,51213.0
1080,2860500,2590,51179.59375
1081,2860500,2620,51489.90625
1082,2860500,2650,51902.09375
1083,2860500,2680,51838.5
1084,2860500,2710,51363.5
1085,2860500,2740,50991.609375
1086,2860500,2770,50979.90625
1087,2860500,2800,50666.703125
1088,2860500,2830,51358.0
1089,2860500,2860,51370.59375
1090,2860500,2890,51418.390625
1091,2860500,2920,51529.984375
1092,2860500,2950,51805.40625
1093,2860500,2980,51779.796875
1094,2860500,3010,51468.890625
1095,2860500,3040,51034.609375
1096,2860500,3070,50915.8125
1097,2860500,3100,50684.484375
1098,2860500,3130,51591.6875
1099,2860500,3160,51629.515625
1100,2860500,3190,51414.6875
1101,2860500,3220,51309.890625
1102,2860500,3250,51462.5
1103,2860500,3280,51691.890625
1104,2860500,3310,51771.40625
1105,2860500,3340,51439.90625
1106,2860500,3370,50922.984375
1107,2860500,3400,50469.8125
1108,2860500,3430,51302.515625
1109,2860500,3460,51698.8125
1110,2860500,3490,51866.09375
1111,2860500,3520,51690.703125
1112,2860500,3550,51361.09375
1113,2860500,3580,51309.40625
1114,2860500,3610,51372.3125
1115,2860500,3640,51527.984375
1116,2860500,3670,51406.3125
1117,2860500,3700,51312.390625
1118,2860500,3730,51420.484375
1119,2860500,3760,51007.3125
1120,2860500,3790,51689.6875
1121,2860500,3820,51625.1875
1122,2860500,3850,51444.78125
1123,2860500,3880,51423.90625
1124,2860500,3910,51335.3125
1125,2860500,3940,51473.5
1126,2860500,3970,51428.296875
1127,2860500,4000,51407.90625
1128,2860500,4030,50851.109375
1129,2860500,4060,51545.390625
1130,2860500,4090,51720.90625
1131,2860500,4120,51697.3125
1132,2860500,4150,51475.09375
1133,2860500,4180,51217.3125
1134,2860500,4210,51138.90625
1135,2860500,4240,51292.5
1136,2860500,4270,51621.109375
1137,2860500,4300,51699.71875
1138,2860500,4330,51552.0
1139,2860500,4360,50989.40625
1140,2860500,4390,51381.703125
1141,2860500,4420,51490.3125
1142,2860500,4450,51613.1875
1143,2860500,4480,51524.59375
1144,2860500,4510,51418.78125
1145,2860500,4540,51358.5
1146,2860500,4570,51413.015625
1147,2860500,4600,51482.09375
1148,2860500,4630,51606.1875
1149,2860500,4660,51119.3125
1150,2860500,4690,51533.296875
1151,2860500,4720,51516.109375
1152,2860500,4750,51410.0
1153,2860500,4780,51403.796875
1154,2860500,4810,51407.703125
1155,2860500,4840,51490.390625
1156,2860500,4870,51552.6875
1157,2860500,4900,51719.6875
1158,2860500,4930,51623.09375
1159,2860500,4960,51503.203125
1160,2860500,4990,51339.09375
1161,2860500,5020,50856.8125
1162,2860500,5050,51457.8125
1163,2860500,5080,51578.40625
1164,2860500,5110,51564.40625
1165,2860500,5140,51565.78125
1166,2860500,5170,51486.6875
1167,2860500,5200,51536.203125
1168,2860500,5230,51577.71875
1169,2860500,5260,51593.40625
1170,2860500,5290,51567.984375
1171,2860500,5320,51041.890625
1172,2860500,5350,51422.390625
1173,2860500,5380,51395.484375
1174,2860500,5410,51474.484375
1175,2860500,5440,51636.5
1176,2860500,5470,51720.59375
1177,2860500,5500,51703.890625
1178,2860500,5530,51519.78125
1179,2860500,5560,51475.796875
1180,2860500,5590,50933.6875
1181,2860500,5620,51508.890625
1182,2860500,5650,51602.5
1183,2860500,5680,51583.90625
1184,2860500,5710,51631.515625
1185,2860500,5740,51623.0
1186,2860500,5770,51548.796875
1187,2860500,5800,51539.296875
1188,2860500,5830,51583.890625
1189,2860500,5860,51574.8125
1190,2860500,5890,51544.90625
1191,2860500,5920,51070.515625
1192,2860500,5950,51612.1875
1193,2860500,5980,51562.09375
1194,2860500,6010,51610.484375
1195,2860500,6040,51604.09375
1196,2860500,6070,51647.8125
1197,2860500,6100,51617.984375
1198,2860500,6130,51599.796875
1199,2860500,6160,51517.890625
1200,2860500,6190,51502.984375
1201,2860500,6220,51030.015625
1202,2860500,6250,51642.203125
1203,2860500,6280,51677.1875
1204,2860500,6310,51793.5
1205,2860500,6340,51672.796875
1206,2860500,6370,51554.59375
1207,2860500,6400,51504.0
1208,2860500,6430,51496.8125
1209,2860500,6460,51603.703125
1210,2860500,6490,51606.78125
1211,2860500,6520,51594.8125
1212,2860500,6550,51532.796875
1213,2860500,6580,51142.28125
1214,2860500,6610,51655.3125
1215,2860500,6640,51724.90625
1216,2860500,6670,51688.09375
1217,2860500,6700,51552.1875
1218,2860500,6730,51533.984375
1219,2860500,6760,51565.015625
1220,2860500,6790,51622.21875
1221,2860500,6820,51591.8125
1222,2860500,6850,51179.8125
1223,2860500,6880,51658.5
1224,2860500,6910,51656.0
1225,2860500,6940,51729.796875
1226,2860500,6970,51651.5
1227,2860500,7000,51560.609375
1228,2860500,7030,51509.90625
1229,2860500,7060,51535.390625
1230,2860500,7090,51658.890625
1231,2860500,7120,51765.09375
1232,2860500,7150,51739.203125
1233,2860500,7180,51654.1875
1234,2860500,7210,51077.71875
1235,2860500,7240,51646.59375
1236,2860500,7270,51649.8125
1237,2860500,7300,51680.390625
1238,2860500,7330,51602.390625
1239,2860500,7360,51551.703125
1240,2860500,7390,51604.0
1241,2860500,7420,51652.0
1242,2860500,7450,51772.203125
1243,2860500,7480,51261.6875
1244,2860500,7510,51623.40625
1245,2860500,7540,51582.40625
1246,2860500,7570,51549.40625
1247,2860500,7600,51620.890625
1248,2860500,7630,51679.890625
1249,2860500,7660,51672.40625
1250,2860500,7690,51658.5
1251,2860500,7720,51671.796875
1252,2860500,7750,51656.703125
1253,2860500,7780,51660.40625
1254,2860500,7810,51601.609375
1255,2860500,7840,51162.390625
1256,2860500,7870,51643.09375
1257,2860500,7900,51656.90625
1258,2860500,7930,51674.703125
1259,2860500,7960,51693.09375
1260,2860500,7990,51702.203125
1261,2860500,8020,51646.8125
1262,2860500,8050,51617.59375
1263,2860500,8080,51672.484375
1264,2860500,8110,51669.40625
1265,2860500,8140,51169.203125
1266,2860500,8170,51622.5
1267,2860500,8200,51554.59375
1268,2860500,8230,51652.40625
1269,2860500,8260,51706.09375
1270,2860500,8290,51753.28125
1271,2860500,8320,51662.5
1272,2860500,8350,51668.015625
1273,2860500,8380,51640.703125
1274,2860500,8410,51116.71875
1275,2860500,8440,51711.703125
1276,2860500,8470,51644.59375
1277,2860500,8500,51762.203125
1278,2860500,8530,51670.09375
1279,2860500,8560,51657.71875
1280,2860500,8590,51715.5
1281,2860500,8620,51688.296875
1282,2860500,8650,51628.59375
1283,2860500,8680,51674.5
1284,2860500,8710,51670.390625
1285,2860500,8740,51652.890625
1286,2860500,8770,51242.1875
1287,2860500,8800,51722.28125
1288,2860500,8830,51684.390625
1289,2860500,8860,51723.390625
1290,2860500,8890,51720.28125
1291,2860500,8920,51691.90625
1292,2860500,8950,51690.09375
1293,2860500,8980,51668.296875
1294,2860500,9010,51742.796875
1295,2860500,9040,51218.203125
1296,2860500,9070,51737.40625
1297,2860500,9100,51722.40625
1298,2860500,9130,51735.1875
1299,2860500,9160,51705.8125
1300,2860500,9190,51756.21875
1301,2860500,9220,51708.59375
1302,2860500,9250,51688.90625
1303,2860500,9280,51719.78125
1304,2860500,9310,51720.390625
1305,2860500,9340,51756.1875
1306,2860500,9370,51660.90625
1307,2860500,9400,51253.296875
1308,2860500,9430,51677.71875
1309,2860500,9460,51756.09375
1310,2860500,9490,51704.3125
1311,2860500,9520,51729.6875
1312,2860500,9550,51702.21875
1313,2860500,9580,51710.09375
1314,2860500,9610,51735.8125
1315,2860500,9640,51737.3125
1316,2860500,9670,51752.5
1317,2860500,9700,51246.0
1318,2860500,9730,51723.1875
1319,2860500,9760,51731.1875
1320,2860500,9790,51774.015625
1321,2860500,9820,51731.71875
1322,2860500,9850,51764.90625
1323,2860500,9880,51739.984375
1324,2860500,9910,51789.71875
1325,2860500,9940,51695.3125
1326,2860500,9970,51290.09375
1327,2860500,10000,51748.40625
1328,2860500,10030,51742.3125
1329,2860500,10060,51721.90625
1330,2860500,10090,51728.796875
1331,2860500,10120,51783.3125
1332,2860500,10150,51752.5
1333,2860500,10180,51782.109375
1334,2860500,10210,51799.890625
1335,2860500,10240,51763.3125
1336,2860500,10270,51698.296875
1337,2860500,10300,51270.296875
1338,2860500,10330,51747.390625
1339,2860500,10360,51760.6875
1340,2860500,10390,51749.59375
1341,2860500,10420,51756.59375
1342,2860500,10450,51738.484375
1343,2860500,10480,51720.90625
1344,2860500,10510,51815.390625
1345,2860500,10540,51725.40625
1346,2860500,10570,51763.8125
1347,2860500,10600,51260.90625
1348,2860500,10630,51804.109375
1349,2860500,10660,51764.3125
1350,2860500,10690,51732.09375
1351,2860500,10720,51738.984375
1352,2860500,10750,51737.71875
1353,2860500,10780,51774.0
1354,2860500,10810,51760.890625
1355,2860500,10840,51767.90625
1356,2860500,10870,51736.296875
1357,2860500,10900,51800.703125
1358,2860500,10930,51820.71875
1359,2860500,10960,51356.796875
1360,2860500,10990,51819.5
1361,2860500,11020,51748.109375
1362,2860500,11050,51825.8125
1363,2860500,11080,51743.21875
1364,2860500,11110,51794.890625
1365,2860500,11140,51813.8125
1366,2860500,11170,51746.796875
1367,2860500,11200,51761.40625
1368,2860500,11230,51256.015625
1369,2860500,11260,51721.90625
1370,2860500,11290,51834.703125
1371,2860500,11320,51788.5
1372,2860500,11350,51755.796875
1373,2860500,11380,51824.59375
1374,2860500,11410,51769.515625
1375,2860500,11440,51831.796875
1376,2860500,11470,51806.5
1377,2860500,11500,51769.09375
1378,2860500,11530,51819.703125
1379,2860500,11560,51291.3125
1380,2860500,11590,51775.890625
1381,2860500,11620,51821.40625
1382,2860500,11650,51788.09375
1383,2860500,11680,51757.6875
1384,2860500,11710,51772.203125
1385,2860500,11740,51796.8125
1386,2860500,11770,51764.296875
1387,2860500,11800,51784.984375
1388,2860500,11830,51809.609375
1389,2860500,11860,51334.296875
1390,2860500,11890,51823.09375
1391,2860500,11920,51792.3125
1392,2860500,11950,51807.296875
1393,2860500,11980,51863.609375
1394,2860500,12010,51823.609375
1395,2860500,12040,51792.28125
1396,2860500,12070,51792.390625
1397,2860500,12100,51759.78125
1398,2860500,12130,51833.015625
1399,2860500,12160,51345.1875
1400,2860500,12190,51853.40625
1401,2860500,12220,51791.484375
1402,2860500,12250,51858.59375
1403,2860500,12280,51831.296875
1404,2860500,12310,51814.203125
1405,2860500,12340,51819.28125
1406,2860500,12370,51781.09375
1407,2860500,12400,51812.390625
1408,2860500,12430,51839.296875
1409,2860500,12460,51859.59375
1410,2860500,12490,51885.890625
1411,2860500,12520,51346.203125
1412,2860500,12550,51849.609375
1413,2860500,12580,51772.796875
1414,2860500,12610,51853.203125
1415,2860500,12640,51823.6875
1416,2860500,12670,51803.390625
1417,2860500,12700,51798.390625
1418,2860500,12730,51842.3125
1419,2860500,12760,51848.09375
1420,2860500,12790,51348.90625
1421,2860500,12820,51823.203125
1422,2860500,12850,51818.6875
1423,2860500,12880,51875.09375
1424,2860500,12910,51909.6875
1425,2860500,12940,51857.90625
1426,2860500,12970,51821.390625
1427,2860500,13000,51834.5
1428,2860500,13030,51803.609375
1429,2860500,13060,51860.3125
1430,2860500,13090,51844.59375
1431,2860500,13120,51383.5
1432,2860500,13150,51848.796875
1433,2860500,13180,51874.40625
1434,2860500,13210,51833.8125
1435,2860500,13240,51877.71875
1436,2860500,13270,51894.703125
1437,2860500,13300,51860.515625
1438,2860500,13330,51863.609375
1439,2860500,13360,51912.109375
1440,2860500,13390,51860.8125
1441,2860500,13420,51424.5
1442,2860500,13450,51904.09375
1443,2860500,13480,51933.09375
1444,2860500,13510,51881.796875
1445,2860500,13540,51841.71875
1446,2860500,13570,51821.8125
1447,2860500,13600,51894.609375
1448,2860500,13630,51966.59375
1449,2860500,13660,51842.890625
1450,2860500,13690,51874.296875
1451,2860500,13720,51895.90625
1452,2860500,13750,51896.296875
1453,2860500,13780,51453.6875
1454,2860500,13810,51822.1875
1455,2860500,13840,51908.109375
1456,2860500,13870,51869.8125
1457,2860500,13900,51906.0
1458,2860500,13930,51902.515625
1459,2860500,13960,51882.609375
1460,2860500,13990,51905.203125
1461,2860500,14020,51837.390625
1462,2860500,14050,51430.296875
1463,2860500,14080,51880.3125
1464,2860500,14110,51853.1875
1465,2860500,14140,51932.8125
1466,2860500,14170,51857.90625
1467,2860500,14200,51912.203125
1468,2860500,14230,51867.484375
1469,2860500,14260,51852.09375
1470,2860500,14290,51890.796875
1471,2860500,14320,51882.0
1472,2860500,14350,51388.09375
1473,2860500,14380,51923.90625
1474,2860500,14410,51942.0
1475,2860500,14440,51960.5
1476,2860500,14470,51921.796875
1477,2860500,14500,51894.90625
1478,2860500,14530,51864.28125
1479,2860500,14560,51917.59375
1480,2860500,14590,51872.40625
1481,2860500,14620,51901.390625
1482,2860500,14650,51872.59375
1483,2860500,14680,51960.1875
1484,2860500,14710,51412.78125
1485,2860500,14740,51946.6875
1486,2860500,14770,51924.796875
1487,2860500,14800,51893.8125
1488,2860500,14830,51842.09375
1489,2860500,14860,51950.609375
1490,2860500,14890,51936.5
1491,2860500,14920,51908.0
1492,2860500,14950,51989.0
1493,2860500,14980,51426.59375
1494,2860500,15010,51864.0
1495,2860500,15040,51939.796875
1496,2860500,15070,51931.390625
1497,2860500,15100,51894.296875
1498,2860500,15130,51888.1875
1499,2860500,15160,51920.296875
1500,2860500,15190,51906.90625
1501,2860500,15220,51918.796875
1502,2860500,15250,51910.09375
1503,2860500,15280,51917.90625
1504,2860500,15310,51934.90625
1505,2860500,15340,51385.015625
1506,2860500,15370,51944.59375
1507,2860500,15400,51871.21875
1508,2860500,15430,51923.203125
1509,2860500,15460,51888.6875
1510,2860500,15490,51931.390625
1511,2860500,15520,51937.3125
1512,2860500,15550,51855.71875
1513,2860500,15580,51954.203125
1514,2860500,15610,51452.0
1515,2860500,15640,51894.796875
1516,2860500,15670,51947.484375
1517,2860500,15700,51938.09375
1518,2860500,15730,51913.40625
1519,2860500,15760,51948.703125
1520,2860500,15790,51957.40625
1521,2860500,15820,51884.203125
1522,2860500,15850,51967.3125
1523,2860500,15880,51859.609375
1524,2860500,15910,51893.40625
1525,2860500,15940,51437.890625
1526,2860500,15970,51906.6875
1527,2860500,16000,51920.90625
1528,2860500,16030,51904.8125
1529,2860500,16060,51983.21875
1530,2860500,16090,51955.5
1531,2860500,16120,51953.609375
1532,2860500,16150,51892.1875
1533,2860500,16180,51956.390625
1534,2860500,16210,51938.71875
1535,2860500,16240,51498.90625
1536,2860500,16270,51954.109375
1537,2860500,16300,51964.71875
1538,2860500,16330,51956.203125
1539,2860500,16360,51913.609375
1540,2860500,16390,51931.609375
1541,2860500,16420,51911.6875
1542,2860500,16450,51934.90625
1543,2860500,16480,51982.59375
1544,2860500,16510,51949.203125
1545,2860500,16540,51404.6875
1546,2860500,16570,51930.796875
1547,2860500,16600,51944.90625
1548,2860500,16630,51955.609375
1549,2860500,16660,52001.515625
1550,2860500,16690,51886.390625
1551,2860500,16720,51935.40625
1552,2860500,16750,51965.890625
1553,2860500,16780,51970.984375
1554,2860500,16810,51966.1875
1555,2860500,16840,51945.015625
1556,2860500,16870,51936.5
1557,2860500,16900,51488.703125
1558,2860500,16930,51947.390625
1559,2860500,16960,51910.09375
1560,2860500,16990,51922.8125
1561,2860500,17020,51951.1875
1562,2860500,17050,51924.5
1563,2860500,17080,51912.09375
1564,2860500,17110,51981.90625
1565,2860500,17140,52004.40625
1566,2860500,17170,51486.1875
1567,2860500,17200,51953.390625
1568,2860500,17230,51931.0
1569,2860500,17260,51977.28125
1570,2860500,17290,51933.390625
1571,2860500,17320,51930.59375
1572,2860500,17350,52010.109375
1573,2860500,17380,51956.203125
1574,2860500,17410,51968.1875
1575,2860500,17440,52052.6875
1576,2860500,17470,51998.09375
1577,2860500,17500,52023.890625
1578,2860500,17530,51480.09375
1579,2860500,17560,52005.8125
1580,2860500,17590,51974.1875
1581,2860500,17620,52014.21875
1582,2860500,17650,51961.90625
1583,2860500,17680,51957.90625
1584,2860500,17710,51954.21875
1585,2860500,17740,51981.015625
1586,2860500,17770,52043.296875
1587,2860500,17800,51503.6875
1588,2860500,17830,51990.390625
1589,2860500,17860,51994.71875
1590,2860500,17890,51963.28125
1591,2860500,17920,52002.78125
1592,2860500,17950,51940.390625
1593,2860500,17980,51984.09375
1594,2860500,18010,51939.78125
1595,2860500,18040,51977.703125
1596,2860500,18070,52007.6875
1597,2860500,18100,52017.90625
1598,2860500,18130,52010.5
1599,2860500,18160,51489.109375
1600,2860500,18190,52016.5
1601,2860500,18220,52029.390625
1602,2860500,18250,52043.609375
1603,2860500,18280,51977.609375
1604,2860500,18310,51973.90625
1605,2860500,18340,52009.90625
1606,2860500,18370,51958.703125
1607,2860500,18400,51988.3125
1608,2860500,18430,52068.109375
1609,2860500,18460,51521.0
1610,2860500,18490,51958.09375
1611,2860500,18520,52023.0
1612,2860500,18550,51973.3125
1613,2860500,18580,51973.390625
1614,2860500,18610,52024.203125
1615,2860500,18640,51951.5
1616,2860500,18670,52000.5
1617,2860500,18700,51936.609375
1618,2860500,18730,52040.5
1619,2860500,18760,52453.390625
1620,2860500,18790,52019.0
1621,2860500,18820,52016.609375
1622,2860500,18850,52023.3125
1623,2860500,18880,52039.6875
1624,2860500,18910,52056.703125
1625,2860500,18940,51536.1875
1626,2860500,18970,52018.0
1627,2860500,19000,52011.28125
1628,2860500,19030,51992.6875
1629,2860500,19060,52036.0
1630,2860500,19090,52027.015625
1631,2860500,19120,51967.609375
1632,2860500,19150,51960.28125
1633,2860500,19180,52021.703125
1634,2860500,19210,51538.8125
1635,2860500,19240,52044.90625
1636,2860500,19270,51967.40625
1637,2860500,19300,51998.796875
1638,2860500,19330,52017.71875
1639,2860500,19360,52049.59375
1640,2860500,19390,52003.5
1641,2860500,19420,52038.296875
1642,2860500,19450,52049.703125
1643,2860500,19480,52016.3125
1644,2860500,19510,52010.890625
1645,2860500,19540,52010.90625
1646,2860500,19570,51486.890625
1647,2860500,19600,52078.40625
1648,2860500,19630,52052.09375
1649,2860500,19660,51996.3125
1650,2860500,19690,52008.5
1651,2860500,19720,51972.0
1652,2860500,19750,52035.109375
1653,2860500,19780,52051.515625
1654,2860500,19810,51987.109375
1655,2860500,19840,51521.40625
1656,2860500,19870,52030.3125
1657,2860500,19900,52049.40625
1658,2860500,19930,52033.203125
1659,2860500,19960,51980.390625
1660,2860500,19990,52069.90625
1661,2860500,20020,52005.09375
1662,2860500,20050,51997.890625
1663,2860500,20080,52077.890625
1664,2860500,20110,52061.984375
1665,2860500,20140,52031.0
1666,2860500,20170,52029.90625
1667,2860500,20200,51578.609375
1668,2860500,20230,52044.78125
1669,2860500,20260,52079.90625
1670,2860500,20290,52033.6875
1671,2860500,20320,52035.1875
1672,2860500,20350,52037.59375
1673,2860500,20380,52064.40625
1674,2860500,20410,52051.1875
1675,2860500,20440,52014.78125
1676,2860500,20470,51491.390625
1677,2860500,20500,52073.0
1678,2860500,20530,52005.8125
1679,2860500,20560,52034.703125
1680,2860500,20590,52052.90625
1681,2860500,20620,52052.984375
1682,2860500,20650,52023.390625
1683,2860500,20680,52052.5
1684,2860500,20710,52019.09375
1685,2860500,20740,52033.09375
1686,2860500,20770,52048.703125
1687,2860500,20800,51576.28125
1688,2860500,20830,52080.40625
1689,2860500,20860,52019.90625
1690,2860500,20890,52071.90625
1691,2860500,20920,51995.40625
1692,2860500,20950,52056.609375
1693,2860500,20980,52018.21875
1694,2860500,21010,52059.390625
1695,2860500,21040,52016.984375
1696,2860500,21070,52098.609375
1697,2860500,21100,51529.390625
1698,2860500,21130,52022.390625
1699,2860500,21160,52085.3125
1700,2860500,21190,52086.1875
1701,2860500,21220,52043.109375
1702,2860500,21250,52051.703125
1703,2860500,21280,52053.703125
1704,2860500,21310,52046.1875
1705,2860500,21340,52089.21875
1706,2860500,21370,51993.0
1707,2860500,21400,51479.09375
1708,2860500,21430,51983.6875
1709,2860500,21460,52046.796875
1710,2860500,21490,52039.59375
1711,2860500,21520,52077.59375
1712,2860500,21550,52051.609375
1713,2860500,21580,52028.09375
1714,2860500,21610,52056.90625
1715,2860500,21640,52100.5
1716,2860500,21670,52089.09375
1717,2860500,21700,52043.3125
1718,2860500,21730,52033.796875
1719,2860500,21760,51587.59375
1720,2860500,21790,52077.890625
1721,2860500,21820,52062.09375
1722,2860500,21850,52075.0
1723,2860500,21880,52002.40625
1724,2860500,21910,52076.0
1725,2860500,21940,52065.3125
1726,2860500,21970,52036.515625
1727,2860500,22000,52042.890625
1728,2860500,22030,51577.90625
1729,2860500,22060,52046.40625
1730,2860500,22090,52091.703125
1731,2860500,22120,52063.609375
1732,2860500,22150,52090.5
1733,2860500,22180,52099.28125
1734,2860500,22210,52085.5
1735,2860500,22240,52092.0
1736,2860500,22270,52007.609375
1737,2860500,22300,52079.296875
1738,2860500,22330,52087.109375
1739,2860500,22360,52067.40625
1740,2860500,22390,51551.40625
1741,2860500,22420,52026.8125
1742,2860500,22450,52017.09375
1743,2860500,22480,52107.0
1744,2860500,22510,52035.0
1745,2860500,22540,52084.6875
1746,2860500,22570,52042.21875
1747,2860500,22600,52073.3125
1748,2860500,22630,52092.109375
1749,2860500,22660,51554.3125
1750,2860500,22690,52068.0
1751,2860500,22720,52058.390625
1752,2860500,22750,52099.09375
1753,2860500,22780,52112.796875
1754,2860500,22810,52034.890625
1755,2860500,22840,52094.390625
1756,2860500,22870,52065.71875
1757,2860500,22900,52105.515625
1758,2860500,22930,52045.515625
1759,2860500,22960,52069.1875
1760,2860500,22990,52055.984375
1761,2860500,23020,51594.703125
1762,2860500,23050,52113.390625
1763,2860500,23080,52066.59375
1764,2860500,23110,52109.609375
1765,2860500,23140,52145.796875
1766,2860500,23170,52126.71875
1767,2860500,23200,52009.21875
1768,2860500,23230,52087.59375
1769,2860500,23260,52109.0
1770,2860500,23290,52064.71875
1771,2860500,23320,51529.1875
1772,2860500,23350,52109.703125
1773,2860500,23380,52090.28125
1774,2860500,23410,52102.90625
1775,2860500,23440,52092.5
1776,2860500,23470,52102.390625
1777,2860500,23500,52042.703125
1778,2860500,23530,52087.59375
1779,2860500,23560,52111.59375
1780,2860500,23590,52114.6875
1781,2860500,23620,52060.609375
1782,2860500,23650,51632.890625
1783,2860500,23680,52070.59375
1784,2860500,23710,52156.09375
1785,2860500,23740,52066.40625
1786,2860500,23770,52096.703125
1787,2860500,23800,52083.796875
1788,2860500,23830,52108.203125
1789,2860500,23860,52105.890625
1790,2860500,23890,52120.890625
1791,2860500,23920,51628.78125
1792,2860500,23950,52112.59375
1793,2860500,23980,52102.5
1794,2860500,24010,52086.0
1795,2860500,24040,52093.1875
1796,2860500,24070,52065.796875
1797,2860500,24100,52086.0
1798,2860500,24130,52113.015625
1799,2860500,24160,52094.78125
1800,2860500,24190,52104.0
1801,2860500,24220,51612.21875
1802,2860500,24250,52117.890625
1803,2860500,24280,52051.390625
1804,2860500,24310,52070.59375
1805,2860500,24340,52131.40625
1806,2860500,24370,52112.09375
1807,2860500,24400,52153.296875
1808,2860500,24430,52105.5
1809,2860500,24460,52115.296875
1810,2860500,24490,52061.71875
1811,2860500,24520,52092.484375
1812,2860500,24550,52115.984375
1813,2860500,24580,51623.0
1814,2860500,24610,52105.09375
1815,2860500,24640,52041.6875
1816,2860500,24670,52139.015625
1817,2860500,24700,52124.28125
1818,2860500,24730,52075.21875
1819,2860500,24760,52060.3125
1820,2860500,24790,52087.3125
1821,2860500,24820,52141.59375
1822,2860500,24850,51626.40625
1823,2860500,24880,52109.390625
1824,2860500,24910,52094.3125
1825,2860500,24940,52097.28125
1826,2860500,24970,52152.6875
1827,2860500,25000,52050.3125
1828,2860500,25030,52190.109375
1829,2860500,25060,52131.703125
1830,2860500,25090,52082.21875
1831,2860500,25120,52121.6875
1832,2860500,25150,52116.09375
1833,2860500,25180,51675.5
1834,2860500,25210,52149.296875
1835,2860500,25240,52107.5
1836,2860500,25270,52110.90625
1837,2860500,25300,52094.5
1838,2860500,25330,52104.21875
1839,2860500,25360,52133.90625
1840,2860500,25390,52188.1875
1841,2860500,25420,52064.390625
1842,2860500,25450,52078.90625
1843,2860500,25480,51639.71875
1844,2860500,25510,52094.3125
1845,2860500,25540,52142.703125
1846,2860500,25570,52139.71875
1847,2860500,25600,52144.6875
1848,2860500,25630,52127.09375
1849,2860500,25660,52126.203125
1850,2860500,25690,52057.0
1851,2860500,25720,52085.3125
1852,2860500,25750,52093.296875
1853,2860500,25780,51664.09375
1854,2860500,25810,52091.609375
1855,2860500,25840,52102.390625
1856,2860500,25870,52037.3125
1857,2860500,25900,52107.09375
1858,2860500,25930,52102.59375
1859,2860500,25960,52094.703125
1860,2860500,25990,52115.28125
1861,2860500,26020,52067.703125
1862,2860500,26050,52074.1875
1863,2860500,26080,52064.296875
1864,2860500,26110,52083.8125
1865,2860500,26140,51615.1875
1866,2860500,26170,52051.3125
1867,2860500,26200,52139.484375
1868,2860500,26230,52105.21875
1869,2860500,26260,52097.40625
1870,2860500,26290,52162.90625
1871,2860500,26320,52119.40625
1872,2860500,26350,52083.8125
1873,2860500,26380,52146.6875
1874,2860500,26410,51634.5
1875,2860500,26440,52130.609375
1876,2860500,26470,52085.0
1877,2860500,26500,52081.6875
1878,2860500,26530,52115.296875
1879,2860500,26560,52188.390625
1880,2860500,26590,52144.09375
1881,2860500,26620,52101.28125
1882,2860500,26650,52086.296875
1883,2860500,26680,52076.78125
1884,2860500,26710,52151.09375
1885,2860500,26740,51588.296875
1886,2860500,26770,52141.90625
1887,2860500,26800,52069.796875
1888,2860500,26830,52123.90625
1889,2860500,26860,52067.203125
1890,2860500,26890,52156.40625
1891,2860500,26920,52045.5
1892,2860500,26950,52087.6875
1893,2860500,26980,52082.78125
1894,2860500,27010,52190.515625
1895,2860500,27040,51599.59375
1896,2860500,27070,52058.890625
1897,2860500,27100,52092.3125
1898,2860500,27130,52050.90625
1899,2860500,27160,52135.40625
1900,2860500,27190,52115.484375
1901,2860500,27220,52087.515625
1902,2860500,27250,52119.40625
1903,2860500,27280,52108.0
1904,2860500,27310,52165.984375
1905,2860500,27340,52113.703125
1906,2860500,27370,52093.8125
1907,2860500,27400,51690.8125
1908,2860500,27430,52097.21875
1909,2860500,27460,52144.796875
1910,2860500,27490,52072.1875
1911,2860500,27520,52091.890625
1912,2860500,27550,52069.890625
1913,2860500,27580,52132.796875
1914,2860500,27610,52106.796875
1915,2860500,27640,52093.109375
1916,2860500,27670,51566.59375
1917,2860500,27700,52085.890625
1918,2860500,27730,52148.390625
1919,2860500,27760,52120.09375
1920,2860500,27790,52136.296875
1921,2860500,27820,52186.0
1922,2860500,27850,52119.984375
1923,2860500,27880,52079.59375
1924,2860500,27910,52105.5
1925,2860500,27940,52130.59375
1926,2860500,27970,52078.703125
1927,2860500,28000,51626.296875
1928,2860500,28030,52079.5
1929,2860500,28060,52134.015625
1930,2860500,28090,52122.6875
1931,2860500,28120,52141.3125
1932,2860500,28150,52078.890625
1933,2860500,28180,52134.71875
1934,2860500,28210,52129.296875
1935,2860500,28240,52176.90625
1936,2860500,28270,52127.703125
1937,2860500,28300,52140.90625
1938,2860500,28330,51654.40625
1939,2860500,28360,52143.09375
1940,2860500,28390,52103.0
1941,2860500,28420,52106.8125
1942,2860500,28450,52066.109375
1943,2860500,28480,52113.90625
1944,2860500,28510,52077.5
1945,2860500,28540,52120.109375
1946,2860500,28570,52102.015625
1947,2860500,28600,51648.09375
1948,2860500,28630,52149.28125
1949,2860500,28660,52141.890625
1950,2860500,28690,52103.40625
1951,2860500,28720,52087.390625
1952,2860500,28750,52155.1875
1953,2860500,28780,52128.484375
1954,2860500,28810,52180.109375
1955,2860500,28840,52160.3125
1956,2860500,28870,52189.09375
1957,2860500,28900,52139.59375
1958,2860500,28930,52136.71875
1959,2860500,28960,51670.0
1960,2860500,28990,52119.1875
1961,2860500,29020,52120.609375
1962,2860500,29050,52106.09375
1963,2860500,29080,52169.3125
1964,2860500,29110,52120.3125
1965,2860500,29140,52134.21875
1966,2860500,29170,52060.609375
1967,2860500,29200,52088.609375
1968,2860500,29230,51579.984375
1969,2860500,29260,52109.6875
1970,2860500,29290,52123.5
1971,2860500,29320,52087.203125
1972,2860500,29350,52093.1875
1973,2860500,29380,52163.796875
1974,2860500,29410,52140.390625
1975,2860500,29440,52158.09375
1976,2860500,29470,52147.703125
1977,2860500,29500,52124.484375
1978,2860500,29530,52090.6875
1979,2860500,29560,52126.1875
1980,2860500,29590,51625.796875
1981,2860500,29620,52144.609375
1982,2860500,29650,52168.21875
1983,2860500,29680,52141.09375
1984,2860500,29710,52165.3125
1985,2860500,29740,52124.59375
1986,2860500,29770,52123.59375
1987,2860500,29800,52091.40625
1988,2860500,29830,52123.3125
1989,2860500,29860,51620.5
1990,2860500,29890,52171.09375
1991,2860500,29920,52116.90625
1992,2860500,29950,52111.90625
1993,2860500,29980,52120.296875
1994,2861000,100,12160.6875
1995,2861000,130,62133.6875
1996,2861000,160,59948.21875
1997,2861000,190,56498.0
1998,2861000,220,48160.09375
1999,2861000,250,52877.703125
2000,2861000,280,56060.203125
2001,2861000,310,55779.1875
2002,2861000,340,51308.796875
2003,2861000,370,46601.703125
2004,2861000,400,50566.1875
2005,2861000,430,53890.6875
2006,2861000,460,54307.703125
2007,2861000,490,52818.5
2008,2861000,520,50308.40625
2009,2861000,550,50794.796875
2010,2861000,580,52944.78125
2011,2861000,610,52864.484375
2012,2861000,640,51316.609375
2013,2861000,670,50018.203125
2014,2861000,700,51355.5
2015,2861000,730,53554.390625
2016,2861000,760,55058.390625
2017,2861000,790,53591.8125
2018,2861000,820,50604.5
2019,2861000,850,48138.40625
2020,2861000,880,49243.796875
2021,2861000,910,52216.796875
2022,2861000,940,53198.015625
2023,2861000,970,52418.59375
2024,2861000,1000,50651.59375
2025,2861000,1030,50783.390625
2026,2861000,1060,52031.703125
2027,2861000,1090,53593.1875
2028,2861000,1120,53739.90625
2029,2861000,1150,52297.59375
2030,2861000,1180,51011.890625
2031,2861000,1210,50502.3125
2032,2861000,1240,50783.8125
2033,2861000,1270,51634.5
2034,2861000,1300,52029.59375
2035,2861000,1330,52213.71875
2036,2861000,1360,51814.90625
2037,2861000,1390,52258.890625
2038,2861000,1420,52121.890625
2039,2861000,1450,51660.78125
2040,2861000,1480,51452.6875
2041,2861000,1510,51845.21875
2042,2861000,1540,52234.390625
2043,2861000,1570,52246.3125
2044,2861000,1600,51951.203125
2045,2861000,1630,51454.90625
2046,2861000,1660,50816.28125
2047,2861000,1690,51713.59375
2048,2861000,1720,52063.203125
2049,2861000,1750,52165.40625
2050,2861000,1780,52061.6875
2051,2861000,1810,51638.28125
2052,2861000,1840,51540.5
2053,2861000,1870,51638.5
2054,2861000,1900,51864.5
2055,2861000,1930,51573.0
2056,2861000,1960,52103.5
2057,2861000,1990,52011.890625
2058,2861000,2020,51792.40625
2059,2861000,2050,51450.984375
2060,2861000,2080,51458.890625
2061,2861000,2110,51882.59375
2062,2861000,2140,52275.0
2063,2861000,2170,52423.203125
2064,2861000,2200,52066.109375
2065,2861000,2230,51478.390625
2066,2861000,2260,51192.8125
2067,2861000,2290,51093.8125
2068,2861000,2320,52095.78125
2069,2861000,2350,52408.90625
2070,2861000,2380,52242.0
2071,2861000,2410,51752.6875
2072,2861000,2440,51641.28125
2073,2861000,2470,51878.0
2074,2861000,2500,52178.28125
2075,2861000,2530,52219.984375
2076,2861000,2560,51274.109375
2077,2861000,2590,51397.6875
2078,2861000,2620,51525.09375
2079,2861000,2650,51972.71875
2080,2861000,2680,52187.609375
2081,2861000,2710,52226.609375
2082,2861000,2740,51919.609375
2083,2861000,2770,51850.484375
2084,2861000,2800,51880.796875
2085,2861000,2830,51882.109375
2086,2861000,2860,51702.8125
2087,2861000,2890,51518.796875
2088,2861000,2920,51020.703125
2089,2861000,2950,51929.1875
2090,2861000,2980,52327.0
2091,2861000,3010,52463.71875
2092,2861000,3040,52109.109375
2093,2861000,3070,51636.3125
2094,2861000,3100,51628.515625
2095,2861000,3130,51867.109375
2096,2861000,3160,51988.703125
2097,2861000,3190,51333.28125
2098,2861000,3220,51515.5
2099,2861000,3250,51533.1875
2100,2861000,3280,51985.09375
2101,2861000,3310,52431.40625
2102,2861000,3340,52515.390625
2103,2861000,3370,52113.1875
2104,2861000,3400,51702.21875
2105,2861000,3430,51441.40625
2106,2861000,3460,51636.71875
2107,2861000,3490,51933.1875
2108,2861000,3520,52060.5
2109,2861000,3550,51392.40625
2110,2861000,3580,51917.703125
2111,2861000,3610,52033.015625
2112,2861000,3640,52112.40625
2113,2861000,3670,52184.59375
2114,2861000,3700,51981.71875
2115,2861000,3730,51707.6875
2116,2861000,3760,51739.40625
2117,2861000,3790,51848.296875
2118,2861000,3820,52037.90625
2119,2861000,3850,51459.484375
2120,2861000,3880,51907.796875
2121,2861000,3910,52015.5
2122,2861000,3940,52087.484375
2123,2861000,3970,52145.984375
2124,2861000,4000,52026.203125
2125,2861000,4030,51694.09375
2126,2861000,4060,51560.6875
2127,2861000,4090,51857.296875
2128,2861000,4120,52132.1875
2129,2861000,4150,52224.109375
2130,2861000,4180,51683.109375
2131,2861000,4210,51956.609375
2132,2861000,4240,51807.390625
2133,2861000,4270,51884.90625
2134,2861000,4300,51982.40625
2135,2861000,4330,52031.109375
2136,2861000,4360,51872.71875
2137,2861000,4390,51769.796875
2138,2861000,4420,51823.21875
2139,2861000,4450,51990.21875
2140,2861000,4480,51696.21875
2141,2861000,4510,52183.6875
2142,2861000,4540,52078.203125
2143,2861000,4570,51948.6875
2144,2861000,4600,51924.515625
2145,2861000,4630,51844.796875
2146,2861000,4660,51863.484375
2147,2861000,4690,51965.703125
2148,2861000,4720,51984.6875
2149,2861000,4750,51620.609375
2150,2861000,4780,52142.5
2151,2861000,4810,51999.984375
2152,2861000,4840,51974.40625
2153,2861000,4870,51861.1875
2154,2861000,4900,51970.484375
2155,2861000,4930,52124.0
2156,2861000,4960,52136.40625
2157,2861000,4990,52066.5
2158,2861000,5020,51937.5
2159,2861000,5050,51953.703125
2160,2861000,5080,51956.40625
2161,2861000,5110,51616.40625
2162,2861000,5140,52103.890625
2163,2861000,5170,52025.390625
2164,2861000,5200,51988.8125
2165,2861000,5230,51855.890625
2166,2861000,5260,51922.109375
2167,2861000,5290,52069.3125
2168,2861000,5320,52166.40625
2169,2861000,5350,52195.515625
2170,2861000,5380,51619.09375
2171,2861000,5410,52005.5
2172,2861000,5440,51962.296875
2173,2861000,5470,51972.09375
2174,2861000,5500,52008.515625
2175,2861000,5530,52088.296875
2176,2861000,5560,52137.515625
2177,2861000,5590,52082.8125
2178,2861000,5620,52032.5
2179,2861000,5650,52081.984375
2180,2861000,5680,52106.90625
2181,2861000,5710,52119.609375
2182,2861000,5740,51570.796875
2183,2861000,5770,52029.21875
2184,2861000,5800,52050.296875
2185,2861000,5830,52043.890625
2186,2861000,5860,52058.90625
2187,2861000,5890,52118.6875
2188,2861000,5920,52127.015625
2189,2861000,5950,52181.1875
2190,2861000,5980,52209.1875
2191,2861000,6010,52131.3125
2192,2861000,6040,51556.71875
2193,2861000,6070,51944.890625
2194,2861000,6100,52004.78125
2195,2861000,6130,52170.515625
2196,2861000,6160,52240.703125
2197,2861000,6190,52259.390625
2198,2861000,6220,52144.5
2199,2861000,6250,51947.609375
2200,2861000,6280,51990.6875
2201,2861000,6310,51524.1875
2202,2861000,6340,52133.09375
2203,2861000,6370,52149.78125
2204,2861000,6400,52118.515625
2205,2861000,6430,52006.71875
2206,2861000,6460,52025.484375
2207,2861000,6490,52147.5
2208,2861000,6520,52266.09375
2209,2861000,6550,52199.90625
2210,2861000,6580,52095.40625
2211,2861000,6610,51933.296875
2212,2861000,6640,52019.90625
2213,2861000,6670,51611.0
2214,2861000,6700,52126.90625
2215,2861000,6730,52084.59375
2216,2861000,6760,52156.0
2217,2861000,6790,52140.3125
2218,2861000,6820,52178.5
2219,2861000,6850,52142.8125
2220,2861000,6880,52076.90625
2221,2861000,6910,52039.59375
2222,2861000,6940,51542.890625
2223,2861000,6970,52157.609375
2224,2861000,7000,52184.8125
2225,2861000,7030,52184.8125
2226,2861000,7060,52082.1875
2227,2861000,7090,52032.515625
2228,2861000,7120,52088.28125
2229,2861000,7150,52236.703125
2230,2861000,7180,52252.6875
2231,2861000,7210,52076.6875
2232,2861000,7240,52054.3125
2233,2861000,7270,52072.484375
2234,2861000,7300,51592.09375
2235,2861000,7330,52245.609375
2236,2861000,7360,52239.296875
2237,2861000,7390,52145.703125
2238,2861000,7420,52063.796875
2239,2861000,7450,52093.09375
2240,2861000,7480,52156.296875
2241,2861000,7510,52206.0
2242,2861000,7540,52167.59375
2243,2861000,7570,51624.703125
2244,2861000,7600,52098.484375
2245,2861000,7630,52153.5
2246,2861000,7660,52188.5
2247,2861000,7690,52163.40625
2248,2861000,7720,52186.3125
2249,2861000,7750,52132.78125
2250,2861000,7780,52125.109375
2251,2861000,7810,52134.984375
2252,2861000,7840,52215.484375
2253,2861000,7870,52123.609375
2254,2861000,7900,52176.390625
2255,2861000,7930,51674.5
2256,2861000,7960,52206.890625
2257,2861000,7990,52301.703125
2258,2861000,8020,52222.3125
2259,2861000,8050,52130.203125
2260,2861000,8080,52135.296875
2261,2861000,8110,52154.390625
2262,2861000,8140,52163.203125
2263,2861000,8170,52294.90625
2264,2861000,8200,52233.1875
2265,2861000,8230,51739.890625
2266,2861000,8260,52211.390625
2267,2861000,8290,52161.59375
2268,2861000,8320,52221.09375
2269,2861000,8350,52238.6875
2270,2861000,8380,52205.890625
2271,2861000,8410,52163.203125
2272,2861000,8440,52210.015625
2273,2861000,8470,52162.203125
2274,2861000,8500,51731.59375
2275,2861000,8530,52266.0
2276,2861000,8560,52217.09375
2277,2861000,8590,52227.40625
2278,2861000,8620,52274.28125
2279,2861000,8650,52253.984375
2280,2861000,8680,52194.109375
2281,2861000,8710,52183.015625
2282,2861000,8740,52228.40625
2283,2861000,8770,52229.6875
2284,2861000,8800,52237.40625
2285,2861000,8830,52262.015625
2286,2861000,8860,51769.5
2287,2861000,8890,52210.703125
2288,2861000,8920,52164.703125
2289,2861000,8950,52225.484375
2290,2861000,8980,52233.5
2291,2861000,9010,52184.59375
2292,2861000,9040,52279.109375
2293,2861000,9070,52260.390625
2294,2861000,9100,52230.90625
2295,2861000,9130,51710.015625
2296,2861000,9160,52242.21875
2297,2861000,9190,52254.796875
2298,2861000,9220,52218.09375
2299,2861000,9250,52292.40625
2300,2861000,9280,52244.3125
2301,2861000,9310,52198.609375
2302,2861000,9340,52264.90625
2303,2861000,9370,52255.5
2304,2861000,9400,52283.09375
2305,2861000,9430,52250.40625
2306,2861000,9460,52234.1875
2307,2861000,9490,51745.296875
2308,2861000,9520,52289.21875
2309,2861000,9550,52219.3125
2310,2861000,9580,52234.5
2311,2861000,9610,52261.890625
2312,2861000,9640,52198.796875
2313,2861000,9670,52245.796875
2314,2861000,9700,52279.015625
2315,2861000,9730,52283.296875
2316,2861000,9760,51802.609375
2317,2861000,9790,52216.3125
2318,2861000,9820,52248.09375
2319,2861000,9850,52243.484375
2320,2861000,9880,52238.40625
2321,2861000,9910,52273.890625
2322,2861000,9940,52251.5
2323,2861000,9970,52223.703125
2324,2861000,10000,52223.40625
2325,2861000,10030,52269.1875
2326,2861000,10060,52224.203125
2327,2861000,10090,52274.21875
2328,2861000,10120,51746.90625
2329,2861000,10150,52320.390625
2330,2861000,10180,52314.90625
2331,2861000,10210,52328.484375
2332,2861000,10240,52271.0
2333,2861000,10270,52243.59375
2334,2861000,10300,52231.890625
2335,2861000,10330,52278.515625
2336,2861000,10360,52273.109375
2337,2861000,10390,52220.390625
2338,2861000,10420,51792.6875
2339,2861000,10450,52332.0
2340,2861000,10480,52235.1875
2341,2861000,10510,52339.390625
2342,2861000,10540,52350.703125
2343,2861000,10570,52272.78125
2344,2861000,10600,52291.203125
2345,2861000,10630,52320.6875
2346,2861000,10660,52221.5
2347,2861000,10690,52295.8125
2348,2861000,10720,52334.515625
2349,2861000,10750,51770.609375
2350,2861000,10780,52267.09375
2351,2861000,10810,52299.90625
2352,2861000,10840,52300.515625
2353,2861000,10870,52262.203125
2354,2861000,10900,52271.8125
2355,2861000,10930,52254.890625
2356,2861000,10960,52281.6875
2357,2861000,10990,52218.984375
2358,2861000,11020,52317.703125
2359,2861000,11050,51777.296875
2360,2861000,11080,52328.703125
2361,2861000,11110,52395.203125
2362,2861000,11140,52310.28125
2363,2861000,11170,52311.78125
2364,2861000,11200,52300.703125
2365,2861000,11230,52294.09375
2366,2861000,11260,52225.6875
2367,2861000,11290,52297.28125
2368,2861000,11320,51830.1875
2369,2861000,11350,52302.109375
2370,2861000,11380,52280.09375
2371,2861000,11410,52297.90625
2372,2861000,11440,52319.78125
2373,2861000,11470,52374.40625
2374,2861000,11500,52259.5
2375,2861000,11530,52307.390625
2376,2861000,11560,52306.109375
2377,2861000,11590,52305.015625
2378,2861000,11620,52347.09375
2379,2861000,11650,52366.890625
2380,2861000,11680,51797.90625
2381,2861000,11710,52366.09375
2382,2861000,11740,52320.59375
2383,2861000,11770,52324.21875
2384,2861000,11800,52295.703125
2385,2861000,11830,52297.09375
2386,2861000,11860,52319.796875
2387,2861000,11890,52326.890625
2388,2861000,11920,52381.703125
2389,2861000,11950,51829.984375
2390,2861000,11980,52339.390625
2391,2861000,12010,52349.890625
2392,2861000,12040,52334.515625
2393,2861000,12070,52303.21875
2394,2861000,12100,52279.78125
2395,2861000,12130,52252.40625
2396,2861000,12160,52332.09375
2397,2861000,12190,52313.203125
2398,2861000,12220,52339.1875
2399,2861000,12250,51831.8125
2400,2861000,12280,52324.984375
2401,2861000,12310,52262.90625
2402,2861000,12340,52335.40625
2403,2861000,12370,52286.21875
2404,2861000,12400,52348.3125
2405,2861000,12430,52261.71875
2406,2861000,12460,52353.1875
2407,2861000,12490,52269.28125
2408,2861000,12520,52333.109375
2409,2861000,12550,52338.6875
2410,2861000,12580,51857.59375
2411,2861000,12610,52335.21875
2412,2861000,12640,52310.78125
2413,2861000,12670,52338.09375
2414,2861000,12700,52325.1875
2415,2861000,12730,52306.6875
2416,2861000,12760,52337.6875
2417,2861000,12790,52350.90625
2418,2861000,12820,52328.515625
2419,2861000,12850,52320.1875
2420,2861000,12880,52329.3125
2421,2861000,12910,52326.984375
2422,2861000,12940,51825.59375
2423,2861000,12970,52281.890625
2424,2861000,13000,52349.609375
2425,2861000,13030,52364.90625
2426,2861000,13060,52308.5
2427,2861000,13090,52348.28125
2428,2861000,13120,52380.203125
2429,2861000,13150,52383.3125
2430,2861000,13180,52376.015625
2431,2861000,13210,52364.78125
2432,2861000,13240,51875.6875
2433,2861000,13270,52397.09375
2434,2861000,13300,52356.1875
2435,2861000,13330,52325.09375
2436,2861000,13360,52366.984375
2437,2861000,13390,52295.609375
2438,2861000,13420,52398.0
2439,2861000,13450,52353.296875
2440,2861000,13480,52366.90625
2441,2861000,13510,51889.28125
2442,2861000,13540,52361.796875
2443,2861000,13570,52339.5
2444,2861000,13600,52309.90625
2445,2861000,13630,52391.90625
2446,2861000,13660,52313.90625
2447,2861000,13690,52348.984375
2448,2861000,13720,52336.59375
2449,2861000,13750,52333.609375
2450,2861000,13780,52346.984375
2451,2861000,13810,52364.09375
2452,2861000,13840,52329.703125
2453,2861000,13870,51872.296875
2454,2861000,13900,52371.5
2455,2861000,13930,52377.09375
2456,2861000,13960,52314.5
2457,2861000,13990,52347.015625
2458,2861000,14020,52379.78125
2459,2861000,14050,52316.0
2460,2861000,14080,52364.90625
2461,2861000,14110,52371.09375
2462,2861000,14140,51860.296875
2463,2861000,14170,52337.09375
2464,2861000,14200,52366.8125
2465,2861000,14230,52366.890625
2466,2861000,14260,52391.390625
2467,2861000,14290,52331.09375
2468,2861000,14320,52395.6875
2469,2861000,14350,52310.09375
2470,2861000,14380,52375.203125
2471,2861000,14410,52363.109375
2472,2861000,14440,52301.890625
2473,2861000,14470,52399.5
2474,2861000,14500,51891.90625
2475,2861000,14530,52374.109375
2476,2861000,14560,52363.609375
2477,2861000,14590,52346.1875
2478,2861000,14620,52379.015625
2479,2861000,14650,52385.1875
2480,2861000,14680,52331.109375
2481,2861000,14710,52368.71875
2482,2861000,14740,52385.390625
2483,2861000,14770,51940.71875
2484,2861000,14800,52360.984375
2485,2861000,14830,52410.484375
2486,2861000,14860,52392.609375
2487,2861000,14890,52345.6875
2488,2861000,14920,52384.90625
2489,2861000,14950,52339.3125
2490,2861000,14980,52384.890625
2491,2861000,15010,52398.6875
2492,2861000,15040,52378.59375
2493,2861000,15070,51957.703125
2494,2861000,15100,52457.59375
2495,2861000,15130,52391.09375
2496,2861000,15160,52364.59375
2497,2861000,15190,52354.609375
2498,2861000,15220,52433.40625
2499,2861000,15250,52427.5
2500,2861000,15280,52441.796875
2501,2861000,15310,52391.21875
2502,2861000,15340,52389.8125
2503,2861000,15370,52373.203125
2504,2861000,15400,52386.296875
2505,2861000,15430,51908.703125
2506,2861000,15460,52378.09375
2507,2861000,15490,52382.203125
2508,2861000,15520,52365.90625
2509,2861000,15550,52414.109375
2510,2861000,15580,52381.59375
2511,2861000,15610,52410.8125
2512,2861000,15640,52377.484375
2513,2861000,15670,52374.0
2514,2861000,15700,51911.296875
2515,2861000,15730,52383.40625
2516,2861000,15760,52409.8125
2517,2861000,15790,52422.78125
2518,2861000,15820,52382.703125
2519,2861000,15850,52379.0
2520,2861000,15880,52408.796875
2521,2861000,15910,52450.78125
2522,2861000,15940,52384.8125
2523,2861000,15970,52390.203125
2524,2861000,16000,52399.40625
2525,2861000,16030,52464.6875
2526,2861000,16060,51888.78125
2527,2861000,16090,52457.3125
2528,2861000,16120,52379.90625
2529,2861000,16150,52419.0
2530,2861000,16180,52347.5
2531,2861000,16210,52432.390625
2532,2861000,16240,52422.5
2533,2861000,16270,52462.5
2534,2861000,16300,52434.21875
2535,2861000,16330,51983.1875
2536,2861000,16360,52432.09375
2537,2861000,16390,52453.1875
2538,2861000,16420,52455.71875
2539,2861000,16450,52386.703125
2540,2861000,16480,52415.609375
2541,2861000,16510,52446.3125
2542,2861000,16540,52454.28125
2543,2861000,16570,52454.59375
2544,2861000,16600,52440.90625
2545,2861000,16630,52393.59375
2546,2861000,16660,52385.6875
2547,2861000,16690,51961.984375
2548,2861000,16720,52449.609375
2549,2861000,16750,52434.703125
2550,2861000,16780,52440.890625
2551,2861000,16810,52437.6875
2552,2861000,16840,52450.09375
2553,2861000,16870,52470.015625
2554,2861000,16900,52438.515625
2555,2861000,16930,52432.296875
2556,2861000,16960,51916.78125
2557,2861000,16990,52369.40625
2558,2861000,17020,52407.8125
2559,2861000,17050,52390.59375
2560,2861000,17080,52426.8125
2561,2861000,17110,52449.609375
2562,2861000,17140,52394.796875
2563,2861000,17170,52464.015625
2564,2861000,17200,52417.5
2565,2861000,17230,52378.5
2566,2861000,17260,52381.78125
2567,2861000,17290,52399.78125
2568,2861000,17320,51971.703125
2569,2861000,17350,52433.515625
2570,2861000,17380,52458.0
2571,2861000,17410,52416.5
2572,2861000,17440,52495.5
2573,2861000,17470,52390.90625
2574,2861000,17500,52354.5
2575,2861000,17530,52445.8125
2576,2861000,17560,52423.703125
2577,2861000,17590,52465.015625
2578,2861000,17620,52408.21875
2579,2861000,17650,51928.703125
2580,2861000,17680,52472.484375
2581,2861000,17710,52461.203125
2582,2861000,17740,52408.984375
2583,2861000,17770,52451.40625
2584,2861000,17800,52480.890625
2585,2861000,17830,52418.6875
2586,2861000,17860,52420.984375
2587,2861000,17890,52447.890625
2588,2861000,17920,52426.3125
2589,2861000,17950,51956.796875
2590,2861000,17980,52433.203125
2591,2861000,18010,52476.515625
2592,2861000,18040,52418.09375
2593,2861000,18070,52404.90625
2594,2861000,18100,52450.59375
2595,2861000,18130,52398.484375
2596,2861000,18160,52452.515625
2597,2861000,18190,52445.0
2598,2861000,18220,52493.0
2599,2861000,18250,51959.296875
2600,2861000,18280,52438.5
2601,2861000,18310,52453.703125
2602,2861000,18340,52450.796875
2603,2861000,18370,52458.296875
2604,2861000,18400,52424.3125
2605,2861000,18430,52439.796875
2606,2861000,18460,52452.109375
2607,2861000,18490,52389.40625
2608,2861000,18520,51973.90625
2609,2861000,18550,52459.703125
2610,2861000,18580,52443.890625
2611,2861000,18610,52468.703125
2612,2861000,18640,52517.5
2613,2861000,18670,52432.59375
2614,2861000,18700,52399.703125
2615,2861000,18730,52502.6875
2616,2861000,18760,52469.609375
2617,2861000,18790,52455.59375
2618,2861000,18820,52438.40625
2619,2861000,18850,52485.71875
2620,2861000,18880,52502.71875
2621,2861000,18910,51964.796875
2622,2861000,18940,52538.5
2623,2861000,18970,52518.90625
2624,2861000,19000,52464.109375
2625,2861000,19030,52396.3125
2626,2861000,19060,52415.6875
2627,2861000,19090,52424.09375
2628,2861000,19120,52441.296875
2629,2861000,19150,51981.6875
2630,2861000,19180,52412.09375
2631,2861000,19210,52455.09375
2632,2861000,19240,52466.0
2633,2861000,19270,52431.296875
2634,2861000,19300,52457.609375
2635,2861000,19330,52453.59375
2636,2861000,19360,52431.796875
2637,2861000,19390,52483.1875
2638,2861000,19420,52476.5
2639,2861000,19450,52523.984375
2640,2861000,19480,52505.390625
2641,2861000,19510,51965.796875
2642,2861000,19540,52487.296875
2643,2861000,19570,52456.40625
2644,2861000,19600,52495.984375
2645,2861000,19630,52496.1875
2646,2861000,19660,52396.1875
2647,2861000,19690,52412.3125
2648,2861000,19720,52464.40625
2649,2861000,19750,52514.109375
2650,2861000,19780,52424.28125
2651,2861000,19810,51968.28125
2652,2861000,19840,52496.71875
2653,2861000,19870,52511.40625
2654,2861000,19900,52501.59375
2655,2861000,19930,52410.890625
2656,2861000,19960,52440.0
2657,2861000,19990,52477.5
2658,2861000,20020,52483.09375
2659,2861000,20050,52504.609375
2660,2861000,20080,52000.5
2661,2861000,20110,52469.296875
2662,2861000,20140,52503.90625
2663,2861000,20170,52506.796875
2664,2861000,20200,52484.609375
2665,2861000,20230,52513.3125
2666,2861000,20260,52488.890625
2667,2861000,20290,52505.6875
2668,2861000,20320,52471.09375
2669,2861000,20350,52556.203125
2670,2861000,20380,52522.09375
2671,2861000,20410,52529.5
2672,2861000,20440,52027.5
2673,2861000,20470,52486.40625
2674,2861000,20500,52486.1875
2675,2861000,20530,52499.78125
2676,2861000,20560,52470.515625
2677,2861000,20590,52477.203125
2678,2861000,20620,52472.703125
2679,2861000,20650,52478.0
2680,2861000,20680,52487.890625
2681,2861000,20710,52024.8125
2682,2861000,20740,52470.1875
2683,2861000,20770,52492.109375
2684,2861000,20800,52545.5
2685,2861000,20830,52507.8125
2686,2861000,20860,52501.703125
2687,2861000,20890,52491.1875
2688,2861000,20920,52546.40625
2689,2861000,20950,52473.5
2690,2861000,20980,52504.796875
2691,2861000,21010,52510.40625
2692,2861000,21040,52442.515625
2693,2861000,21070,52041.6875
2694,2861000,21100,52481.8125
2695,2861000,21130,52505.296875
2696,2861000,21160,52506.890625
2697,2861000,21190,52481.3125
2698,2861000,21220,52493.8125
2699,2861000,21250,52537.09375
2700,2861000,21280,52588.515625
2701,2861000,21310,52517.78125
2702,2861000,21340,52058.6875
2703,2861000,21370,52516.59375
2704,2861000,21400,52520.109375
2705,2861000,21430,52529.09375
2706,2861000,21460,52500.515625
2707,2861000,21490,52459.296875
2708,2861000,21520,52521.015625
2709,2861000,21550,52495.609375
2710,2861000,21580,52533.1875
2711,2861000,21610,52539.6875
2712,2861000,21640,52506.890625
2713,2861000,21670,52512.59375
2714,2861000,21700,52006.609375
2715,2861000,21730,52463.203125
2716,2861000,21760,52542.609375
2717,2861000,21790,52525.0
2718,2861000,21820,52496.40625
2719,2861000,21850,52499.5
2720,2861000,21880,52502.3125
2721,2861000,21910,52536.59375
2722,2861000,21940,52521.984375
2723,2861000,21970,52511.703125
2724,2861000,22000,52066.8125
2725,2861000,22030,52505.890625
2726,2861000,22060,52520.796875
2727,2861000,22090,52526.796875
2728,2861000,22120,52488.109375
2729,2861000,22150,52558.796875
2730,2861000,22180,52464.3125
2731,2861000,22210,52551.90625
2732,2861000,22240,52467.703125
2733,2861000,22270,52095.109375
2734,2861000,22300,52506.890625
2735,2861000,22330,52486.3125
2736,2861000,22360,52552.5
2737,2861000,22390,52508.703125
2738,2861000,22420,52541.09375
2739,2861000,22450,52527.6875
2740,2861000,22480,52522.21875
2741,2861000,22510,52503.3125
2742,2861000,22540,52560.90625
2743,2861000,22570,52501.1875
2744,2861000,22600,52510.21875
2745,2861000,22630,52051.015625
2746,2861000,22660,52535.484375
2747,2861000,22690,52546.3125
2748,2861000,22720,52496.90625
2749,2861000,22750,52586.0
2750,2861000,22780,52537.28125
2751,2861000,22810,52522.59375
2752,2861000,22840,52453.90625
2753,2861000,22870,52542.390625
2754,2861000,22900,52040.09375
2755,2861000,22930,52525.40625
2756,2861000,22960,52512.90625
2757,2861000,22990,52511.703125
2758,2861000,23020,52533.796875
2759,2861000,23050,52559.296875
2760,2861000,23080,52584.0
2761,2861000,23110,52532.5
2762,2861000,23140,52561.71875
2763,2861000,23170,52511.90625
2764,2861000,23200,52489.71875
2765,2861000,23230,52565.984375
2766,2861000,23260,52079.1875
2767,2861000,23290,52537.484375
2768,2861000,23320,52538.0
2769,2861000,23350,52500.296875
2770,2861000,23380,52518.1875
2771,2861000,23410,52499.515625
2772,2861000,23440,52581.40625
2773,2861000,23470,52546.296875
2774,2861000,23500,52478.8125
2775,2861000,23530,52060.296875
2776,2861000,23560,52504.5
2777,2861000,23590,52500.703125
2778,2861000,23620,52481.609375
2779,2861000,23650,52551.1875
2780,2861000,23680,52491.1875
2781,2861000,23710,52512.6875
2782,2861000,23740,52600.796875
2783,2861000,23770,52517.21875
2784,2861000,23800,52475.0
2785,2861000,23830,52027.484375
2786,2861000,23860,52503.28125
2787,2861000,23890,52464.78125
2788,2861000,23920,52531.203125
2789,2861000,23950,52527.0
2790,2861000,23980,52473.203125
2791,2861000,24010,52494.015625
2792,2861000,24040,52544.90625
2793,2861000,24070,52514.703125
2794,2861000,24100,52552.0
2795,2861000,24130,52555.28125
2796,2861000,24160,52044.40625
2797,2861000,24190,52532.40625
2798,2861000,24220,52542.609375
2799,2861000,24250,52523.484375
2800,2861000,24280,52550.890625
2801,2861000,24310,52543.515625
2802,2861000,24340,52598.0
2803,2861000,24370,52565.5
2804,2861000,24400,52520.609375
2805,2861000,24430,52513.703125
2806,2861000,24460,52543.78125
2807,2861000,24490,52541.09375
2808,2861000,24520,52069.71875
2809,2861000,24550,52576.59375
2810,2861000,24580,52513.90625
2811,2861000,24610,52542.6875
2812,2861000,24640,52514.40625
2813,2861000,24670,52518.5
2814,2861000,24700,52528.5
2815,2861000,24730,52511.109375
2816,2861000,24760,52544.390625
2817,2861000,24790,52551.21875
2818,2861000,24820,52045.390625
2819,2861000,24850,52562.984375
2820,2861000,24880,52579.1875
2821,2861000,24910,52517.6875
2822,2861000,24940,52578.6875
2823,2861000,24970,52533.40625
2824,2861000,25000,52575.90625
2825,2861000,25030,52494.8125
2826,2861000,25060,52557.59375
2827,2861000,25090,52010.78125
2828,2861000,25120,52513.203125
2829,2861000,25150,52581.203125
2830,2861000,25180,52557.28125
2831,2861000,25210,52499.796875
2832,2861000,25240,52535.796875
2833,2861000,25270,52565.09375
2834,2861000,25300,52559.609375
2835,2861000,25330,52535.6875
2836,2861000,25360,52520.296875
2837,2861000,25390,52514.1875
2838,2861000,25420,52534.796875
2839,2861000,25450,52046.1875
2840,2861000,25480,52539.90625
2841,2861000,25510,52510.984375
2842,2861000,25540,52561.90625
2843,2861000,25570,52566.90625
2844,2861000,25600,52547.0
2845,2861000,25630,52492.09375
2846,2861000,25660,52574.0
2847,2861000,25690,52611.8125
2848,2861000,25720,52074.09375
2849,2861000,25750,52549.8125
2850,2861000,25780,52563.09375
2851,2861000,25810,52552.28125
2852,2861000,25840,52534.40625
2853,2861000,25870,52508.78125
2854,2861000,25900,52582.296875
2855,2861000,25930,52473.890625
2856,2861000,25960,52539.0
2857,2861000,25990,52588.296875
2858,2861000,26020,52514.6875
2859,2861000,26050,52549.0
2860,2861000,26080,52078.90625
2861,2861000,26110,52583.59375
2862,2861000,26140,52506.40625
2863,2861000,26170,52579.5
2864,2861000,26200,52531.59375
2865,2861000,26230,52558.515625
2866,2861000,26260,52551.3125
2867,2861000,26290,52529.5
2868,2861000,26320,52521.40625
2869,2861000,26350,52558.90625
2870,2861000,26380,52053.890625
2871,2861000,26410,52570.484375
2872,2861000,26440,52541.296875
2873,2861000,26470,52592.0
2874,2861000,26500,52611.984375
2875,2861000,26530,52545.40625
2876,2861000,26560,52573.1875
2877,2861000,26590,52539.59375
2878,2861000,26620,52565.5
2879,2861000,26650,52527.1875
2880,2861000,26680,52609.90625
2881,2861000,26710,52034.609375
2882,2861000,26740,52543.28125
2883,2861000,26770,52585.21875
2884,2861000,26800,52556.09375
2885,2861000,26830,52573.0
2886,2861000,26860,52532.59375
2887,2861000,26890,52555.1875
2888,2861000,26920,52596.890625
2889,2861000,26950,52584.3125
2890,2861000,26980,52516.09375
2891,2861000,27010,52069.40625
2892,2861000,27040,52543.59375
2893,2861000,27070,52559.5
2894,2861000,27100,52503.90625
2895,2861000,27130,52485.0
2896,2861000,27160,52563.796875
2897,2861000,27190,52509.59375
2898,2861000,27220,52541.6875
2899,2861000,27250,52579.609375
2900,2861000,27280,52122.609375
2901,2861000,27310,52520.296875
2902,2861000,27340,52557.5
2903,2861000,27370,52563.1875
2904,2861000,27400,52592.09375
2905,2861000,27430,52566.90625
2906,2861000,27460,52628.6875
2907,2861000,27490,52532.796875
2908,2861000,27520,52594.8125
2909,2861000,27550,52598.1875
2910,2861000,27580,52540.1875
2911,2861000,27610,52571.296875
2912,2861000,27640,52527.09375
2913,2861000,27670,52106.90625
2914,2861000,27700,52571.3125
2915,2861000,27730,52541.21875
2916,2861000,27760,52577.3125
2917,2861000,27790,52585.90625
2918,2861000,27820,52568.890625
2919,2861000,27850,52591.28125
2920,2861000,27880,52568.28125
2921,2861000,27910,52067.796875
2922,2861000,27940,52587.21875
2923,2861000,27970,52572.09375
2924,2861000,28000,52570.5
2925,2861000,28030,52543.28125
2926,2861000,28060,52574.8125
2927,2861000,28090,52593.203125
2928,2861000,28120,52553.609375
2929,2861000,28150,52577.1875
2930,2861000,28180,52562.09375
2931,2861000,28210,52541.296875
2932,2861000,28240,52580.8125
2933,2861000,28270,52101.8125
2934,2861000,28300,52586.890625
2935,2861000,28330,52528.296875
2936,2861000,28360,52575.09375
2937,2861000,28390,52573.59375
2938,2861000,28420,52590.8125
2939,2861000,28450,52561.09375
2940,2861000,28480,52596.3125
2941,2861000,28510,52565.890625
2942,2861000,28540,52087.0
2943,2861000,28570,52571.6875
2944,2861000,28600,52553.0
2945,2861000,28630,52609.6875
2946,2861000,28660,52487.5
2947,2861000,28690,52563.59375
2948,2861000,28720,52606.40625
2949,2861000,28750,52559.984375
2950,2861000,28780,52563.40625
2951,2861000,28810,52564.109375
2952,2861000,28840,52123.0
2953,2861000,28870,52599.28125
2954,2861000,28900,52600.0
2955,2861000,28930,52572.609375
2956,2861000,28960,52549.90625
2957,2861000,28990,52586.1875
2958,2861000,29020,52626.109375
2959,2861000,29050,52597.59375
2960,2861000,29080,52574.5
2961,2861000,29110,52529.296875
2962,2861000,29140,52559.0
2963,2861000,29170,52543.40625
2964,2861000,29200,52105.09375
2965,2861000,29230,52541.40625
2966,2861000,29260,52618.984375
2967,2861000,29290,52559.8125
2968,2861000,29320,52578.890625
2969,2861000,29350,52555.0
2970,2861000,29380,52557.40625
2971,2861000,29410,52549.984375
2972,2861000,29440,52588.515625
2973,2861000,29470,52116.09375
2974,2861000,29500,52601.8125
2975,2861000,29530,52556.09375
2976,2861000,29560,52513.703125
2977,2861000,29590,52592.6875
2978,2861000,29620,52631.09375
2979,2861000,29650,52586.390625
2980,2861000,29680,52572.796875
2981,2861000,29710,52529.59375
2982,2861000,29740,52572.1875
2983,2861000,29770,52617.890625
2984,2861000,29800,52615.28125
2985,2861000,29830,52153.609375
2986,2861000,29860,52602.78125
2987,2861000,29890,52554.109375
2988,2861000,29920,52553.203125
2989,2861000,29950,52612.609375
2990,2861000,29980,52577.484375
2991,2861500,100,12206.1875
2992,2861500,130,61681.09375
2993,2861500,160,59985.59375
2994,2861500,190,56859.90625
2995,2861500,220,48684.21875
2996,2861500,250,53030.609375
2997,2861500,280,56249.3125
2998,2861500,310,56295.796875
2999,2861500,340,51607.5
3000,2861500,370,47134.3125
3001,2861500,400,50398.5
3002,2861500,430,54034.90625
3003,2861500,460,54557.984375
3004,2861500,490,53486.59375
3005,2861500,520,51031.40625
3006,2861500,550,51058.109375
3007,2861500,580,53218.40625
3008,2861500,610,52881.015625
3009,2861500,640,51684.515625
3010,2861500,670,49770.90625
3011,2861500,700,51040.796875
3012,2861500,730,54097.703125
3013,2861500,760,55547.390625
3014,2861500,790,54592.703125
3015,2861500,820,51742.09375
3016,2861500,850,49042.40625
3017,2861500,880,49520.484375
3018,2861500,910,52207.1875
3019,2861500,940,53363.40625
3020,2861500,970,52207.28125
3021,2861500,1000,51380.796875
3022,2861500,1030,50653.1875
3023,2861500,1060,51853.40625
3024,2861500,1090,53677.203125
3025,2861500,1120,54316.609375
3026,2861500,1150,53281.0
3027,2861500,1180,51989.203125
3028,2861500,1210,51231.71875
3029,2861500,1240,50771.0
3030,2861500,1270,51831.09375
3031,2861500,1300,52059.609375
3032,2861500,1330,52269.796875
3033,2861500,1360,52569.5
3034,2861500,1390,52757.21875
3035,2861500,1420,52656.59375
3036,2861500,1450,52250.1875
3037,2861500,1480,51823.484375
3038,2861500,1510,51908.71875
3039,2861500,1540,52531.984375
3040,2861500,1570,52758.984375
3041,2861500,1600,52135.90625
3042,2861500,1630,51944.5
3043,2861500,1660,51634.390625
3044,2861500,1690,51954.90625
3045,2861500,1720,52419.484375
3046,2861500,1750,52757.0
3047,2861500,1780,52588.59375
3048,2861500,1810,52078.890625
3049,2861500,1840,51830.59375
3050,2861500,1870,51942.1875
3051,2861500,1900,52064.0
3052,2861500,1930,51846.0
3053,2861500,1960,52537.09375
3054,2861500,1990,52541.109375
3055,2861500,2020,52373.09375
3056,2861500,2050,52008.203125
3057,2861500,2080,51825.5
3058,2861500,2110,51956.390625
3059,2861500,2140,52490.90625
3060,2861500,2170,52967.09375
3061,2861500,2200,52936.59375
3062,2861500,2230,51717.203125
3063,2861500,2260,51680.390625
3064,2861500,2290,51706.390625
3065,2861500,2320,52095.59375
3066,2861500,2350,52611.09375
3067,2861500,2380,52548.609375
3068,2861500,2410,52115.8125
3069,2861500,2440,51934.890625
3070,2861500,2470,52153.6875
3071,2861500,2500,52627.3125
3072,2861500,2530,52370.78125
3073,2861500,2560,52615.796875
3074,2861500,2590,52004.390625
3075,2861500,2620,51783.90625
3076,2861500,2650,51983.890625
3077,2861500,2680,52297.3125
3078,2861500,2710,52392.0
3079,2861500,2740,52207.71875
3080,2861500,2770,52222.296875
3081,2861500,2800,51988.109375
3082,2861500,2830,52694.390625
3083,2861500,2860,52636.28125
3084,2861500,2890,52064.40625
3085,2861500,2920,51723.890625
3086,2861500,2950,51758.40625
3087,2861500,2980,52235.203125
3088,2861500,3010,52697.71875
3089,2861500,3040,52646.3125
3090,2861500,3070,52211.90625
3091,2861500,3100,52140.90625
3092,2861500,3130,52385.5
3093,2861500,3160,52122.796875
3094,2861500,3190,52605.40625
3095,2861500,3220,52161.484375
3096,2861500,3250,51579.90625
3097,2861500,3280,51644.015625
3098,2861500,3310,52268.890625
3099,2861500,3340,52723.40625
3100,2861500,3370,52893.5
3101,2861500,3400,52608.40625
3102,2861500,3430,52286.984375
3103,2861500,3460,51746.203125
3104,2861500,3490,52323.1875
3105,2861500,3520,52429.6875
3106,2861500,3550,52204.09375
3107,2861500,3580,51981.109375
3108,2861500,3610,51975.90625
3109,2861500,3640,52315.203125
3110,2861500,3670,52602.59375
3111,2861500,3700,52671.203125
3112,2861500,3730,52495.890625
3113,2861500,3760,52377.90625
3114,2861500,3790,51882.6875
3115,2861500,3820,52381.09375
3116,2861500,3850,52292.0
3117,2861500,3880,52185.390625
3118,2861500,3910,52011.703125
3119,2861500,3940,52268.0
3120,2861500,3970,52580.890625
3121,2861500,4000,52733.203125
3122,2861500,4030,52568.796875
3123,2861500,4060,51811.390625
3124,2861500,4090,52064.609375
3125,2861500,4120,52188.21875
3126,2861500,4150,52460.609375
3127,2861500,4180,52489.5
3128,2861500,4210,52390.296875
3129,2861500,4240,52228.5
3130,2861500,4270,52291.984375
3131,2861500,4300,52402.796875
3132,2861500,4330,52662.203125
3133,2861500,4360,52080.0
3134,2861500,4390,52341.296875
3135,2861500,4420,52198.5
3136,2861500,4450,52156.90625
3137,2861500,4480,52255.703125
3138,2861500,4510,52386.296875
3139,2861500,4540,52473.3125
3140,2861500,4570,52552.78125
3141,2861500,4600,52530.28125
3142,2861500,4630,52425.5
3143,2861500,4660,52445.40625
3144,2861500,4690,52254.40625
3145,2861500,4720,51750.28125
3146,2861500,4750,52276.1875
3147,2861500,4780,52398.71875
3148,2861500,4810,52524.71875
3149,2861500,4840,52510.296875
3150,2861500,4870,52349.59375
3151,2861500,4900,52375.1875
3152,2861500,4930,52395.890625
3153,2861500,4960,52518.296875
3154,2861500,4990,52096.890625
3155,2861500,5020,52463.296875
3156,2861500,5050,52272.5
3157,2861500,5080,52239.5
3158,2861500,5110,52343.90625
3159,2861500,5140,52519.5
3160,2861500,5170,52612.0
3161,2861500,5200,52598.59375
3162,2861500,5230,52474.984375
3163,2861500,5260,52392.6875
3164,2861500,5290,52267.09375
3165,2861500,5320,52349.09375
3166,2861500,5350,51972.40625
3167,2861500,5380,52525.6875
3168,2861500,5410,52545.203125
3169,2861500,5440,52515.5
3170,2861500,5470,52433.78125
3171,2861500,5500,52412.109375
3172,2861500,5530,52480.890625
3173,2861500,5560,52570.296875
3174,2861500,5590,52523.6875
3175,2861500,5620,51979.59375
3176,2861500,5650,52445.28125
3177,2861500,5680,52429.390625
3178,2861500,5710,52411.109375
3179,2861500,5740,52552.0
3180,2861500,5770,52533.8125
3181,2861500,5800,52555.6875
3182,2861500,5830,52554.59375
3183,2861500,5860,52501.390625
3184,2861500,5890,52371.484375
3185,2861500,5920,52337.109375
3186,2861500,5950,52291.484375
3187,2861500,5980,52003.09375
3188,2861500,6010,52571.09375
3189,2861500,6040,52694.703125
3190,2861500,6070,52646.1875
3191,2861500,6100,52414.984375
3192,2861500,6130,52357.78125
3193,2861500,6160,52383.40625
3194,2861500,6190,52598.5
3195,2861500,6220,52574.8125
3196,2861500,6250,52033.0
3197,2861500,6280,52400.90625
3198,2861500,6310,52358.390625
3199,2861500,6340,52469.6875
3200,2861500,6370,52630.796875
3201,2861500,6400,52683.78125
3202,2861500,6430,52497.8125
3203,2861500,6460,52367.1875
3204,2861500,6490,52380.703125
3205,2861500,6520,52407.109375
3206,2861500,6550,52518.109375
3207,2861500,6580,52553.609375
3208,2861500,6610,52098.1875
3209,2861500,6640,52514.515625
3210,2861500,6670,52563.90625
3211,2861500,6700,52556.390625
3212,2861500,6730,52561.8125
3213,2861500,6760,52436.390625
3214,2861500,6790,52457.5
3215,2861500,6820,52475.390625
3216,2861500,6850,52543.890625
3217,2861500,6880,52603.8125
3218,2861500,6910,52546.609375
3219,2861500,6940,51953.1875
3220,2861500,6970,52479.015625
3221,2861500,7000,52554.703125
3222,2861500,7030,52657.3125
3223,2861500,7060,52543.28125
3224,2861500,7090,52410.109375
3225,2861500,7120,52322.984375
3226,2861500,7150,52411.40625
3227,2861500,7180,52574.8125
3228,2861500,7210,52642.59375
3229,2861500,7240,52194.390625
3230,2861500,7270,52534.796875
3231,2861500,7300,52482.890625
3232,2861500,7330,52452.28125
3233,2861500,7360,52604.3125
3234,2861500,7390,52520.28125
3235,2861500,7420,52519.703125
3236,2861500,7450,52487.109375
3237,2861500,7480,52534.5
3238,2861500,7510,52546.90625
3239,2861500,7540,52088.484375
3240,2861500,7570,52573.890625
3241,2861500,7600,52533.203125
3242,2861500,7630,52535.59375
3243,2861500,7660,52520.0
3244,2861500,7690,52556.890625
3245,2861500,7720,52558.296875
3246,2861500,7750,52511.40625
3247,2861500,7780,52488.390625
3248,2861500,7810,52030.59375
3249,2861500,7840,52621.0
3250,2861500,7870,52717.28125
3251,2861500,7900,52592.21875
3252,2861500,7930,52526.703125
3253,2861500,7960,52470.40625
3254,2861500,7990,52512.796875
3255,2861500,8020,52605.8125
3256,2861500,8050,52601.203125
3257,2861500,8080,52612.203125
3258,2861500,8110,52079.59375
3259,2861500,8140,52517.21875
3260,2861500,8170,52619.0
3261,2861500,8200,52603.609375
3262,2861500,8230,52607.21875
3263,2861500,8260,52523.40625
3264,2861500,8290,52560.28125
3265,2861500,8320,52590.609375
3266,2861500,8350,52587.703125
3267,2861500,8380,52646.609375
3268,2861500,8410,52620.1875
3269,2861500,8440,52616.21875
3270,2861500,8470,52099.1875
3271,2861500,8500,52640.609375
3272,2861500,8530,52597.109375
3273,2861500,8560,52608.0
3274,2861500,8590,52579.40625
3275,2861500,8620,52536.78125
3276,2861500,8650,52626.40625
3277,2861500,8680,52631.109375
3278,2861500,8710,52618.484375
3279,2861500,8740,52619.5
3280,2861500,8770,52588.890625
3281,2861500,8800,52107.796875
3282,2861500,8830,52601.0
3283,2861500,8860,52573.1875
3284,2861500,8890,52594.59375
3285,2861500,8920,52659.609375
3286,2861500,8950,52598.484375
3287,2861500,8980,52616.6875
3288,2861500,9010,52594.09375
3289,2861500,9040,52643.28125
3290,2861500,9070,52623.609375
3291,2861500,9100,52148.90625
3292,2861500,9130,52659.90625
3293,2861500,9160,52580.203125
3294,2861500,9190,52593.296875
3295,2861500,9220,52578.796875
3296,2861500,9250,52690.6875
3297,2861500,9280,52681.40625
3298,2861500,9310,52631.203125
3299,2861500,9340,52667.515625
3300,2861500,9370,52110.109375
3301,2861500,9400,52641.21875
3302,2861500,9430,52653.390625
3303,2861500,9460,52594.09375
3304,2861500,9490,52619.703125
3305,2861500,9520,52617.1875
3306,2861500,9550,52623.5
3307,2861500,9580,52640.59375
3308,2861500,9610,52641.296875
3309,2861500,9640,52631.796875
3310,2861500,9670,52701.3125
3311,2861500,9700,52646.109375
3312,2861500,9730,52185.0
3313,2861500,9760,52689.78125
3314,2861500,9790,52653.390625
3315,2861500,9820,52649.3125
3316,2861500,9850,52610.015625
3317,2861500,9880,52639.1875
3318,2861500,9910,52726.1875
3319,2861500,9940,52682.0
3320,2861500,9970,52659.71875
3321,2861500,10000,52163.90625
3322,2861500,10030,52620.3125
3323,2861500,10060,52620.703125
3324,2861500,10090,52678.890625
3325,2861500,10120,52658.8125
3326,2861500,10150,52690.90625
3327,2861500,10180,52646.109375
3328,2861500,10210,52668.390625
3329,2861500,10240,52691.40625
3330,2861500,10270,52702.5
3331,2861500,10300,52717.0
3332,2861500,10330,52687.296875
3333,2861500,10360,52142.0
3334,2861500,10390,52688.1875
3335,2861500,10420,52659.984375
3336,2861500,10450,52711.515625
3337,2861500,10480,52736.109375
3338,2861500,10510,52656.5
3339,2861500,10540,52688.703125
3340,2861500,10570,52728.609375
3341,2861500,10600,52677.390625
3342,2861500,10630,52263.5
3343,2861500,10660,52657.390625
3344,2861500,10690,52675.1875
3345,2861500,10720,52686.40625
3346,2861500,10750,52660.703125
3347,2861500,10780,52716.5
3348,2861500,10810,52699.71875
3349,2861500,10840,52708.890625
3350,2861500,10870,52713.203125
3351,2861500,10900,52748.609375
3352,2861500,10930,52699.984375
3353,2861500,10960,52746.296875
3354,2861500,10990,52260.484375
3355,2861500,11020,52704.3125
3356,2861500,11050,52701.890625
3357,2861500,11080,52727.59375
3358,2861500,11110,52731.59375
3359,2861500,11140,52694.984375
3360,2861500,11170,52707.40625
3361,2861500,11200,52661.6875
3362,2861500,11230,52673.59375
3363,2861500,11260,52754.609375
3364,2861500,11290,52232.203125
3365,2861500,11320,52766.8125
3366,2861500,11350,52712.390625
3367,2861500,11380,52746.0
3368,2861500,11410,52793.296875
3369,2861500,11440,52726.09375
3370,2861500,11470,52746.0
3371,2861500,11500,52738.296875
3372,2861500,11530,52779.109375
3373,2861500,11560,52758.015625
3374,2861500,11590,52743.796875
3375,2861500,11620,52224.3125
3376,2861500,11650,52749.6875
3377,2861500,11680,52689.71875
3378,2861500,11710,52724.40625
3379,2861500,11740,52707.0
3380,2861500,11770,52756.59375
3381,2861500,11800,52700.40625
3382,2861500,11830,52672.59375
3383,2861500,11860,52713.59375
3384,2861500,11890,52667.484375
3385,2861500,11920,52766.59375
3386,2861500,11950,52293.1875
3387,2861500,11980,52794.109375
3388,2861500,12010,52734.796875
3389,2861500,12040,52772.6875
3390,2861500,12070,52746.90625
3391,2861500,12100,52726.703125
3392,2861500,12130,52764.5
3393,2861500,12160,52731.71875
3394,2861500,12190,52813.21875
3395,2861500,12220,52798.796875
3396,2861500,12250,52266.28125
3397,2861500,12280,52725.3125
3398,2861500,12310,52736.90625
3399,2861500,12340,52760.703125
3400,2861500,12370,52726.0
3401,2861500,12400,52740.1875
3402,2861500,12430,52770.3125
3403,2861500,12460,52732.109375
3404,2861500,12490,52676.3125
3405,2861500,12520,52743.5
3406,2861500,12550,52288.59375
3407,2861500,12580,52736.390625
3408,2861500,12610,52764.890625
3409,2861500,12640,52745.609375
3410,2861500,12670,52801.390625
3411,2861500,12700,52833.296875
3412,2861500,12730,52787.0
3413,2861500,12760,52735.09375
3414,2861500,12790,52758.203125
3415,2861500,12820,52309.3125
3416,2861500,12850,52709.09375
3417,2861500,12880,52766.59375
3418,2861500,12910,52733.40625
3419,2861500,12940,52760.6875
3420,2861500,12970,52731.6875
3421,2861500,13000,52799.484375
3422,2861500,13030,52696.40625
3423,2861500,13060,52789.90625
3424,2861500,13090,52759.90625
3425,2861500,13120,52741.8125
3426,2861500,13150,52721.78125
3427,2861500,13180,52322.40625
3428,2861500,13210,52748.0
3429,2861500,13240,52717.109375
3430,2861500,13270,52743.015625
3431,2861500,13300,52777.90625
3432,2861500,13330,52754.296875
3433,2861500,13360,52725.3125
3434,2861500,13390,52755.09375
3435,2861500,13420,52675.59375
3436,2861500,13450,52704.109375
3437,2861500,13480,52243.390625
3438,2861500,13510,52712.09375
3439,2861500,13540,52754.296875
3440,2861500,13570,52725.5
3441,2861500,13600,52728.1875
3442,2861500,13630,52735.59375
3443,2861500,13660,52771.1875
3444,2861500,13690,52738.78125
3445,2861500,13720,52701.203125
3446,2861500,13750,52284.796875
3447,2861500,13780,52712.6875
3448,2861500,13810,52805.390625
3449,2861500,13840,52748.8125
3450,2861500,13870,52756.890625
3451,2861500,13900,52768.609375
3452,2861500,13930,52766.8125
3453,2861500,13960,52808.59375
3454,2861500,13990,52754.6875
3455,2861500,14020,52777.5
3456,2861500,14050,52802.0
3457,2861500,14080,52750.390625
3458,2861500,14110,52268.109375
3459,2861500,14140,52735.484375
3460,2861500,14170,52776.1875
3461,2861500,14200,52797.6875
3462,2861500,14230,52737.5
3463,2861500,14260,52703.8125
3464,2861500,14290,52750.515625
3465,2861500,14320,52762.390625
3466,2861500,14350,52782.40625
3467,2861500,14380,52268.015625
3468,2861500,14410,52725.015625
3469,2861500,14440,52732.203125
3470,2861500,14470,52758.5
3471,2861500,14500,52773.296875
3472,2861500,14530,52743.109375
3473,2861500,14560,52737.40625
3474,2861500,14590,52788.5
3475,2861500,14620,52752.40625
3476,2861500,14650,52775.78125
3477,2861500,14680,52758.703125
3478,2861500,14710,52792.203125
3479,2861500,14740,52289.890625
3480,2861500,14770,52800.40625
3481,2861500,14800,52687.09375
3482,2861500,14830,52750.796875
3483,2861500,14860,52762.90625
3484,2861500,14890,52747.609375
3485,2861500,14920,52791.0
3486,2861500,14950,52768.0
3487,2861500,14980,52751.28125
3488,2861500,15010,52276.6875
3489,2861500,15040,52784.09375
3490,2861500,15070,52781.015625
3491,2861500,15100,52838.390625
3492,2861500,15130,52775.6875
3493,2861500,15160,52761.3125
3494,2861500,15190,52770.59375
3495,2861500,15220,52802.796875
3496,2861500,15250,52794.890625
3497,2861500,15280,52801.59375
3498,2861500,15310,52308.390625
3499,2861500,15340,52834.0
3500,2861500,15370,52767.21875
3501,2861500,15400,52807.5
3502,2861500,15430,52768.3125
3503,2861500,15460,52814.59375
3504,2861500,15490,52798.40625
3505,2861500,15520,52782.3125
3506,2861500,15550,52827.3125
3507,2861500,15580,52788.40625
3508,2861500,15610,52756.09375
3509,2861500,15640,52872.109375
3510,2861500,15670,52803.21875
3511,2861500,15700,52318.09375
3512,2861500,15730,52803.8125
3513,2861500,15760,52766.703125
3514,2861500,15790,52808.109375
3515,2861500,15820,52865.28125
3516,2861500,15850,52832.40625
3517,2861500,15880,52768.703125
3518,2861500,15910,52818.90625
3519,2861500,15940,52384.59375
3520,2861500,15970,52871.5
3521,2861500,16000,52832.015625
3522,2861500,16030,52843.1875
3523,2861500,16060,52823.515625
3524,2861500,16090,52800.90625
3525,2861500,16120,52821.40625
3526,2861500,16150,52854.109375
3527,2861500,16180,52849.8125
3528,2861500,16210,52893.5
3529,2861500,16240,52878.015625
3530,2861500,16270,52858.609375
3531,2861500,16300,52417.015625
3532,2861500,16330,52859.40625
3533,2861500,16360,52897.296875
3534,2861500,16390,52854.890625
3535,2861500,16420,52904.890625
3536,2861500,16450,52859.609375
3537,2861500,16480,52866.40625
3538,2861500,16510,52818.90625
3539,2861500,16540,52899.1875
3540,2861500,16570,52369.6875
3541,2861500,16600,52807.59375
3542,2861500,16630,52846.40625
3543,2861500,16660,52887.3125
3544,2861500,16690,52843.09375
3545,2861500,16720,52848.296875
3546,2861500,16750,52825.90625
3547,2861500,16780,52827.609375
3548,2861500,16810,52853.796875
3549,2861500,16840,52889.203125
3550,2861500,16870,52822.484375
3551,2861500,16900,52855.1875
3552,2861500,16930,52386.515625
3553,2861500,16960,52859.6875
3554,2861500,16990,52849.203125
3555,2861500,17020,52795.703125
3556,2861500,17050,52844.5
3557,2861500,17080,52847.703125
3558,2861500,17110,52836.1875
3559,2861500,17140,52857.890625
3560,2861500,17170,52827.5
3561,2861500,17200,52812.09375
3562,2861500,17230,52411.296875
3563,2861500,17260,52829.5
3564,2861500,17290,52911.5
3565,2861500,17320,52859.796875
3566,2861500,17350,52896.90625
3567,2861500,17380,52889.09375
3568,2861500,17410,52814.890625
3569,2861500,17440,52888.515625
3570,2861500,17470,52907.3125
3571,2861500,17500,52861.796875
3572,2861500,17530,52905.09375
3573,2861500,17560,52426.5
3574,2861500,17590,52845.90625
3575,2861500,17620,52919.3125
3576,2861500,17650,52909.90625
3577,2861500,17680,52850.1875
3578,2861500,17710,52928.109375
3579,2861500,17740,52843.78125
3580,2861500,17770,52905.296875
3581,2861500,17800,52887.984375
3582,2861500,17830,52921.40625
3583,2861500,17860,52525.8125
3584,2861500,17890,52920.890625
3585,2861500,17920,52864.6875
3586,2861500,17950,52850.984375
3587,2861500,17980,52871.203125
3588,2861500,18010,52870.703125
3589,2861500,18040,52905.109375
3590,2861500,18070,52824.8125
3591,2861500,18100,52977.90625
3592,2861500,18130,52397.8125
3593,2861500,18160,52924.0
3594,2861500,18190,52882.890625
3595,2861500,18220,52858.71875
3596,2861500,18250,52887.5
3597,2861500,18280,52911.296875
3598,2861500,18310,52905.59375
3599,2861500,18340,52852.203125
3600,2861500,18370,52902.6875
3601,2861500,18400,52874.8125
3602,2861500,18430,52911.90625
3603,2861500,18460,52901.109375
3604,2861500,18490,52391.890625
3605,2861500,18520,52892.71875
3606,2861500,18550,52920.5
3607,2861500,18580,52957.796875
3608,2861500,18610,52898.703125
3609,2861500,18640,52943.6875
3610,2861500,18670,52895.296875
3611,2861500,18700,52930.21875
3612,2861500,18730,52901.890625
3613,2861500,18760,52389.1875
3614,2861500,18790,52946.609375
3615,2861500,18820,52882.296875
3616,2861500,18850,52828.5
3617,2861500,18880,52854.515625
3618,2861500,18910,52908.71875
3619,2861500,18940,52857.390625
3620,2861500,18970,52923.890625
3621,2861500,19000,52863.703125
3622,2861500,19030,52911.109375
3623,2861500,19060,52923.59375
3624,2861500,19090,52892.40625
3625,2861500,19120,52405.71875
3626,2861500,19150,52911.203125
3627,2861500,19180,52915.390625
3628,2861500,19210,52910.5
3629,2861500,19240,52937.3125
3630,2861500,19270,52944.59375
3631,2861500,19300,52906.0
3632,2861500,19330,52879.71875
3633,2861500,19360,52931.609375
3634,2861500,19390,52410.09375
3635,2861500,19420,52911.5
3636,2861500,19450,52909.09375
3637,2861500,19480,52919.203125
3638,2861500,19510,52836.0
3639,2861500,19540,52924.703125
3640,2861500,19570,52871.8125
3641,2861500,19600,52870.6875
3642,2861500,19630,52913.40625
3643,2861500,19660,52878.109375
3644,2861500,19690,52367.203125
3645,2861500,19720,52856.390625
3646,2861500,19750,52903.1875
3647,2861500,19780,52925.21875
3648,2861500,19810,52926.796875
3649,2861500,19840,52930.40625
3650,2861500,19870,52890.5
3651,2861500,19900,52865.90625
3652,2861500,19930,52886.6875
3653,2861500,19960,52934.28125
3654,2861500,19990,52894.796875
3655,2861500,20020,52375.796875
3656,2861500,20050,52874.515625
3657,2861500,20080,52891.6875
3658,2861500,20110,52842.40625
3659,2861500,20140,52870.40625
3660,2861500,20170,52929.5
3661,2861500,20200,52865.40625
3662,2861500,20230,52914.90625
3663,2861500,20260,52895.515625
3664,2861500,20290,52904.203125
3665,2861500,20320,52917.28125
3666,2861500,20350,52863.8125
3667,2861500,20380,52432.109375
3668,2861500,20410,52869.90625
3669,2861500,20440,52868.09375
3670,2861500,20470,52936.09375
3671,2861500,20500,52964.59375
3672,2861500,20530,52818.8125
3673,2861500,20560,52927.484375
3674,2861500,20590,52822.984375
3675,2861500,20620,52887.3125
3676,2861500,20650,52925.296875
3677,2861500,20680,52910.71875
3678,2861500,20710,52410.59375
3679,2861500,20740,52874.390625
3680,2861500,20770,52885.6875
3681,2861500,20800,52911.6875
3682,2861500,20830,52837.90625
3683,2861500,20860,52946.203125
3684,2861500,20890,52882.296875
3685,2861500,20920,52881.59375
3686,2861500,20950,52912.8125
3687,2861500,20980,52959.109375
3688,2861500,21010,52434.203125
3689,2861500,21040,52928.21875
3690,2861500,21070,52927.3125
3691,2861500,21100,52948.8125
3692,2861500,21130,52941.109375
3693,2861500,21160,52994.90625
3694,2861500,21190,52911.703125
3695,2861500,21220,52923.71875
3696,2861500,21250,52896.6875
3697,2861500,21280,52943.8125
3698,2861500,21310,52432.5
3699,2861500,21340,52922.484375
3700,2861500,21370,52918.59375
3701,2861500,21400,52852.609375
3702,2861500,21430,52911.90625
3703,2861500,21460,52922.90625
3704,2861500,21490,52891.609375
3705,2861500,21520,52884.59375
3706,2861500,21550,52895.703125
3707,2861500,21580,52474.5
3708,2861500,21610,52873.6875
3709,2861500,21640,52916.296875
3710,2861500,21670,52951.8125
3711,2861500,21700,52844.3125
3712,2861500,21730,52945.59375
3713,2861500,21760,52930.015625
3714,2861500,21790,52954.890625
3715,2861500,21820,52891.6875
3716,2861500,21850,52927.703125
3717,2861500,21880,52465.1875
3718,2861500,21910,52913.984375
3719,2861500,21940,52912.0
3720,2861500,21970,52883.6875
3721,2861500,22000,52942.5
3722,2861500,22030,52898.109375
3723,2861500,22060,52898.203125
3724,2861500,22090,52954.1875
3725,2861500,22120,52925.609375
3726,2861500,22150,52947.0
3727,2861500,22180,52960.0
3728,2861500,22210,52877.0
3729,2861500,22240,52426.5
3730,2861500,22270,52894.5
3731,2861500,22300,52969.09375
3732,2861500,22330,52900.484375
3733,2861500,22360,52959.8125
3734,2861500,22390,52927.1875
3735,2861500,22420,52928.5
3736,2861500,22450,52889.40625
3737,2861500,22480,52940.796875
3738,2861500,22510,52968.984375
3739,2861500,22540,52948.09375
3740,2861500,22570,52436.609375
3741,2861500,22600,52918.984375
3742,2861500,22630,52900.796875
3743,2861500,22660,52921.390625
3744,2861500,22690,52907.28125
3745,2861500,22720,52946.09375
3746,2861500,22750,52925.0
3747,2861500,22780,52910.90625
3748,2861500,22810,52940.40625
3749,2861500,22840,52916.703125
3750,2861500,22870,52434.8125
3751,2861500,22900,52942.890625
3752,2861500,22930,52932.0
3753,2861500,22960,52914.796875
3754,2861500,22990,52916.1875
3755,2861500,23020,52920.1875
3756,2861500,23050,52927.109375
3757,2861500,23080,52965.609375
3758,2861500,23110,52924.609375
3759,2861500,23140,52427.203125
3760,2861500,23170,52929.609375
3761,2861500,23200,52918.390625
3762,2861500,23230,53014.6875
3763,2861500,23260,52955.78125
3764,2861500,23290,52947.40625
3765,2861500,23320,52952.6875
3766,2861500,23350,52911.1875
3767,2861500,23380,52946.484375
3768,2861500,23410,52907.6875
3769,2861500,23440,52947.609375
3770,2861500,23470,52893.59375
3771,2861500,23500,52454.203125
3772,2861500,23530,52928.0
3773,2861500,23560,52931.609375
3774,2861500,23590,52898.09375
3775,2861500,23620,52973.203125
3776,2861500,23650,52941.40625
3777,2861500,23680,52948.984375
3778,2861500,23710,52950.3125
3779,2861500,23740,52944.90625
3780,2861500,23770,52494.78125
3781,2861500,23800,52966.8125
3782,2861500,23830,52946.109375
3783,2861500,23860,52954.0
3784,2861500,23890,52931.6875
3785,2861500,23920,52871.890625
3786,2861500,23950,52908.015625
3787,2861500,23980,52976.109375
3788,2861500,24010,52925.796875
3789,2861500,24040,52895.09375
3790,2861500,24070,52960.59375
3791,2861500,24100,52987.5
3792,2861500,24130,52442.59375
3793,2861500,24160,52906.3125
3794,2861500,24190,52980.5
3795,2861500,24220,52949.6875
3796,2861500,24250,52911.484375
3797,2861500,24280,52966.78125
3798,2861500,24310,52942.609375
3799,2861500,24340,52929.890625
3800,2861500,24370,52941.296875
3801,2861500,24400,52458.796875
3802,2861500,24430,52974.5
3803,2861500,24460,52957.0
3804,2861500,24490,52901.09375
3805,2861500,24520,52911.40625
3806,2861500,24550,52883.0
3807,2861500,24580,52958.40625
3808,2861500,24610,52918.5
3809,2861500,24640,52962.484375
3810,2861500,24670,52940.203125
3811,2861500,24700,52478.0
3812,2861500,24730,52868.6875
3813,2861500,24760,52958.3125
3814,2861500,24790,52921.015625
3815,2861500,24820,52949.5
3816,2861500,24850,52944.203125
3817,2861500,24880,52952.8125
3818,2861500,24910,52960.0
3819,2861500,24940,52919.703125
3820,2861500,24970,52924.109375
3821,2861500,25000,52967.28125
3822,2861500,25030,52919.09375
3823,2861500,25060,52480.3125
3824,2861500,25090,52917.515625
3825,2861500,25120,52948.78125
3826,2861500,25150,52928.296875
3827,2861500,25180,52950.984375
3828,2861500,25210,52946.390625
3829,2861500,25240,52940.71875
3830,2861500,25270,52901.3125
3831,2861500,25300,53026.390625
3832,2861500,25330,52512.890625
3833,2861500,25360,52928.203125
3834,2861500,25390,52928.390625
3835,2861500,25420,52956.40625
3836,2861500,25450,52937.0
3837,2861500,25480,52947.09375
3838,2861500,25510,52938.40625
3839,2861500,25540,52942.609375
3840,2861500,25570,52931.0
3841,2861500,25600,52999.984375
3842,2861500,25630,52914.296875
3843,2861500,25660,52947.71875
3844,2861500,25690,52935.09375
3845,2861500,25720,52470.09375
3846,2861500,25750,52964.109375
3847,2861500,25780,52956.40625
3848,2861500,25810,52910.703125
3849,2861500,25840,52930.09375
3850,2861500,25870,52966.515625
3851,2861500,25900,52937.5
3852,2861500,25930,52951.59375
3853,2861500,25960,52911.90625
3854,2861500,25990,52953.109375
3855,2861500,26020,52481.515625
3856,2861500,26050,52973.015625
3857,2861500,26080,52939.40625
3858,2861500,26110,52959.796875
3859,2861500,26140,52929.3125
3860,2861500,26170,52963.71875
3861,2861500,26200,52951.5
3862,2861500,26230,52999.0
3863,2861500,26260,52948.1875
3864,2861500,26290,52957.09375
3865,2861500,26320,52443.1875
3866,2861500,26350,52939.90625
3867,2861500,26380,52947.09375
3868,2861500,26410,53006.0
3869,2861500,26440,52946.0
3870,2861500,26470,52949.90625
3871,2861500,26500,52943.8125
3872,2861500,26530,52952.78125
3873,2861500,26560,52970.515625
3874,2861500,26590,52494.5
3875,2861500,26620,52955.109375
3876,2861500,26650,52977.90625
3877,2861500,26680,52889.015625
3878,2861500,26710,52997.5
3879,2861500,26740,52924.6875
3880,2861500,26770,52918.5
3881,2861500,26800,52984.609375
3882,2861500,26830,52940.796875
3883,2861500,26860,52976.21875
3884,2861500,26890,52460.203125
3885,2861500,26920,52937.390625
3886,2861500,26950,52988.09375
3887,2861500,26980,52983.890625
3888,2861500,27010,52963.59375
3889,2861500,27040,52935.203125
3890,2861500,27070,52953.0
3891,2861500,27100,52911.890625
3892,2861500,27130,52940.8125
3893,2861500,27160,52981.890625
3894,2861500,27190,52950.609375
3895,2861500,27220,52946.015625
3896,2861500,27250,52443.1875
3897,2861500,27280,52947.5
3898,2861500,27310,52986.796875
3899,2861500,27340,52957.90625
3900,2861500,27370,52932.1875
3901,2861500,27400,52964.390625
3902,2861500,27430,52924.09375
3903,2861500,27460,52992.109375
3904,2861500,27490,52961.5
3905,2861500,27520,52488.609375
3906,2861500,27550,52954.09375
3907,2861500,27580,52998.296875
3908,2861500,27610,52969.796875
3909,2861500,27640,52938.90625
3910,2861500,27670,52956.09375
3911,2861500,27700,52963.09375
3912,2861500,27730,52965.40625
3913,2861500,27760,52925.6875
3914,2861500,27790,52960.609375
3915,2861500,27820,52996.3125
3916,2861500,27850,52945.90625
3917,2861500,27880,52481.09375
3918,2861500,27910,52978.703125
3919,2861500,27940,52938.984375
3920,2861500,27970,52978.890625
3921,2861500,28000,52946.796875
3922,2861500,28030,52923.515625
3923,2861500,28060,52967.890625
3924,2861500,28090,52940.59375
3925,2861500,28120,52914.90625
3926,2861500,28150,52519.703125
3927,2861500,28180,52927.609375
3928,2861500,28210,52946.3125
3929,2861500,28240,52983.8125
3930,2861500,28270,52957.3125
3931,2861500,28300,52973.796875
3932,2861500,28330,52913.90625
3933,2861500,28360,52921.59375
3934,2861500,28390,52962.1875
3935,2861500,28420,52962.484375
3936,2861500,28450,52885.40625
3937,2861500,28480,52934.09375
3938,2861500,28510,52449.296875
3939,2861500,28540,52971.59375
3940,2861500,28570,52947.796875
3941,2861500,28600,52999.609375
3942,2861500,28630,52947.8125
3943,2861500,28660,52935.0
3944,2861500,28690,52943.109375
3945,2861500,28720,52987.09375
3946,2861500,28750,52981.109375
3947,2861500,28780,52514.59375
3948,2861500,28810,52924.59375
3949,2861500,28840,52929.109375
3950,2861500,28870,52975.890625
3951,2861500,28900,52903.109375
3952,2861500,28930,52908.09375
3953,2861500,28960,52967.90625
3954,2861500,28990,52975.609375
3955,2861500,29020,52942.203125
3956,2861500,29050,52945.5
3957,2861500,29080,52912.109375
3958,2861500,29110,52946.703125
3959,2861500,29140,52477.09375
3960,2861500,29170,52940.609375
3961,2861500,29200,52871.6875
3962,2861500,29230,52931.90625
3963,2861500,29260,52926.59375
3964,2861500,29290,52958.796875
3965,2861500,29320,52976.796875
3966,2861500,29350,52920.90625
3967,2861500,29380,52925.40625
3968,2861500,29410,52940.5
3969,2861500,29440,52983.390625
3970,2861500,29470,52452.890625
3971,2861500,29500,52920.40625
3972,2861500,29530,52921.5
3973,2861500,29560,52935.703125
3974,2861500,29590,52943.59375
3975,2861500,29620,52909.609375
3976,2861500,29650,52919.703125
3977,2861500,29680,52930.515625
3978,2861500,29710,52940.609375
3979,2861500,29740,52988.015625
3980,2861500,29770,52476.484375
3981,2861500,29800,52946.90625
3982,2861500,29830,52906.71875
3983,2861500,29860,52947.109375
3984,2861500,29890,52968.40625
3985,2861500,29920,52936.0
3986,2861500,29950,52904.8125
3987,2861500,29980,52962.390625
3988,2862000,100,12125.1875
3989,2862000,130,61156.28125
3990,2862000,160,59794.90625
3991,2862000,190,56964.40625
3992,2862000,220,49040.109375
3993,2862000,250,53114.796875
3994,2862000,280,56367.59375
3995,2862000,310,56665.796875
3996,2862000,340,52662.796875
3997,2862000,370,46701.40625
3998,2862000,400,50194.09375
3999,2862000,430,54086.203125
4000,2862000,460,54651.3125
4001,2862000,490,53822.609375
4002,2862000,520,51578.59375
4003,2862000,550,51350.0
4004,2862000,580,53567.203125
4005,2862000,610,53684.09375
4006,2862000,640,51939.8125
4007,2862000,670,49559.90625
4008,2862000,700,50463.59375
4009,2862000,730,53354.109375
4010,2862000,760,55643.59375
4011,2862000,790,55355.890625
4012,2862000,820,52796.203125
4013,2862000,850,49745.90625
4014,2862000,880,49764.796875
4015,2862000,910,52375.40625
4016,2862000,940,53708.8125
4017,2862000,970,53055.09375
4018,2862000,1000,51066.6875
4019,2862000,1030,50448.609375
4020,2862000,1060,51492.40625
4021,2862000,1090,53514.890625
4022,2862000,1120,54485.203125
4023,2862000,1150,53881.71875
4024,2862000,1180,52677.5
4025,2862000,1210,51909.90625
4026,2862000,1240,51691.59375
4027,2862000,1270,52038.71875
4028,2862000,1300,52248.703125
4029,2862000,1330,52216.796875
4030,2862000,1360,52555.5
4031,2862000,1390,52623.703125
4032,2862000,1420,53096.484375
4033,2862000,1450,52725.203125
4034,2862000,1480,52139.203125
4035,2862000,1510,51937.796875
4036,2862000,1540,52585.71875
4037,2862000,1570,52999.109375
4038,2862000,1600,53017.90625
4039,2862000,1630,51958.296875
4040,2862000,1660,51927.0
4041,2862000,1690,51916.90625
4042,2862000,1720,52463.40625
4043,2862000,1750,53102.09375
4044,2862000,1780,53124.3125
4045,2862000,1810,52644.0
4046,2862000,1840,52224.796875
4047,2862000,1870,52019.78125
4048,2862000,1900,52060.296875
4049,2862000,1930,51864.59375
4050,2862000,1960,52619.0
4051,2862000,1990,52847.71875
4052,2862000,2020,52831.90625
4053,2862000,2050,52467.09375
4054,2862000,2080,52077.703125
4055,2862000,2110,51954.28125
4056,2862000,2140,52369.0
4057,2862000,2170,53042.40625
4058,2862000,2200,53317.40625
4059,2862000,2230,52918.484375
4060,2862000,2260,51755.203125
4061,2862000,2290,51928.515625
4062,2862000,2320,52133.6875
4063,2862000,2350,52758.6875
4064,2862000,2380,52932.609375
4065,2862000,2410,52494.0
4066,2862000,2440,52021.09375
4067,2862000,2470,52074.59375
4068,2862000,2500,52567.40625
4069,2862000,2530,53151.0
4070,2862000,2560,53114.5
4071,2862000,2590,52678.6875
4072,2862000,2620,51858.59375
4073,2862000,2650,52331.5
4074,2862000,2680,52464.09375
4075,2862000,2710,52555.515625
4076,2862000,2740,52304.484375
4077,2862000,2770,52187.40625
4078,2862000,2800,52440.90625
4079,2862000,2830,52939.6875
4080,2862000,2860,53166.5
4081,2862000,2890,52854.8125
4082,2862000,2920,51916.59375
4083,2862000,2950,52063.78125
4084,2862000,2980,52180.09375
4085,2862000,3010,52712.296875
4086,2862000,3040,52848.703125
4087,2862000,3070,52483.296875
4088,2862000,3100,52101.40625
4089,2862000,3130,52367.90625
4090,2862000,3160,52786.09375
4091,2862000,3190,52779.984375
4092,2862000,3220,53017.8125
4093,2862000,3250,52345.28125
4094,2862000,3280,51919.40625
4095,2862000,3310,52027.390625
4096,2862000,3340,52496.609375
4097,2862000,3370,52832.09375
4098,2862000,3400,52785.40625
4099,2862000,3430,52590.984375
4100,2862000,3460,52534.109375
4101,2862000,3490,52796.0
4102,2862000,3520,52928.09375
4103,2862000,3550,52369.3125
4104,2862000,3580,52467.5
4105,2862000,3610,52127.0
4106,2862000,3640,52201.390625
4107,2862000,3670,52513.109375
4108,2862000,3700,52682.6875
4109,2862000,3730,52723.5
4110,2862000,3760,52621.796875
4111,2862000,3790,52727.109375
4112,2862000,3820,52377.0
4113,2862000,3850,52874.21875
4114,2862000,3880,52669.8125
4115,2862000,3910,52260.59375
4116,2862000,3940,52143.296875
4117,2862000,3970,52399.515625
4118,2862000,4000,52674.203125
4119,2862000,4030,52889.703125
4120,2862000,4060,52797.484375
4121,2862000,4090,52555.90625
4122,2862000,4120,52535.390625
4123,2862000,4150,52677.0
4124,2862000,4180,52337.40625
4125,2862000,4210,53230.609375
4126,2862000,4240,52513.3125
4127,2862000,4270,51830.5
4128,2862000,4300,52378.390625
4129,2862000,4330,52626.0
4130,2862000,4360,52774.0
4131,2862000,4390,52887.40625
4132,2862000,4420,52770.71875
4133,2862000,4450,52154.5
4134,2862000,4480,52618.3125
4135,2862000,4510,52583.5
4136,2862000,4540,52532.015625
4137,2862000,4570,52567.203125
4138,2862000,4600,52598.015625
4139,2862000,4630,52766.109375
4140,2862000,4660,52792.90625
4141,2862000,4690,52778.78125
4142,2862000,4720,52671.0
4143,2862000,4750,52590.59375
4144,2862000,4780,52567.6875
4145,2862000,4810,52233.59375
4146,2862000,4840,52713.3125
4147,2862000,4870,52695.40625
4148,2862000,4900,52433.609375
4149,2862000,4930,52541.3125
4150,2862000,4960,52678.40625
4151,2862000,4990,52881.90625
4152,2862000,5020,52929.90625
4153,2862000,5050,52878.5
4154,2862000,5080,52205.203125
4155,2862000,5110,52538.90625
4156,2862000,5140,52452.09375
4157,2862000,5170,52576.1875
4158,2862000,5200,52753.40625
4159,2862000,5230,52816.59375
4160,2862000,5260,52861.59375
4161,2862000,5290,52702.015625
4162,2862000,5320,52681.390625
4163,2862000,5350,52710.890625
4164,2862000,5380,52286.6875
4165,2862000,5410,52773.90625
4166,2862000,5440,52756.109375
4167,2862000,5470,52675.609375
4168,2862000,5500,52607.21875
4169,2862000,5530,52698.3125
4170,2862000,5560,52651.28125
4171,2862000,5590,52783.09375
4172,2862000,5620,52858.484375
4173,2862000,5650,52817.390625
4174,2862000,5680,52715.6875
4175,2862000,5710,52682.796875
4176,2862000,5740,52173.5
4177,2862000,5770,52627.890625
4178,2862000,5800,52704.609375
4179,2862000,5830,52709.296875
4180,2862000,5860,52861.90625
4181,2862000,5890,52883.40625
4182,2862000,5920,52799.59375
4183,2862000,5950,52623.796875
4184,2862000,5980,52524.6875
4185,2862000,6010,52242.796875
4186,2862000,6040,52807.703125
4187,2862000,6070,52896.109375
4188,2862000,6100,52838.609375
4189,2862000,6130,52642.390625
4190,2862000,6160,52630.6875
4191,2862000,6190,52706.609375
4192,2862000,6220,52875.703125
4193,2862000,6250,52937.40625
4194,2862000,6280,52855.984375
4195,2862000,6310,52658.90625
4196,2862000,6340,52577.984375
4197,2862000,6370,52616.3125
4198,2862000,6400,52238.8125
4199,2862000,6430,52866.5
4200,2862000,6460,52865.609375
4201,2862000,6490,52788.890625
4202,2862000,6520,52761.203125
4203,2862000,6550,52853.890625
4204,2862000,6580,52767.890625
4205,2862000,6610,52753.40625
4206,2862000,6640,52223.0
4207,2862000,6670,52743.703125
4208,2862000,6700,52814.40625
4209,2862000,6730,52855.71875
4210,2862000,6760,52796.1875
4211,2862000,6790,52740.21875
4212,2862000,6820,52709.90625
4213,2862000,6850,52766.59375
4214,2862000,6880,52892.703125
4215,2862000,6910,52898.703125
4216,2862000,6940,52306.109375
4217,2862000,6970,52656.40625
4218,2862000,7000,52605.609375
4219,2862000,7030,52736.21875
4220,2862000,7060,52932.59375
4221,2862000,7090,52956.015625
4222,2862000,7120,52909.40625
4223,2862000,7150,52704.1875
4224,2862000,7180,52700.6875
4225,2862000,7210,52703.296875
4226,2862000,7240,52832.09375
4227,2862000,7270,52798.703125
4228,2862000,7300,52298.515625
4229,2862000,7330,52748.484375
4230,2862000,7360,52788.59375
4231,2862000,7390,52804.796875
4232,2862000,7420,52863.90625
4233,2862000,7450,52928.40625
4234,2862000,7480,52779.203125
4235,2862000,7510,52761.09375
4236,2862000,7540,52818.515625
4237,2862000,7570,52295.09375
4238,2862000,7600,52773.28125
4239,2862000,7630,52810.59375
4240,2862000,7660,52780.890625
4241,2862000,7690,52852.109375
4242,2862000,7720,52942.90625
4243,2862000,7750,52890.90625
4244,2862000,7780,52842.21875
4245,2862000,7810,52736.890625
4246,2862000,7840,52685.1875
4247,2862000,7870,52803.6875
4248,2862000,7900,52946.796875
4249,2862000,7930,52417.484375
4250,2862000,7960,52848.6875
4251,2862000,7990,52789.109375
4252,2862000,8020,52782.796875
4253,2862000,8050,52838.3125
4254,2862000,8080,52896.28125
4255,2862000,8110,52902.203125
4256,2862000,8140,52801.59375
4257,2862000,8170,52746.890625
4258,2862000,8200,52306.5
4259,2862000,8230,52855.703125
4260,2862000,8260,52845.390625
4261,2862000,8290,52809.5
4262,2862000,8320,52825.703125
4263,2862000,8350,52886.59375
4264,2862000,8380,52833.296875
4265,2862000,8410,52829.203125
4266,2862000,8440,52820.984375
4267,2862000,8470,52827.015625
4268,2862000,8500,52881.90625
4269,2862000,8530,52850.609375
4270,2862000,8560,52421.6875
4271,2862000,8590,52915.09375
4272,2862000,8620,52891.890625
4273,2862000,8650,52852.59375
4274,2862000,8680,52801.890625
4275,2862000,8710,52833.71875
4276,2862000,8740,52858.6875
4277,2862000,8770,52863.59375
4278,2862000,8800,52841.90625
4279,2862000,8830,52359.8125
4280,2862000,8860,52872.8125
4281,2862000,8890,52867.390625
4282,2862000,8920,52855.90625
4283,2862000,8950,52882.71875
4284,2862000,8980,52898.5
4285,2862000,9010,52790.59375
4286,2862000,9040,52861.1875
4287,2862000,9070,52782.0
4288,2862000,9100,52811.1875
4289,2862000,9130,52435.703125
4290,2862000,9160,52957.28125
4291,2862000,9190,52886.6875
4292,2862000,9220,52861.09375
4293,2862000,9250,52907.0
4294,2862000,9280,52811.59375
4295,2862000,9310,52843.59375
4296,2862000,9340,52905.5
4297,2862000,9370,52926.3125
4298,2862000,9400,52844.8125
4299,2862000,9430,52808.984375
4300,2862000,9460,52449.0
4301,2862000,9490,52889.984375
4302,2862000,9520,52928.296875
4303,2862000,9550,52861.1875
4304,2862000,9580,52876.390625
4305,2862000,9610,52957.703125
4306,2862000,9640,52933.09375
4307,2862000,9670,52861.5
4308,2862000,9700,52881.296875
4309,2862000,9730,52906.59375
4310,2862000,9760,52378.40625
4311,2862000,9790,52939.3125
4312,2862000,9820,52896.1875
4313,2862000,9850,52898.5
4314,2862000,9880,52907.09375
4315,2862000,9910,52898.28125
4316,2862000,9940,52881.5
4317,2862000,9970,52915.8125
4318,2862000,10000,52890.703125
4319,2862000,10030,52895.59375
4320,2862000,10060,52839.390625
4321,2862000,10090,52901.1875
4322,2862000,10120,52899.703125
4323,2862000,10150,52969.0
4324,2862000,10180,52918.09375
4325,2862000,10210,52419.984375
4326,2862000,10240,52838.40625
4327,2862000,10270,52868.390625
4328,2862000,10300,52917.59375
4329,2862000,10330,53005.09375
4330,2862000,10360,52916.296875
4331,2862000,10390,52433.5
4332,2862000,10420,52873.09375
4333,2862000,10450,52947.515625
4334,2862000,10480,52935.0
4335,2862000,10510,52875.5
4336,2862000,10540,52972.890625
4337,2862000,10570,52882.0
4338,2862000,10600,52906.6875
4339,2862000,10630,52983.109375
4340,2862000,10660,52933.90625
4341,2862000,10690,52914.109375
4342,2862000,10720,52931.1875
4343,2862000,10750,52434.90625
4344,2862000,10780,52923.09375
4345,2862000,10810,52954.390625
4346,2862000,10840,52971.0
4347,2862000,10870,52887.8125
4348,2862000,10900,52903.59375
4349,2862000,10930,52952.09375
4350,2862000,10960,52903.390625
4351,2862000,10990,52953.390625
4352,2862000,11020,52491.8125
4353,2862000,11050,52962.609375
4354,2862000,11080,52923.0
4355,2862000,11110,52965.703125
4356,2862000,11140,52904.0
4357,2862000,11170,52992.609375
4358,2862000,11200,52994.296875
4359,2862000,11230,52855.109375
4360,2862000,11260,52947.78125
4361,2862000,11290,52923.703125
4362,2862000,11320,52516.59375
4363,2862000,11350,52895.71875
4364,2862000,11380,52946.5
4365,2862000,11410,52997.28125
4366,2862000,11440,52924.59375
4367,2862000,11470,52897.59375
4368,2862000,11500,52980.90625
4369,2862000,11530,52966.09375
4370,2862000,11560,52901.3125
4371,2862000,11590,52993.796875
4372,2862000,11620,52923.0
4373,2862000,11650,52956.21875
4374,2862000,11680,52487.390625
4375,2862000,11710,52930.703125
4376,2862000,11740,52926.59375
4377,2862000,11770,52915.71875
4378,2862000,11800,52951.40625
4379,2862000,11830,52956.3125
4380,2862000,11860,52977.296875
4381,2862000,11890,52971.5
4382,2862000,11920,52938.109375
4383,2862000,11950,52520.1875
4384,2862000,11980,52981.5
4385,2862000,12010,52990.203125
4386,2862000,12040,52934.0
4387,2862000,12070,52974.90625
4388,2862000,12100,52927.40625
4389,2862000,12130,52933.703125
4390,2862000,12160,52986.703125
4391,2862000,12190,53019.109375
4392,2862000,12220,52997.984375
4393,2862000,12250,53013.90625
4394,2862000,12280,53015.59375
4395,2862000,12310,52498.1875
4396,2862000,12340,53013.6875
4397,2862000,12370,52995.984375
4398,2862000,12400,52953.90625
4399,2862000,12430,52980.5
4400,2862000,12460,53020.5
4401,2862000,12490,53046.09375
4402,2862000,12520,52998.21875
4403,2862000,12550,52968.796875
4404,2862000,12580,52529.1875
4405,2862000,12610,52963.09375
4406,2862000,12640,53008.0
4407,2862000,12670,52999.0
4408,2862000,12700,52998.21875
4409,2862000,12730,52942.09375
4410,2862000,12760,52969.8125
4411,2862000,12790,53043.390625
4412,2862000,12820,52994.296875
4413,2862000,12850,52925.390625
4414,2862000,12880,53036.40625
4415,2862000,12910,52984.1875
4416,2862000,12940,52523.71875
4417,2862000,12970,53034.796875
4418,2862000,13000,53000.6875
4419,2862000,13030,53006.09375
4420,2862000,13060,52981.296875
4421,2862000,13090,52981.78125
4422,2862000,13120,53008.203125
4423,2862000,13150,53052.5
4424,2862000,13180,52990.890625
4425,2862000,13210,52487.59375
4426,2862000,13240,52906.78125
4427,2862000,13270,53002.890625
4428,2862000,13300,52940.296875
4429,2862000,13330,52964.71875
4430,2862000,13360,52995.59375
4431,2862000,13390,53010.5
4432,2862000,13420,53040.6875
4433,2862000,13450,53028.6875
4434,2862000,13480,52989.59375
4435,2862000,13510,52999.703125
4436,2862000,13540,53049.109375
4437,2862000,13570,52517.609375
4438,2862000,13600,53019.09375
4439,2862000,13630,53018.3125
4440,2862000,13660,52955.1875
4441,2862000,13690,53008.0
4442,2862000,13720,53045.5
4443,2862000,13750,53037.296875
4444,2862000,13780,53017.59375
4445,2862000,13810,53021.78125
4446,2862000,13840,53009.40625
4447,2862000,13870,52559.015625
4448,2862000,13900,53009.71875
4449,2862000,13930,52980.6875
4450,2862000,13960,53052.5
4451,2862000,13990,53053.21875
4452,2862000,14020,53037.59375
4453,2862000,14050,53024.71875
4454,2862000,14080,53025.40625
4455,2862000,14110,53069.296875
4456,2862000,14140,52551.203125
4457,2862000,14170,53062.109375
4458,2862000,14200,52984.28125
4459,2862000,14230,53018.09375
4460,2862000,14260,53070.609375
4461,2862000,14290,52993.0
4462,2862000,14320,53103.703125
4463,2862000,14350,53024.796875
4464,2862000,14380,52994.609375
4465,2862000,14410,53060.0
4466,2862000,14440,53001.296875
4467,2862000,14470,52997.78125
4468,2862000,14500,52510.890625
4469,2862000,14530,53102.1875
4470,2862000,14560,53048.28125
4471,2862000,14590,53051.0
4472,2862000,14620,53062.3125
4473,2862000,14650,53024.203125
4474,2862000,14680,53059.21875
4475,2862000,14710,53037.890625
4476,2862000,14740,53081.203125
4477,2862000,14770,52521.90625
4478,2862000,14800,53075.8125
4479,2862000,14830,53007.59375
4480,2862000,14860,53103.6875
4481,2862000,14890,52993.796875
4482,2862000,14920,53029.203125
4483,2862000,14950,53050.0
4484,2862000,14980,53045.8125
4485,2862000,15010,53083.59375
4486,2862000,15040,53057.703125
4487,2862000,15070,53038.390625
4488,2862000,15100,53000.8125
4489,2862000,15130,53031.890625
4490,2862000,15160,53026.28125
4491,2862000,15190,53068.3125
4492,2862000,15220,52593.0
4493,2862000,15250,53077.3125
4494,2862000,15280,53031.390625
4495,2862000,15310,53016.703125
4496,2862000,15340,53081.109375
4497,2862000,15370,53060.703125
4498,2862000,15400,52628.890625
4499,2862000,15430,53058.109375
4500,2862000,15460,53061.1875
4501,2862000,15490,53043.40625
4502,2862000,15520,53025.0
4503,2862000,15550,53013.90625
4504,2862000,15580,53093.203125
4505,2862000,15610,53027.203125
4506,2862000,15640,53040.6875
4507,2862000,15670,53086.40625
4508,2862000,15700,53098.1875
4509,2862000,15730,53056.3125
4510,2862000,15760,52643.09375
4511,2862000,15790,53054.796875
4512,2862000,15820,53085.5
4513,2862000,15850,53104.71875
4514,2862000,15880,53056.484375
4515,2862000,15910,53063.8125
4516,2862000,15940,53076.109375
4517,2862000,15970,53045.5
4518,2862000,16000,53067.203125
4519,2862000,16030,53075.1875
4520,2862000,16060,52610.1875
4521,2862000,16090,53029.203125
4522,2862000,16120,53073.40625
4523,2862000,16150,53104.984375
4524,2862000,16180,53044.6875
4525,2862000,16210,53057.09375
4526,2862000,16240,53041.8125
4527,2862000,16270,53052.609375
4528,2862000,16300,53043.8125
4529,2862000,16330,52587.0
4530,2862000,16360,53075.796875
4531,2862000,16390,53124.609375
4532,2862000,16420,53032.0
4533,2862000,16450,53106.3125
4534,2862000,16480,53089.0
4535,2862000,16510,53051.609375
4536,2862000,16540,53093.21875
4537,2862000,16570,53029.984375
4538,2862000,16600,53100.09375
4539,2862000,16630,53048.3125
4540,2862000,16660,53110.40625
4541,2862000,16690,53077.109375
4542,2862000,16720,52628.90625
4543,2862000,16750,53092.09375
4544,2862000,16780,53047.890625
4545,2862000,16810,53088.78125
4546,2862000,16840,53044.1875
4547,2862000,16870,53086.109375
4548,2862000,16900,53113.6875
4549,2862000,16930,53017.609375
4550,2862000,16960,52664.1875
4551,2862000,16990,53137.5
4552,2862000,17020,53099.59375
4553,2862000,17050,53087.015625
4554,2862000,17080,53092.59375
4555,2862000,17110,53073.390625
4556,2862000,17140,53084.390625
4557,2862000,17170,53082.796875
4558,2862000,17200,53068.0
4559,2862000,17230,53145.390625
4560,2862000,17260,53104.5
4561,2862000,17290,53140.90625
4562,2862000,17320,52603.609375
4563,2862000,17350,53110.8125
4564,2862000,17380,53098.296875
4565,2862000,17410,53093.203125
4566,2862000,17440,53062.0
4567,2862000,17470,53117.0
4568,2862000,17500,53069.796875
4569,2862000,17530,53071.203125
4570,2862000,17560,53111.40625
4571,2862000,17590,52640.0
4572,2862000,17620,53086.59375
4573,2862000,17650,53079.609375
4574,2862000,17680,53049.28125
4575,2862000,17710,53156.09375
4576,2862000,17740,53062.890625
4577,2862000,17770,53067.3125
4578,2862000,17800,53113.109375
4579,2862000,17830,53135.5
4580,2862000,17860,53086.09375
4581,2862000,17890,53056.71875
4582,2862000,17920,53038.5
4583,2862000,17950,53076.59375
4584,2862000,17980,52623.09375
4585,2862000,18010,53124.8125
4586,2862000,18040,53107.796875
4587,2862000,18070,53127.90625
4588,2862000,18100,53080.40625
4589,2862000,18130,53087.90625
4590,2862000,18160,53100.90625
4591,2862000,18190,53068.296875
4592,2862000,18220,52555.8125
4593,2862000,18250,53104.703125
4594,2862000,18280,53162.390625
4595,2862000,18310,53074.109375
4596,2862000,18340,53080.203125
4597,2862000,18370,53122.1875
4598,2862000,18400,53109.609375
4599,2862000,18430,53142.3125
4600,2862000,18460,53065.703125
4601,2862000,18490,53142.390625
4602,2862000,18520,52626.5
4603,2862000,18550,53159.59375
4604,2862000,18580,53162.8125
4605,2862000,18610,53118.59375
4606,2862000,18640,53183.515625
4607,2862000,18670,53104.21875
4608,2862000,18700,53079.1875
4609,2862000,18730,53085.390625
4610,2862000,18760,53135.90625
4611,2862000,18790,53086.40625
4612,2862000,18820,53110.796875
4613,2862000,18850,53122.5
4614,2862000,18880,52643.90625
4615,2862000,18910,53098.609375
4616,2862000,18940,53058.796875
4617,2862000,18970,53110.0
4618,2862000,19000,53071.71875
4619,2862000,19030,53114.8125
4620,2862000,19060,53095.1875
4621,2862000,19090,53109.484375
4622,2862000,19120,53068.40625
4623,2862000,19150,52657.09375
4624,2862000,19180,53158.09375
4625,2862000,19210,53108.5
4626,2862000,19240,53097.71875
4627,2862000,19270,53100.09375
4628,2862000,19300,53131.609375
4629,2862000,19330,53111.8125
4630,2862000,19360,53114.390625
4631,2862000,19390,53114.78125
4632,2862000,19420,53164.59375
4633,2862000,19450,53080.609375
4634,2862000,19480,53131.703125
4635,2862000,19510,52681.90625
4636,2862000,19540,53128.609375
4637,2862000,19570,53112.5
4638,2862000,19600,53145.71875
4639,2862000,19630,53103.6875
4640,2862000,19660,53104.5
4641,2862000,19690,53106.5
4642,2862000,19720,53145.796875
4643,2862000,19750,53122.296875
4644,2862000,19780,52632.296875
4645,2862000,19810,53137.21875
4646,2862000,19840,53076.5
4647,2862000,19870,53102.484375
4648,2862000,19900,53085.890625
4649,2862000,19930,53169.59375
4650,2862000,19960,53109.28125
4651,2862000,19990,53134.203125
4652,2862000,20020,53122.203125
4653,2862000,20050,53145.09375
4654,2862000,20080,53095.40625
4655,2862000,20110,53123.40625
4656,2862000,20140,52666.390625
4657,2862000,20170,53136.21875
4658,2862000,20200,53120.796875
4659,2862000,20230,53043.296875
4660,2862000,20260,53148.6875
4661,2862000,20290,53140.8125
4662,2862000,20320,53127.703125
4663,2862000,20350,53142.78125
4664,2862000,20380,53108.09375
4665,2862000,20410,52648.3125
4666,2862000,20440,53137.1875
4667,2862000,20470,53115.40625
4668,2862000,20500,53139.09375
4669,2862000,20530,53161.984375
4670,2862000,20560,53181.890625
4671,2862000,20590,53159.484375
4672,2862000,20620,53174.109375
4673,2862000,20650,53137.6875
4674,2862000,20680,53202.109375
4675,2862000,20710,52687.8125
4676,2862000,20740,53155.609375
4677,2862000,20770,53077.703125
4678,2862000,20800,53108.59375
4679,2862000,20830,53158.6875
4680,2862000,20860,53111.390625
4681,2862000,20890,53127.703125
4682,2862000,20920,53130.6875
4683,2862000,20950,53159.6875
4684,2862000,20980,53132.8125
4685,2862000,21010,53141.484375
4686,2862000,21040,53107.8125
4687,2862000,21070,52715.8125
4688,2862000,21100,53176.203125
4689,2862000,21130,53181.59375
4690,2862000,21160,53173.78125
4691,2862000,21190,53158.109375
4692,2862000,21220,53135.1875
4693,2862000,21250,53144.40625
4694,2862000,21280,53097.703125
4695,2862000,21310,53119.703125
4696,2862000,21340,52642.703125
4697,2862000,21370,53116.390625
4698,2862000,21400,53167.40625
4699,2862000,21430,53135.09375
4700,2862000,21460,53144.109375
4701,2862000,21490,53132.890625
4702,2862000,21520,53157.09375
4703,2862000,21550,53159.0
4704,2862000,21580,53124.609375
4705,2862000,21610,53132.796875
4706,2862000,21640,53165.3125
4707,2862000,21670,53170.6875
4708,2862000,21700,52660.6875
4709,2862000,21730,53116.609375
4710,2862000,21760,53131.390625
4711,2862000,21790,53158.703125
4712,2862000,21820,53144.5
4713,2862000,21850,53082.296875
4714,2862000,21880,53191.203125
4715,2862000,21910,53130.703125
4716,2862000,21940,53125.484375
4717,2862000,21970,52647.109375
4718,2862000,22000,53162.3125
4719,2862000,22030,53093.5
4720,2862000,22060,53143.203125
4721,2862000,22090,53142.8125
4722,2862000,22120,53140.0
4723,2862000,22150,53145.015625
4724,2862000,22180,53157.515625
4725,2862000,22210,53128.59375
4726,2862000,22240,53191.09375
4727,2862000,22270,53138.0
4728,2862000,22300,53141.6875
4729,2862000,22330,52669.28125
4730,2862000,22360,53239.609375
4731,2862000,22390,53137.890625
4732,2862000,22420,53154.703125
4733,2862000,22450,53166.703125
4734,2862000,22480,53165.203125
4735,2862000,22510,53167.59375
4736,2862000,22540,53129.8125
4737,2862000,22570,53185.390625
4738,2862000,22600,52732.796875
4739,2862000,22630,53156.3125
4740,2862000,22660,53122.1875
4741,2862000,22690,53165.28125
4742,2862000,22720,53166.6875
4743,2862000,22750,53197.90625
4744,2862000,22780,53111.296875
4745,2862000,22810,53167.28125
4746,2862000,22840,53189.0
4747,2862000,22870,53153.5
4748,2862000,22900,52700.984375
4749,2862000,22930,53205.59375
4750,2862000,22960,53176.0
4751,2862000,22990,53164.984375
4752,2862000,23020,53140.1875
4753,2862000,23050,53169.203125
4754,2862000,23080,53136.109375
4755,2862000,23110,53244.6875
4756,2862000,23140,53122.8125
4757,2862000,23170,53160.6875
4758,2862000,23200,53166.5
4759,2862000,23230,52718.5
4760,2862000,23260,53107.796875
4761,2862000,23290,53190.78125
4762,2862000,23320,53193.796875
4763,2862000,23350,53154.0
4764,2862000,23380,53216.40625
4765,2862000,23410,53162.5
4766,2862000,23440,53183.5
4767,2862000,23470,53170.3125
4768,2862000,23500,53144.609375
4769,2862000,23530,52678.8125
4770,2862000,23560,53210.0
4771,2862000,23590,53124.0
4772,2862000,23620,53163.609375
4773,2862000,23650,53196.203125
4774,2862000,23680,53224.6875
4775,2862000,23710,53192.59375
4776,2862000,23740,53177.703125
4777,2862000,23770,53584.59375
4778,2862000,23800,53164.890625
4779,2862000,23830,53129.28125
4780,2862000,23860,53186.09375
4781,2862000,23890,53166.390625
4782,2862000,23920,53174.8125
4783,2862000,23950,53156.984375
4784,2862000,23980,53191.59375
4785,2862000,24010,52735.0
4786,2862000,24040,53127.796875
4787,2862000,24070,53166.109375
4788,2862000,24100,53198.09375
4789,2862000,24130,53159.515625
4790,2862000,24160,53213.40625
4791,2862000,24190,53172.390625
4792,2862000,24220,53223.203125
4793,2862000,24250,53185.09375
4794,2862000,24280,53133.703125
4795,2862000,24310,53193.3125
4796,2862000,24340,53199.890625
4797,2862000,24370,52696.015625
4798,2862000,24400,53151.109375
4799,2862000,24430,53174.5
4800,2862000,24460,53139.109375
4801,2862000,24490,53130.40625
4802,2862000,24520,53114.390625
4803,2862000,24550,53155.5
4804,2862000,24580,53152.703125
4805,2862000,24610,53140.890625
4806,2862000,24640,52683.40625
4807,2862000,24670,53144.78125
4808,2862000,24700,53145.203125
4809,2862000,24730,53144.21875
4810,2862000,24760,53239.796875
4811,2862000,24790,53159.09375
4812,2862000,24820,53167.90625
4813,2862000,24850,53204.5
4814,2862000,24880,53136.78125
4815,2862000,24910,53170.890625
4816,2862000,24940,52723.515625
4817,2862000,24970,53171.09375
4818,2862000,25000,53174.1875
4819,2862000,25030,53144.296875
4820,2862000,25060,53193.890625
4821,2862000,25090,53170.28125
4822,2862000,25120,53155.5
4823,2862000,25150,53190.90625
4824,2862000,25180,53138.609375
4825,2862000,25210,53189.390625
4826,2862000,25240,53191.890625
4827,2862000,25270,53149.484375
4828,2862000,25300,52704.5
4829,2862000,25330,53219.28125
4830,2862000,25360,53259.890625
4831,2862000,25390,53167.8125
4832,2862000,25420,53210.609375
4833,2862000,25450,53253.1875
4834,2862000,25480,53201.890625
4835,2862000,25510,53232.90625
4836,2862000,25540,53190.1875
4837,2862000,25570,52713.796875
4838,2862000,25600,53191.796875
4839,2862000,25630,53195.8125
4840,2862000,25660,53184.390625
4841,2862000,25690,53177.484375
4842,2862000,25720,53186.703125
4843,2862000,25750,53211.90625
4844,2862000,25780,53170.984375
4845,2862000,25810,53226.6875
4846,2862000,25840,53197.796875
4847,2862000,25870,53178.71875
4848,2862000,25900,53169.296875
4849,2862000,25930,52719.703125
4850,2862000,25960,53135.1875
4851,2862000,25990,53251.40625
4852,2862000,26020,53203.984375
4853,2862000,26050,53221.796875
4854,2862000,26080,53177.109375
4855,2862000,26110,53154.59375
4856,2862000,26140,53212.296875
4857,2862000,26170,53127.796875
4858,2862000,26200,52680.71875
4859,2862000,26230,53217.09375
4860,2862000,26260,53178.484375
4861,2862000,26290,53151.390625
4862,2862000,26320,53166.8125
4863,2862000,26350,53166.796875
4864,2862000,26380,53137.015625
4865,2862000,26410,53200.296875
4866,2862000,26440,53226.59375
4867,2862000,26470,53139.09375
4868,2862000,26500,53266.296875
4869,2862000,26530,53183.0
4870,2862000,26560,52741.703125
4871,2862000,26590,53163.796875
4872,2862000,26620,53182.71875
4873,2862000,26650,53119.09375
4874,2862000,26680,53163.796875
4875,2862000,26710,53153.203125
4876,2862000,26740,53159.109375
4877,2862000,26770,53162.90625
4878,2862000,26800,53207.09375
4879,2862000,26830,52755.890625
4880,2862000,26860,53202.0
4881,2862000,26890,53184.40625
4882,2862000,26920,53183.484375
4883,2862000,26950,53188.0
4884,2862000,26980,53195.390625
4885,2862000,27010,53212.1875
4886,2862000,27040,53179.78125
4887,2862000,27070,53128.1875
4888,2862000,27100,53207.59375
4889,2862000,27130,53214.296875
4890,2862000,27160,53180.28125
4891,2862000,27190,52719.609375
4892,2862000,27220,53229.59375
4893,2862000,27250,53147.6875
4894,2862000,27280,53160.40625
4895,2862000,27310,53219.90625
4896,2862000,27340,53247.484375
4897,2862000,27370,53181.703125
4898,2862000,27400,53171.5
4899,2862000,27430,53213.0
4900,2862000,27460,53126.90625
4901,2862000,27490,52763.59375
4902,2862000,27520,53141.3125
4903,2862000,27550,53159.390625
4904,2862000,27580,53175.609375
4905,2862000,27610,53154.5
4906,2862000,27640,53156.296875
4907,2862000,27670,53174.71875
4908,2862000,27700,53177.890625
4909,2862000,27730,53213.5
4910,2862000,27760,52706.40625
4911,2862000,27790,53202.09375
4912,2862000,27820,53184.390625
4913,2862000,27850,53145.703125
4914,2862000,27880,53188.0
4915,2862000,27910,53189.703125
4916,2862000,27940,53158.09375
4917,2862000,27970,53136.90625
4918,2862000,28000,53209.984375
4919,2862000,28030,53165.203125
4920,2862000,28060,53207.703125
4921,2862000,28090,53223.1875
4922,2862000,28120,52710.90625
4923,2862000,28150,53219.40625
4924,2862000,28180,53167.515625
4925,2862000,28210,53201.296875
4926,2862000,28240,53219.59375
4927,2862000,28270,53219.3125
4928,2862000,28300,53221.3125
4929,2862000,28330,53192.6875
4930,2862000,28360,53243.09375
4931,2862000,28390,52755.515625
4932,2862000,28420,53145.3125
4933,2862000,28450,53213.09375
4934,2862000,28480,53207.1875
4935,2862000,28510,53165.296875
4936,2862000,28540,53248.59375
4937,2862000,28570,53197.1875
4938,2862000,28600,53198.1875
4939,2862000,28630,53186.8125
4940,2862000,28660,53152.3125
4941,2862000,28690,53199.515625
4942,2862000,28720,53178.28125
4943,2862000,28750,53207.3125
4944,2862000,28780,52764.890625
4945,2862000,28810,53190.8125
4946,2862000,28840,53209.40625
4947,2862000,28870,53143.3125
4948,2862000,28900,53201.1875
4949,2862000,28930,53157.015625
4950,2862000,28960,53141.203125
4951,2862000,28990,53270.6875
4952,2862000,29020,52732.59375
4953,2862000,29050,53145.59375
4954,2862000,29080,53175.90625
4955,2862000,29110,53203.1875
4956,2862000,29140,53203.40625
4957,2862000,29170,53211.5
4958,2862000,29200,53161.015625
4959,2862000,29230,53174.484375
4960,2862000,29260,53197.40625
4961,2862000,29290,53141.40625
4962,2862000,29320,52703.6875
4963,2862000,29350,53173.015625
4964,2862000,29380,53218.890625
4965,2862000,29410,53244.6875
4966,2862000,29440,53215.1875
4967,2862000,29470,53214.984375
4968,2862000,29500,53183.5
4969,2862000,29530,53175.28125
4970,2862000,29560,53160.390625
4971,2862000,29590,53174.296875
4972,2862000,29620,53181.203125
4973,2862000,29650,52676.796875
4974,2862000,29680,53199.984375
4975,2862000,29710,53156.203125
4976,2862000,29740,53174.890625
4977,2862000,29770,53219.90625
4978,2862000,29800,53169.484375
4979,2862000,29830,53189.59375
4980,2862000,29860,53216.484375
4981,2862000,29890,53209.0
4982,2862000,29920,53232.5
4983,2862000,29950,52716.21875
4984,2862000,29980,53187.8125
4985,2862500,100,12096.1875
4986,2862500,130,60649.6875
4987,2862500,160,59568.296875
4988,2862500,190,56977.5
4989,2862500,220,49269.0
4990,2862500,250,53059.6875
4991,2862500,280,56330.890625
4992,2862500,310,56470.609375
4993,2862500,340,53113.90625
4994,2862500,370,47185.0
4995,2862500,400,49816.5
4996,2862500,430,53929.1875
4997,2862500,460,54561.0
4998,2862500,490,54052.59375
4999,2862500,520,51875.703125
5000,2862500,550,51426.59375
5001,2862500,580,53715.09375
5002,2862500,610,53890.40625
5003,2862500,640,52239.390625
5004,2862500,670,48768.90625
5005,2862500,700,49794.890625
5006,2862500,730,53324.390625
5007,2862500,760,55573.90625
5008,2862500,790,55723.09375
5009,2862500,820,53481.703125
5010,2862500,850,50339.09375
5011,2862500,880,50050.015625
5012,2862500,910,52544.6875
5013,2862500,940,53947.1875
5014,2862500,970,52795.515625
5015,2862500,1000,51616.40625
5016,2862500,1030,50181.515625
5017,2862500,1060,50967.8125
5018,2862500,1090,53191.0
5019,2862500,1120,54413.0
5020,2862500,1150,54107.015625
5021,2862500,1180,53032.28125
5022,2862500,1210,52256.796875
5023,2862500,1240,52026.21875
5024,2862500,1270,52228.796875
5025,2862500,1300,51785.609375
5026,2862500,1330,52223.890625
5027,2862500,1360,52466.0
5028,2862500,1390,53045.703125
5029,2862500,1420,53210.109375
5030,2862500,1450,52972.21875
5031,2862500,1480,52406.609375
5032,2862500,1510,51939.0
5033,2862500,1540,52479.8125
5034,2862500,1570,53003.59375
5035,2862500,1600,52613.890625
5036,2862500,1630,52621.484375
5037,2862500,1660,52019.3125
5038,2862500,1690,51977.390625
5039,2862500,1720,52286.3125
5040,2862500,1750,53042.0
5041,2862500,1780,53316.796875
5042,2862500,1810,53091.484375
5043,2862500,1840,52691.5
5044,2862500,1870,51767.5
5045,2862500,1900,52098.90625
5046,2862500,1930,52154.5
5047,2862500,1960,52513.5
5048,2862500,1990,52943.296875
5049,2862500,2020,53105.109375
5050,2862500,2050,52775.015625
5051,2862500,2080,52289.703125
5052,2862500,2110,51886.1875
5053,2862500,2140,52175.5
5054,2862500,2170,53007.09375
5055,2862500,2200,53459.21875
5056,2862500,2230,52721.0
5057,2862500,2260,52592.1875
5058,2862500,2290,52053.40625
5059,2862500,2320,52223.3125
5060,2862500,2350,52851.0
5061,2862500,2380,53070.28125
5062,2862500,2410,52804.90625
5063,2862500,2440,52286.90625
5064,2862500,2470,52002.390625
5065,2862500,2500,51917.1875
5066,2862500,2530,53002.890625
5067,2862500,2560,53224.390625
5068,2862500,2590,52933.3125
5069,2862500,2620,52656.8125
5070,2862500,2650,52692.1875
5071,2862500,2680,52814.40625
5072,2862500,2710,52751.015625
5073,2862500,2740,52440.484375
5074,2862500,2770,52052.296875
5075,2862500,2800,51747.21875
5076,2862500,2830,52885.390625
5077,2862500,2860,53362.59375
5078,2862500,2890,53208.3125
5079,2862500,2920,52774.6875
5080,2862500,2950,52327.6875
5081,2862500,2980,52459.1875
5082,2862500,3010,52829.3125
5083,2862500,3040,53065.59375
5084,2862500,3070,52598.390625
5085,2862500,3100,52012.609375
5086,2862500,3130,52060.0
5087,2862500,3160,52076.5
5088,2862500,3190,53243.890625
5089,2862500,3220,53458.703125
5090,2862500,3250,52980.78125
5091,2862500,3280,52525.40625
5092,2862500,3310,52301.796875
5093,2862500,3340,52539.5
5094,2862500,3370,52786.390625
5095,2862500,3400,52766.59375
5096,2862500,3430,51933.890625
5097,2862500,3460,52326.6875
5098,2862500,3490,52732.59375
5099,2862500,3520,53054.109375
5100,2862500,3550,53253.0
5101,2862500,3580,52959.71875
5102,2862500,3610,52575.40625
5103,2862500,3640,52475.5
5104,2862500,3670,52626.203125
5105,2862500,3700,52661.90625
5106,2862500,3730,52597.609375
5107,2862500,3760,52467.59375
5108,2862500,3790,52147.703125
5109,2862500,3820,52894.0
5110,2862500,3850,53237.6875
5111,2862500,3880,53141.71875
5112,2862500,3910,52810.71875
5113,2862500,3940,52453.5
5114,2862500,3970,52464.59375
5115,2862500,4000,52623.59375
5116,2862500,4030,52810.796875
5117,2862500,4060,52297.109375
5118,2862500,4090,52585.609375
5119,2862500,4120,52551.5
5120,2862500,4150,52749.1875
5121,2862500,4180,53061.796875
5122,2862500,4210,53138.984375
5123,2862500,4240,52994.890625
5124,2862500,4270,52685.796875
5125,2862500,4300,52448.703125
5126,2862500,4330,52514.6875
5127,2862500,4360,52704.5
5128,2862500,4390,52855.09375
5129,2862500,4420,52445.1875
5130,2862500,4450,52835.59375
5131,2862500,4480,52935.59375
5132,2862500,4510,52899.390625
5133,2862500,4540,52823.6875
5134,2862500,4570,52692.515625
5135,2862500,4600,52659.296875
5136,2862500,4630,52721.09375
5137,2862500,4660,52773.59375
5138,2862500,4690,52374.3125
5139,2862500,4720,52828.109375
5140,2862500,4750,52759.984375
5141,2862500,4780,52838.390625
5142,2862500,4810,52955.59375
5143,2862500,4840,53027.890625
5144,2862500,4870,53023.40625
5145,2862500,4900,52813.109375
5146,2862500,4930,52574.90625
5147,2862500,4960,52535.1875
5148,2862500,4990,52711.5
5149,2862500,5020,52935.3125
5150,2862500,5050,52584.0
5151,2862500,5080,53014.40625
5152,2862500,5110,52865.609375
5153,2862500,5140,52804.703125
5154,2862500,5170,52746.90625
5155,2862500,5200,52837.3125
5156,2862500,5230,52840.09375
5157,2862500,5260,52891.40625
5158,2862500,5290,52861.3125
5159,2862500,5320,52754.609375
5160,2862500,5350,52243.390625
5161,2862500,5380,52796.28125
5162,2862500,5410,52944.0
5163,2862500,5440,53025.890625
5164,2862500,5470,53008.6875
5165,2862500,5500,52870.09375
5166,2862500,5530,52774.203125
5167,2862500,5560,52731.796875
5168,2862500,5590,52771.390625
5169,2862500,5620,52823.5
5170,2862500,5650,52941.59375
5171,2862500,5680,52515.28125
5172,2862500,5710,53002.5
5173,2862500,5740,52919.40625
5174,2862500,5770,52900.296875
5175,2862500,5800,52725.71875
5176,2862500,5830,52704.3125
5177,2862500,5860,52894.5
5178,2862500,5890,53016.40625
5179,2862500,5920,52996.609375
5180,2862500,5950,52945.609375
5181,2862500,5980,52365.390625
5182,2862500,6010,52786.09375
5183,2862500,6040,52868.90625
5184,2862500,6070,53068.59375
5185,2862500,6100,53107.78125
5186,2862500,6130,52934.40625
5187,2862500,6160,52732.703125
5188,2862500,6190,52646.796875
5189,2862500,6220,52794.5
5190,2862500,6250,53078.203125
5191,2862500,6280,53081.609375
5192,2862500,6310,52522.09375
5193,2862500,6340,52886.09375
5194,2862500,6370,52814.5
5195,2862500,6400,52846.390625
5196,2862500,6430,52947.8125
5197,2862500,6460,52865.703125
5198,2862500,6490,52913.21875
5199,2862500,6520,52798.703125
5200,2862500,6550,52937.296875
5201,2862500,6580,53008.09375
5202,2862500,6610,52536.1875
5203,2862500,6640,52935.484375
5204,2862500,6670,52847.296875
5205,2862500,6700,52877.09375
5206,2862500,6730,53052.3125
5207,2862500,6760,53045.015625
5208,2862500,6790,52948.015625
5209,2862500,6820,52724.6875
5210,2862500,6850,52691.8125
5211,2862500,6880,52395.90625
5212,2862500,6910,53093.703125
5213,2862500,6940,53189.703125
5214,2862500,6970,53019.3125
5215,2862500,7000,52775.703125
5216,2862500,7030,52773.484375
5217,2862500,7060,52857.1875
5218,2862500,7090,53032.5
5219,2862500,7120,53029.40625
5220,2862500,7150,52915.390625
5221,2862500,7180,52417.1875
5222,2862500,7210,52895.8125
5223,2862500,7240,52966.3125
5224,2862500,7270,53060.40625
5225,2862500,7300,53003.515625
5226,2862500,7330,52926.28125
5227,2862500,7360,52906.90625
5228,2862500,7390,53289.40625
5229,2862500,7420,52962.1875
5230,2862500,7450,52973.90625
5231,2862500,7480,52875.296875
5232,2862500,7510,52927.0
5233,2862500,7540,53008.09375
5234,2862500,7570,53099.515625
5235,2862500,7600,53088.390625
5236,2862500,7630,52991.796875
5237,2862500,7660,52909.59375
5238,2862500,7690,52779.59375
5239,2862500,7720,52491.109375
5240,2862500,7750,53063.609375
5241,2862500,7780,53047.09375
5242,2862500,7810,53045.984375
5243,2862500,7840,52904.984375
5244,2862500,7870,52869.1875
5245,2862500,7900,52932.59375
5246,2862500,7930,53031.90625
5247,2862500,7960,53020.71875
5248,2862500,7990,52972.3125
5249,2862500,8020,52456.484375
5250,2862500,8050,52908.1875
5251,2862500,8080,52946.8125
5252,2862500,8110,53062.6875
5253,2862500,8140,53106.0
5254,2862500,8170,53043.40625
5255,2862500,8200,52975.796875
5256,2862500,8230,52968.3125
5257,2862500,8260,52914.6875
5258,2862500,8290,52493.609375
5259,2862500,8320,52990.484375
5260,2862500,8350,52975.21875
5261,2862500,8380,53021.3125
5262,2862500,8410,52996.515625
5263,2862500,8440,52990.796875
5264,2862500,8470,52972.484375
5265,2862500,8500,52972.90625
5266,2862500,8530,52972.203125
5267,2862500,8560,52999.6875
5268,2862500,8590,53040.40625
5269,2862500,8620,52995.703125
5270,2862500,8650,52535.484375
5271,2862500,8680,52984.5
5272,2862500,8710,53001.890625
5273,2862500,8740,52987.90625
5274,2862500,8770,53058.90625
5275,2862500,8800,53054.609375
5276,2862500,8830,53070.28125
5277,2862500,8860,53019.796875
5278,2862500,8890,52950.71875
5279,2862500,8920,52524.90625
5280,2862500,8950,52985.609375
5281,2862500,8980,53013.109375
5282,2862500,9010,53079.09375
5283,2862500,9040,53048.09375
5284,2862500,9070,52998.0
5285,2862500,9100,53021.296875
5286,2862500,9130,53037.59375
5287,2862500,9160,53095.203125
5288,2862500,9190,53076.8125
5289,2862500,9220,53044.703125
5290,2862500,9250,52999.984375
5291,2862500,9280,52525.390625
5292,2862500,9310,53086.0
5293,2862500,9340,53114.703125
5294,2862500,9370,53106.0
5295,2862500,9400,53081.703125
5296,2862500,9430,53059.6875
5297,2862500,9460,52992.390625
5298,2862500,9490,53059.6875
5299,2862500,9520,53009.890625
5300,2862500,9550,52542.40625
5301,2862500,9580,53051.8125
5302,2862500,9610,52989.109375
5303,2862500,9640,53067.890625
5304,2862500,9670,53096.6875
5305,2862500,9700,53116.515625
5306,2862500,9730,53086.09375
5307,2862500,9760,53008.3125
5308,2862500,9790,53054.09375
5309,2862500,9820,53076.5
5310,2862500,9850,53105.71875
5311,2862500,9880,53095.296875
5312,2862500,9910,52544.0
5313,2862500,9940,52999.21875
5314,2862500,9970,53052.0
5315,2862500,10000,53101.71875
5316,2862500,10030,53094.109375
5317,2862500,10060,53085.015625
5318,2862500,10090,53025.203125
5319,2862500,10120,53042.8125
5320,2862500,10150,53051.484375
5321,2862500,10180,53153.1875
5322,2862500,10210,52659.6875
5323,2862500,10240,53117.71875
5324,2862500,10270,52990.71875
5325,2862500,10300,53076.59375
5326,2862500,10330,53086.609375
5327,2862500,10360,53116.515625
5328,2862500,10390,53104.203125
5329,2862500,10420,53062.984375
5330,2862500,10450,53069.609375
5331,2862500,10480,52581.703125
5332,2862500,10510,53109.015625
5333,2862500,10540,53118.203125
5334,2862500,10570,53091.40625
5335,2862500,10600,53017.296875
5336,2862500,10630,53073.5
5337,2862500,10660,53085.890625
5338,2862500,10690,53047.0
5339,2862500,10720,53071.5
5340,2862500,10750,52999.40625
5341,2862500,10780,53053.59375
5342,2862500,10810,53083.6875
5343,2862500,10840,52611.1875
5344,2862500,10870,53115.21875
5345,2862500,10900,53092.6875
5346,2862500,10930,53092.203125
5347,2862500,10960,53019.3125
5348,2862500,10990,53125.109375
5349,2862500,11020,53210.203125
5350,2862500,11050,53137.609375
5351,2862500,11080,53055.6875
5352,2862500,11110,53062.59375
5353,2862500,11140,53096.09375
5354,2862500,11170,52641.6875
5355,2862500,11200,53130.796875
5356,2862500,11230,53127.1875
5357,2862500,11260,53088.59375
5358,2862500,11290,53151.90625
5359,2862500,11320,53133.40625
5360,2862500,11350,53103.515625
5361,2862500,11380,53114.890625
5362,2862500,11410,53133.8125
5363,2862500,11440,53092.90625
5364,2862500,11470,52702.015625
5365,2862500,11500,53165.390625
5366,2862500,11530,53164.984375
5367,2862500,11560,53101.390625
5368,2862500,11590,53137.59375
5369,2862500,11620,53107.21875
5370,2862500,11650,53106.796875
5371,2862500,11680,53175.09375
5372,2862500,11710,53149.6875
5373,2862500,11740,52615.015625
5374,2862500,11770,53145.40625
5375,2862500,11800,53116.0
5376,2862500,11830,53116.796875
5377,2862500,11860,53105.09375
5378,2862500,11890,53142.59375
5379,2862500,11920,53167.8125
5380,2862500,11950,53146.3125
5381,2862500,11980,53062.5
5382,2862500,12010,53199.5
5383,2862500,12040,53157.5
5384,2862500,12070,53211.1875
5385,2862500,12100,52675.59375
5386,2862500,12130,53140.59375
5387,2862500,12160,53133.390625
5388,2862500,12190,53159.5
5389,2862500,12220,53135.3125
5390,2862500,12250,53158.484375
5391,2862500,12280,53126.1875
5392,2862500,12310,53174.09375
5393,2862500,12340,53134.09375
5394,2862500,12370,52673.890625
5395,2862500,12400,53150.609375
5396,2862500,12430,53149.390625
5397,2862500,12460,53159.390625
5398,2862500,12490,53138.40625
5399,2862500,12520,53146.3125
5400,2862500,12550,53135.515625
5401,2862500,12580,53102.3125
5402,2862500,12610,53166.1875
5403,2862500,12640,53158.71875
5404,2862500,12670,52714.40625
5405,2862500,12700,53214.796875
5406,2862500,12730,53154.890625
5407,2862500,12760,53218.796875
5408,2862500,12790,53126.703125
5409,2862500,12820,53141.09375
5410,2862500,12850,53162.390625
5411,2862500,12880,53185.796875
5412,2862500,12910,53110.59375
5413,2862500,12940,53207.6875
5414,2862500,12970,53139.796875
5415,2862500,13000,53207.484375
5416,2862500,13030,52696.296875
5417,2862500,13060,53155.5
5418,2862500,13090,53223.3125
5419,2862500,13120,53139.0
5420,2862500,13150,53141.296875
5421,2862500,13180,53166.8125
5422,2862500,13210,53144.09375
5423,2862500,13240,53206.90625
5424,2862500,13270,53180.609375
5425,2862500,13300,52703.28125
5426,2862500,13330,53177.90625
5427,2862500,13360,53194.015625
5428,2862500,13390,53217.21875
5429,2862500,13420,53085.3125
5430,2862500,13450,53160.8125
5431,2862500,13480,53166.203125
5432,2862500,13510,53156.8125
5433,2862500,13540,53177.203125
5434,2862500,13570,53124.890625
5435,2862500,13600,53187.8125
5436,2862500,13630,53156.203125
5437,2862500,13660,53128.203125
5438,2862500,13690,52715.8125
5439,2862500,13720,53128.28125
5440,2862500,13750,53162.890625
5441,2862500,13780,53153.40625
5442,2862500,13810,53148.609375
5443,2862500,13840,53199.515625
5444,2862500,13870,53146.8125
5445,2862500,13900,53115.59375
5446,2862500,13930,52757.890625
5447,2862500,13960,53127.6875
5448,2862500,13990,53177.90625
5449,2862500,14020,53152.703125
5450,2862500,14050,53201.390625
5451,2862500,14080,53217.3125
5452,2862500,14110,53245.09375
5453,2862500,14140,53144.40625
5454,2862500,14170,53177.296875
5455,2862500,14200,53237.484375
5456,2862500,14230,53166.390625
5457,2862500,14260,53167.71875
5458,2862500,14290,52705.703125
5459,2862500,14320,53222.8125
5460,2862500,14350,53209.71875
5461,2862500,14380,53227.59375
5462,2862500,14410,53140.703125
5463,2862500,14440,53205.0
5464,2862500,14470,53202.203125
5465,2862500,14500,53161.09375
5466,2862500,14530,53177.3125
5467,2862500,14560,52715.296875
5468,2862500,14590,53180.609375
5469,2862500,14620,53210.890625
5470,2862500,14650,53182.1875
5471,2862500,14680,53188.703125
5472,2862500,14710,53145.6875
5473,2862500,14740,53174.3125
5474,2862500,14770,53158.90625
5475,2862500,14800,53225.71875
5476,2862500,14830,53219.59375
5477,2862500,14860,53206.703125
5478,2862500,14890,53203.515625
5479,2862500,14920,52752.6875
5480,2862500,14950,53239.796875
5481,2862500,14980,53226.09375
5482,2862500,15010,53165.984375
5483,2862500,15040,53171.90625
5484,2862500,15070,53672.1875
5485,2862500,15100,53227.59375
5486,2862500,15130,53177.703125
5487,2862500,15160,53204.703125
5488,2862500,15190,53194.390625
5489,2862500,15220,53188.203125
5490,2862500,15250,53234.78125
5491,2862500,15280,53197.8125
5492,2862500,15310,53244.28125
5493,2862500,15340,52756.09375
5494,2862500,15370,53251.609375
5495,2862500,15400,53228.984375
5496,2862500,15430,53210.59375
5497,2862500,15460,53190.109375
5498,2862500,15490,53205.8125
5499,2862500,15520,53157.1875
5500,2862500,15550,53246.5
5501,2862500,15580,53196.28125
5502,2862500,15610,53264.109375
5503,2862500,15640,53184.21875
5504,2862500,15670,53171.28125
5505,2862500,15700,52726.0
5506,2862500,15730,53271.6875
5507,2862500,15760,53254.203125
5508,2862500,15790,53154.90625
5509,2862500,15820,53250.015625
5510,2862500,15850,53216.203125
5511,2862500,15880,53270.78125
5512,2862500,15910,53299.8125
5513,2862500,15940,53261.5
5514,2862500,15970,53234.609375
5515,2862500,16000,52747.09375
5516,2862500,16030,53227.09375
5517,2862500,16060,53215.8125
5518,2862500,16090,53251.203125
5519,2862500,16120,53218.8125
5520,2862500,16150,53256.0
5521,2862500,16180,53204.40625
5522,2862500,16210,53245.3125
5523,2862500,16240,53212.890625
5524,2862500,16270,53229.109375
5525,2862500,16300,53191.3125
5526,2862500,16330,52768.109375
5527,2862500,16360,53195.59375
5528,2862500,16390,53238.5
5529,2862500,16420,53293.390625
5530,2862500,16450,53216.1875
5531,2862500,16480,53212.296875
5532,2862500,16510,53240.484375
5533,2862500,16540,53219.90625
5534,2862500,16570,53199.8125
5535,2862500,16600,52800.703125
5536,2862500,16630,53235.296875
5537,2862500,16660,53218.796875
5538,2862500,16690,53271.203125
5539,2862500,16720,53308.015625
5540,2862500,16750,53276.78125
5541,2862500,16780,53230.109375
5542,2862500,16810,53289.890625
5543,2862500,16840,53185.984375
5544,2862500,16870,53272.890625
5545,2862500,16900,52789.703125
5546,2862500,16930,53224.296875
5547,2862500,16960,53267.703125
5548,2862500,16990,53273.09375
5549,2862500,17020,53249.703125
5550,2862500,17050,53213.21875
5551,2862500,17080,53274.296875
5552,2862500,17110,53269.890625
5553,2862500,17140,53243.890625
5554,2862500,17170,53295.109375
5555,2862500,17200,53240.09375
5556,2862500,17230,53210.59375
5557,2862500,17260,52726.90625
5558,2862500,17290,53253.3125
5559,2862500,17320,53227.40625
5560,2862500,17350,53252.40625
5561,2862500,17380,53265.5
5562,2862500,17410,53287.390625
5563,2862500,17440,53182.71875
5564,2862500,17470,53142.90625
5565,2862500,17500,53272.0
5566,2862500,17530,52812.609375
5567,2862500,17560,53310.59375
5568,2862500,17590,53301.09375
5569,2862500,17620,53246.71875
5570,2862500,17650,53189.609375
5571,2862500,17680,53296.390625
5572,2862500,17710,53257.703125
5573,2862500,17740,53246.984375
5574,2862500,17770,53243.28125
5575,2862500,17800,53291.5
5576,2862500,17830,53310.296875
5577,2862500,17860,53249.0
5578,2862500,17890,52747.703125
5579,2862500,17920,53256.21875
5580,2862500,17950,53247.296875
5581,2862500,17980,53215.296875
5582,2862500,18010,53283.40625
5583,2862500,18040,53293.40625
5584,2862500,18070,53207.703125
5585,2862500,18100,53214.78125
5586,2862500,18130,53175.5
5587,2862500,18160,52707.015625
5588,2862500,18190,53179.203125
5589,2862500,18220,53254.1875
5590,2862500,18250,53223.59375
5591,2862500,18280,53150.796875
5592,2862500,18310,53282.78125
5593,2862500,18340,53243.90625
5594,2862500,18370,53257.09375
5595,2862500,18400,53242.59375
5596,2862500,18430,53240.3125
5597,2862500,18460,53272.796875
5598,2862500,18490,53270.515625
5599,2862500,18520,53224.40625
5600,2862500,18550,52765.0
5601,2862500,18580,53231.796875
5602,2862500,18610,53255.90625
5603,2862500,18640,53275.3125
5604,2862500,18670,53267.796875
5605,2862500,18700,53258.984375
5606,2862500,18730,53247.015625
5607,2862500,18760,53317.890625
5608,2862500,18790,52781.203125
5609,2862500,18820,53273.703125
5610,2862500,18850,53236.1875
5611,2862500,18880,53289.5
5612,2862500,18910,53242.59375
5613,2862500,18940,53281.015625
5614,2862500,18970,53249.5
5615,2862500,19000,53273.109375
5616,2862500,19030,53233.0
5617,2862500,19060,53188.484375
5618,2862500,19090,52844.796875
5619,2862500,19120,53274.609375
5620,2862500,19150,53269.28125
5621,2862500,19180,53211.90625
5622,2862500,19210,53259.984375
5623,2862500,19240,53286.5
5624,2862500,19270,53256.5
5625,2862500,19300,53267.90625
5626,2862500,19330,53271.5
5627,2862500,19360,53287.609375
5628,2862500,19390,53268.40625
5629,2862500,19420,53264.609375
5630,2862500,19450,52817.390625
5631,2862500,19480,53265.6875
5632,2862500,19510,53176.09375
5633,2862500,19540,53226.59375
5634,2862500,19570,53276.90625
5635,2862500,19600,53290.609375
5636,2862500,19630,53274.21875
5637,2862500,19660,53276.5
5638,2862500,19690,53288.703125
5639,2862500,19720,53262.109375
5640,2862500,19750,53255.90625
5641,2862500,19780,52809.59375
5642,2862500,19810,53240.78125
5643,2862500,19840,53266.796875
5644,2862500,19870,53256.390625
5645,2862500,19900,53284.890625
5646,2862500,19930,53261.71875
5647,2862500,19960,53244.71875
5648,2862500,19990,53237.203125
5649,2862500,20020,53251.703125
5650,2862500,20050,53279.296875
5651,2862500,20080,52781.1875
5652,2862500,20110,53274.796875
5653,2862500,20140,53300.90625
5654,2862500,20170,53261.5
5655,2862500,20200,53333.5
5656,2862500,20230,53328.5
5657,2862500,20260,53283.59375
5658,2862500,20290,53291.890625
5659,2862500,20320,53239.109375
5660,2862500,20350,52841.21875
5661,2862500,20380,53172.109375
5662,2862500,20410,53279.5
5663,2862500,20440,53309.1875
5664,2862500,20470,53250.203125
5665,2862500,20500,53276.1875
5666,2862500,20530,53349.09375
5667,2862500,20560,53270.390625
5668,2862500,20590,53310.6875
5669,2862500,20620,53276.015625
5670,2862500,20650,53260.40625
5671,2862500,20680,53328.703125
5672,2862500,20710,52799.109375
5673,2862500,20740,53279.109375
5674,2862500,20770,53286.109375
5675,2862500,20800,53385.390625
5676,2862500,20830,53299.890625
5677,2862500,20860,53336.59375
5678,2862500,20890,53282.59375
5679,2862500,20920,53295.484375
5680,2862500,20950,53364.390625
5681,2862500,20980,52853.515625
5682,2862500,21010,53319.09375
5683,2862500,21040,53300.703125
5684,2862500,21070,53291.609375
5685,2862500,21100,53223.21875
5686,2862500,21130,53206.1875
5687,2862500,21160,53311.890625
5688,2862500,21190,53282.890625
5689,2862500,21220,53298.40625
5690,2862500,21250,53307.40625
5691,2862500,21280,52838.203125
5692,2862500,21310,53278.890625
5693,2862500,21340,53296.3125
5694,2862500,21370,53292.90625
5695,2862500,21400,53293.015625
5696,2862500,21430,53255.0
5697,2862500,21460,53260.6875
5698,2862500,21490,53251.515625
5699,2862500,21520,53227.5
5700,2862500,21550,53283.59375
5701,2862500,21580,53325.203125
5702,2862500,21610,53303.0
5703,2862500,21640,52851.796875
5704,2862500,21670,53275.5
5705,2862500,21700,53335.390625
5706,2862500,21730,53300.8125
5707,2862500,21760,53269.28125
5708,2862500,21790,53266.609375
5709,2862500,21820,53337.109375
5710,2862500,21850,53326.609375
5711,2862500,21880,53322.8125
5712,2862500,21910,52787.3125
5713,2862500,21940,53269.796875
5714,2862500,21970,53337.40625
5715,2862500,22000,53322.296875
5716,2862500,22030,53270.515625
5717,2862500,22060,53275.3125
5718,2862500,22090,53288.90625
5719,2862500,22120,53288.1875
5720,2862500,22150,53296.203125
5721,2862500,22180,53267.015625
5722,2862500,22210,53301.8125
5723,2862500,22240,53313.5
5724,2862500,22270,52851.296875
5725,2862500,22300,53288.390625
5726,2862500,22330,53281.703125
5727,2862500,22360,53267.203125
5728,2862500,22390,53301.8125
5729,2862500,22420,53283.6875
5730,2862500,22450,53288.71875
5731,2862500,22480,53287.09375
5732,2862500,22510,53224.40625
5733,2862500,22540,52783.5
5734,2862500,22570,53302.296875
5735,2862500,22600,53282.015625
5736,2862500,22630,53313.09375
5737,2862500,22660,53297.40625
5738,2862500,22690,53297.3125
5739,2862500,22720,53318.0
5740,2862500,22750,53316.6875
5741,2862500,22780,53304.40625
5742,2862500,22810,53282.0
5743,2862500,22840,53360.1875
5744,2862500,22870,53324.8125
5745,2862500,22900,52883.203125
5746,2862500,22930,53328.21875
5747,2862500,22960,53278.1875
5748,2862500,22990,53331.59375
5749,2862500,23020,53298.609375
5750,2862500,23050,53283.0
5751,2862500,23080,53330.890625
5752,2862500,23110,53290.78125
5753,2862500,23140,53280.40625
5754,2862500,23170,52794.390625
5755,2862500,23200,53251.609375
5756,2862500,23230,53271.0
5757,2862500,23260,53310.515625
5758,2862500,23290,53313.8125
5759,2862500,23320,53296.109375
5760,2862500,23350,53312.59375
5761,2862500,23380,53334.90625
5762,2862500,23410,53284.28125
5763,2862500,23440,53313.609375
5764,2862500,23470,53288.3125
5765,2862500,23500,53276.296875
5766,2862500,23530,52794.90625
5767,2862500,23560,53230.09375
5768,2862500,23590,53284.0
5769,2862500,23620,53323.40625
5770,2862500,23650,53378.78125
5771,2862500,23680,53295.109375
5772,2862500,23710,53262.78125
5773,2862500,23740,53350.109375
5774,2862500,23770,53321.40625
5775,2862500,23800,53327.5
5776,2862500,23830,52838.796875
5777,2862500,23860,53361.515625
5778,2862500,23890,53343.984375
5779,2862500,23920,53249.390625
5780,2862500,23950,53312.6875
5781,2862500,23980,53255.296875
5782,2862500,24010,53273.390625
5783,2862500,24040,53312.5
5784,2862500,24070,53351.015625
5785,2862500,24100,52840.6875
5786,2862500,24130,53265.609375
5787,2862500,24160,53306.6875
5788,2862500,24190,53328.40625
5789,2862500,24220,53335.5
5790,2862500,24250,53282.703125
5791,2862500,24280,53333.90625
5792,2862500,24310,53269.890625
5793,2862500,24340,53320.5
5794,2862500,24370,53283.8125
5795,2862500,24400,53341.90625
5796,2862500,24430,53273.78125
5797,2862500,24460,53316.109375
5798,2862500,24490,52842.296875
5799,2862500,24520,53221.59375
5800,2862500,24550,53285.8125
5801,2862500,24580,53309.8125
5802,2862500,24610,53354.609375
5803,2862500,24640,53325.8125
5804,2862500,24670,53255.796875
5805,2862500,24700,53286.609375
5806,2862500,24730,53279.796875
5807,2862500,24760,53333.09375
5808,2862500,24790,52855.1875
5809,2862500,24820,53294.59375
5810,2862500,24850,53320.28125
5811,2862500,24880,53316.984375
5812,2862500,24910,53286.5
5813,2862500,24940,53304.484375
5814,2862500,24970,53283.40625
5815,2862500,25000,53315.6875
5816,2862500,25030,53354.796875
5817,2862500,25060,53306.6875
5818,2862500,25090,52823.71875
5819,2862500,25120,53277.40625
5820,2862500,25150,53303.890625
5821,2862500,25180,53331.28125
5822,2862500,25210,53249.90625
5823,2862500,25240,53305.59375
5824,2862500,25270,53264.6875
5825,2862500,25300,53324.59375
5826,2862500,25330,53338.5
5827,2862500,25360,52824.890625
5828,2862500,25390,53276.890625
5829,2862500,25420,53280.5
5830,2862500,25450,53354.6875
5831,2862500,25480,53288.6875
5832,2862500,25510,53299.703125
5833,2862500,25540,53275.390625
5834,2862500,25570,53281.59375
5835,2862500,25600,53302.21875
5836,2862500,25630,53234.59375
5837,2862500,25660,53277.203125
5838,2862500,25690,53256.0
5839,2862500,25720,53365.59375
5840,2862500,25750,52881.796875
5841,2862500,25780,53297.5
5842,2862500,25810,53309.40625
5843,2862500,25840,53301.59375
5844,2862500,25870,53272.515625
5845,2862500,25900,53277.109375
5846,2862500,25930,53232.390625
5847,2862500,25960,53303.1875
5848,2862500,25990,53290.5
5849,2862500,26020,52858.3125
5850,2862500,26050,53311.6875
5851,2862500,26080,53285.40625
5852,2862500,26110,53287.78125
5853,2862500,26140,53333.015625
5854,2862500,26170,53328.203125
5855,2862500,26200,53371.015625
5856,2862500,26230,53321.90625
5857,2862500,26260,53328.6875
5858,2862500,26290,52834.28125
5859,2862500,26320,53399.0
5860,2862500,26350,53328.6875
5861,2862500,26380,53327.40625
5862,2862500,26410,53339.09375
5863,2862500,26440,53313.8125
5864,2862500,26470,53346.390625
5865,2862500,26500,53312.703125
5866,2862500,26530,53300.203125
5867,2862500,26560,53281.59375
5868,2862500,26590,53351.28125
5869,2862500,26620,53336.59375
5870,2862500,26650,52853.3125
5871,2862500,26680,53316.28125
5872,2862500,26710,53336.90625
5873,2862500,26740,53354.1875
5874,2862500,26770,53389.515625
5875,2862500,26800,53337.515625
5876,2862500,26830,53330.6875
5877,2862500,26860,53317.40625
5878,2862500,26890,53353.28125
5879,2862500,26920,52886.515625
5880,2862500,26950,53361.390625
5881,2862500,26980,53286.09375
5882,2862500,27010,53257.59375
5883,2862500,27040,53299.109375
5884,2862500,27070,53284.0
5885,2862500,27100,53328.515625
5886,2862500,27130,53314.796875
5887,2862500,27160,53345.0
5888,2862500,27190,53278.703125
5889,2862500,27220,53327.109375
5890,2862500,27250,53333.0
5891,2862500,27280,52881.59375
5892,2862500,27310,53311.3125
5893,2862500,27340,53331.90625
5894,2862500,27370,53326.0
5895,2862500,27400,53239.09375
5896,2862500,27430,53295.59375
5897,2862500,27460,53268.5
5898,2862500,27490,53341.6875
5899,2862500,27520,53348.3125
5900,2862500,27550,52838.90625
5901,2862500,27580,53267.1875
5902,2862500,27610,53316.21875
5903,2862500,27640,53314.40625
5904,2862500,27670,53387.09375
5905,2862500,27700,53339.09375
5906,2862500,27730,53355.015625
5907,2862500,27760,53344.109375
5908,2862500,27790,53330.6875
5909,2862500,27820,53348.890625
5910,2862500,27850,53279.1875
5911,2862500,27880,53278.6875
5912,2862500,27910,52863.5
5913,2862500,27940,53347.6875
5914,2862500,27970,53376.0
5915,2862500,28000,53316.59375
5916,2862500,28030,53372.109375
5917,2862500,28060,53363.484375
5918,2862500,28090,53277.3125
5919,2862500,28120,53312.484375
5920,2862500,28150,53344.203125
5921,2862500,28180,53325.390625
5922,2862500,28210,52808.484375
5923,2862500,28240,53343.8125
5924,2862500,28270,53333.296875
5925,2862500,28300,53284.0
5926,2862500,28330,53296.1875
5927,2862500,28360,53345.890625
5928,2862500,28390,53299.40625
5929,2862500,28420,53336.109375
5930,2862500,28450,53368.796875
5931,2862500,28480,53370.90625
5932,2862500,28510,53309.1875
5933,2862500,28540,52832.1875
5934,2862500,28570,53292.796875
5935,2862500,28600,53382.609375
5936,2862500,28630,53311.09375
5937,2862500,28660,53284.09375
5938,2862500,28690,53342.71875
5939,2862500,28720,53282.90625
5940,2862500,28750,53347.109375
5941,2862500,28780,53324.109375
5942,2862500,28810,53322.09375
5943,2862500,28840,52875.796875
5944,2862500,28870,53282.90625
5945,2862500,28900,53308.796875
5946,2862500,28930,53316.09375
5947,2862500,28960,53346.40625
5948,2862500,28990,53338.40625
5949,2862500,29020,53266.296875
5950,2862500,29050,53331.6875
5951,2862500,29080,53349.6875
5952,2862500,29110,52828.1875
5953,2862500,29140,53277.609375
5954,2862500,29170,53362.0
5955,2862500,29200,53350.796875
5956,2862500,29230,53320.703125
5957,2862500,29260,53304.109375
5958,2862500,29290,53311.40625
5959,2862500,29320,53303.1875
5960,2862500,29350,53311.109375
5961,2862500,29380,53324.8125
5962,2862500,29410,53251.0
5963,2862500,29440,53341.5
5964,2862500,29470,52822.015625
5965,2862500,29500,53314.109375
5966,2862500,29530,53376.3125
5967,2862500,29560,53322.109375
5968,2862500,29590,53305.09375
5969,2862500,29620,53290.40625
5970,2862500,29650,53369.28125
5971,2862500,29680,53287.59375
5972,2862500,29710,53324.59375
5973,2862500,29740,52843.890625
5974,2862500,29770,53309.09375
5975,2862500,29800,53322.203125
5976,2862500,29830,53389.515625
5977,2862500,29860,53337.90625
5978,2862500,29890,53332.984375
5979,2862500,29920,53347.109375
5980,2862500,29950,53304.3125
5981,2862500,29980,53373.203125
5982,2863000,100,12144.40625
5983,2863000,130,59933.6875
5984,2863000,160,58700.40625
5985,2863000,190,56693.890625
5986,2863000,220,49100.203125
5987,2863000,250,52923.703125
5988,2863000,280,56221.8125
5989,2863000,310,56845.8125
5990,2863000,340,53123.6875
5991,2863000,370,46939.59375
5992,2863000,400,49412.71875
5993,2863000,430,53753.0
5994,2863000,460,53909.203125
5995,2863000,490,53911.796875
5996,2863000,520,51978.59375
5997,2863000,550,51613.515625
5998,2863000,580,53885.90625
5999,2863000,610,54066.21875
6000,2863000,640,52124.0
6001,2863000,670,48755.203125
6002,2863000,700,49189.40625
6003,2863000,730,52791.5
6004,2863000,760,54852.5
6005,2863000,790,55793.3125
6006,2863000,820,53626.09375
6007,2863000,850,50482.890625
6008,2863000,880,50105.5
6009,2863000,910,52598.6875
6010,2863000,940,54102.21875
6011,2863000,970,53461.515625
6012,2863000,1000,51719.015625
6013,2863000,1030,49409.796875
6014,2863000,1060,50470.984375
6015,2863000,1090,52590.40625
6016,2863000,1120,54067.515625
6017,2863000,1150,54096.90625
6018,2863000,1180,53236.78125
6019,2863000,1210,52468.109375
6020,2863000,1240,52170.40625
6021,2863000,1270,52252.6875
6022,2863000,1300,52217.59375
6023,2863000,1330,51680.90625
6024,2863000,1360,52302.5
6025,2863000,1390,52893.796875
6026,2863000,1420,53129.890625
6027,2863000,1450,53093.40625
6028,2863000,1480,52525.3125
6029,2863000,1510,52004.203125
6030,2863000,1540,52477.796875
6031,2863000,1570,52943.703125
6032,2863000,1600,53007.78125
6033,2863000,1630,52679.796875
6034,2863000,1660,51556.609375
6035,2863000,1690,51716.59375
6036,2863000,1720,52071.203125
6037,2863000,1750,52708.40625
6038,2863000,1780,53245.984375
6039,2863000,1810,53244.78125
6040,2863000,1840,52967.09375
6041,2863000,1870,52462.59375
6042,2863000,1900,52108.390625
6043,2863000,1930,51980.90625
6044,2863000,1960,51829.109375
6045,2863000,1990,52918.5
6046,2863000,2020,53190.3125
6047,2863000,2050,52939.203125
6048,2863000,2080,52281.984375
6049,2863000,2110,51728.484375
6050,2863000,2140,51945.390625
6051,2863000,2170,52786.21875
6052,2863000,2200,53337.1875
6053,2863000,2230,53279.203125
6054,2863000,2260,52580.90625
6055,2863000,2290,52008.515625
6056,2863000,2320,51669.09375
6057,2863000,2350,52847.59375
6058,2863000,2380,53116.0
6059,2863000,2410,52972.0
6060,2863000,2440,52393.296875
6061,2863000,2470,51949.890625
6062,2863000,2500,52210.90625
6063,2863000,2530,52796.3125
6064,2863000,2560,53036.0
6065,2863000,2590,52269.8125
6066,2863000,2620,52632.8125
6067,2863000,2650,52697.40625
6068,2863000,2680,52995.59375
6069,2863000,2710,52963.28125
6070,2863000,2740,52554.8125
6071,2863000,2770,51946.015625
6072,2863000,2800,51891.515625
6073,2863000,2830,52527.28125
6074,2863000,2860,53188.609375
6075,2863000,2890,53209.59375
6076,2863000,2920,52739.515625
6077,2863000,2950,51824.59375
6078,2863000,2980,52462.015625
6079,2863000,3010,52912.0
6080,2863000,3040,53229.703125
6081,2863000,3070,52942.8125
6082,2863000,3100,52080.59375
6083,2863000,3130,51610.40625
6084,2863000,3160,51969.09375
6085,2863000,3190,52942.59375
6086,2863000,3220,52858.6875
6087,2863000,3250,53100.296875
6088,2863000,3280,52727.890625
6089,2863000,3310,52495.8125
6090,2863000,3340,52677.90625
6091,2863000,3370,52949.109375
6092,2863000,3400,52930.09375
6093,2863000,3430,52383.5
6094,2863000,3460,52046.90625
6095,2863000,3490,52271.21875
6096,2863000,3520,52640.40625
6097,2863000,3550,53094.796875
6098,2863000,3580,52581.796875
6099,2863000,3610,52794.1875
6100,2863000,3640,52670.59375
6101,2863000,3670,52804.109375
6102,2863000,3700,52885.09375
6103,2863000,3730,52713.3125
6104,2863000,3760,52338.609375
6105,2863000,3790,52151.09375
6106,2863000,3820,52415.296875
6107,2863000,3850,52888.40625
6108,2863000,3880,53067.796875
6109,2863000,3910,52615.703125
6110,2863000,3940,52761.5
6111,2863000,3970,52595.3125
6112,2863000,4000,52724.59375
6113,2863000,4030,52913.90625
6114,2863000,4060,52858.59375
6115,2863000,4090,52613.59375
6116,2863000,4120,52241.5
6117,2863000,4150,51940.1875
6118,2863000,4180,52682.0
6119,2863000,4210,53099.390625
6120,2863000,4240,53112.78125
6121,2863000,4270,52976.3125
6122,2863000,4300,52778.40625
6123,2863000,4330,52638.515625
6124,2863000,4360,52658.09375
6125,2863000,4390,52631.890625
6126,2863000,4420,52598.59375
6127,2863000,4450,52638.3125
6128,2863000,4480,52701.5
6129,2863000,4510,52433.8125
6130,2863000,4540,52895.984375
6131,2863000,4570,52866.90625
6132,2863000,4600,52787.21875
6133,2863000,4630,52726.984375
6134,2863000,4660,52860.609375
6135,2863000,4690,52796.8125
6136,2863000,4720,52724.09375
6137,2863000,4750,52536.703125
6138,2863000,4780,52035.3125
6139,2863000,4810,52730.21875
6140,2863000,4840,52899.3125
6141,2863000,4870,53116.59375
6142,2863000,4900,53059.296875
6143,2863000,4930,52856.0
6144,2863000,4960,52697.296875
6145,2863000,4990,52610.703125
6146,2863000,5020,52741.0
6147,2863000,5050,52828.78125
6148,2863000,5080,52861.90625
6149,2863000,5110,52836.6875
6150,2863000,5140,52774.796875
6151,2863000,5170,52271.390625
6152,2863000,5200,52760.0
6153,2863000,5230,52876.984375
6154,2863000,5260,52917.203125
6155,2863000,5290,52956.6875
6156,2863000,5320,52808.1875
6157,2863000,5350,52621.6875
6158,2863000,5380,52623.90625
6159,2863000,5410,52719.3125
6160,2863000,5440,52854.0
6161,2863000,5470,52561.6875
6162,2863000,5500,52970.40625
6163,2863000,5530,52934.0
6164,2863000,5560,52820.1875
6165,2863000,5590,52767.203125
6166,2863000,5620,52750.515625
6167,2863000,5650,52668.5
6168,2863000,5680,52804.90625
6169,2863000,5710,52892.0
6170,2863000,5740,52988.3125
6171,2863000,5770,52459.90625
6172,2863000,5800,52849.015625
6173,2863000,5830,52733.40625
6174,2863000,5860,52792.296875
6175,2863000,5890,52950.6875
6176,2863000,5920,53006.5
6177,2863000,5950,52948.015625
6178,2863000,5980,52811.609375
6179,2863000,6010,52618.515625
6180,2863000,6040,52160.015625
6181,2863000,6070,52861.8125
6182,2863000,6100,53155.109375
6183,2863000,6130,53120.09375
6184,2863000,6160,52933.71875
6185,2863000,6190,52724.015625
6186,2863000,6220,52632.296875
6187,2863000,6250,52799.890625
6188,2863000,6280,52910.984375
6189,2863000,6310,52904.0
6190,2863000,6340,52438.90625
6191,2863000,6370,52865.1875
6192,2863000,6400,52872.09375
6193,2863000,6430,52973.59375
6194,2863000,6460,52932.1875
6195,2863000,6490,52888.6875
6196,2863000,6520,52770.40625
6197,2863000,6550,52886.90625
6198,2863000,6580,52990.609375
6199,2863000,6610,52942.515625
6200,2863000,6640,52865.71875
6201,2863000,6670,52722.09375
6202,2863000,6700,52307.609375
6203,2863000,6730,53002.609375
6204,2863000,6760,53169.796875
6205,2863000,6790,53086.90625
6206,2863000,6820,52914.109375
6207,2863000,6850,52677.90625
6208,2863000,6880,52656.90625
6209,2863000,6910,52821.90625
6210,2863000,6940,53069.40625
6211,2863000,6970,52601.109375
6212,2863000,7000,52968.109375
6213,2863000,7030,52816.203125
6214,2863000,7060,52805.296875
6215,2863000,7090,52946.484375
6216,2863000,7120,53070.09375
6217,2863000,7150,53024.890625
6218,2863000,7180,52882.28125
6219,2863000,7210,52822.1875
6220,2863000,7240,52770.40625
6221,2863000,7270,52890.0
6222,2863000,7300,52954.59375
6223,2863000,7330,52538.78125
6224,2863000,7360,52966.390625
6225,2863000,7390,52967.6875
6226,2863000,7420,53002.09375
6227,2863000,7450,52989.3125
6228,2863000,7480,52913.09375
6229,2863000,7510,52773.1875
6230,2863000,7540,52829.40625
6231,2863000,7570,52900.890625
6232,2863000,7600,52544.5
6233,2863000,7630,53091.59375
6234,2863000,7660,52975.40625
6235,2863000,7690,52826.3125
6236,2863000,7720,52850.703125
6237,2863000,7750,52945.484375
6238,2863000,7780,53074.6875
6239,2863000,7810,53061.5
6240,2863000,7840,52944.09375
6241,2863000,7870,52876.703125
6242,2863000,7900,52336.8125
6243,2863000,7930,52899.3125
6244,2863000,7960,53030.78125
6245,2863000,7990,53075.703125
6246,2863000,8020,53038.515625
6247,2863000,8050,52959.796875
6248,2863000,8080,52920.5
6249,2863000,8110,52895.703125
6250,2863000,8140,52907.1875
6251,2863000,8170,52935.59375
6252,2863000,8200,53005.8125
6253,2863000,8230,52545.90625
6254,2863000,8260,52962.796875
6255,2863000,8290,53037.1875
6256,2863000,8320,52940.09375
6257,2863000,8350,52987.984375
6258,2863000,8380,52959.109375
6259,2863000,8410,52971.59375
6260,2863000,8440,52998.90625
6261,2863000,8470,53018.8125
6262,2863000,8500,52989.890625
6263,2863000,8530,52956.09375
6264,2863000,8560,52928.0
6265,2863000,8590,52536.3125
6266,2863000,8620,53017.40625
6267,2863000,8650,53041.59375
6268,2863000,8680,53037.015625
6269,2863000,8710,53051.796875
6270,2863000,8740,52980.296875
6271,2863000,8770,52908.8125
6272,2863000,8800,52958.90625
6273,2863000,8830,53047.8125
6274,2863000,8860,53071.8125
6275,2863000,8890,53074.09375
6276,2863000,8920,52562.28125
6277,2863000,8950,52948.390625
6278,2863000,8980,53004.59375
6279,2863000,9010,53109.59375
6280,2863000,9040,52996.40625
6281,2863000,9070,53077.8125
6282,2863000,9100,53020.90625
6283,2863000,9130,52948.09375
6284,2863000,9160,52463.515625
6285,2863000,9190,53073.609375
6286,2863000,9220,53105.890625
6287,2863000,9250,53055.5
6288,2863000,9280,53036.90625
6289,2863000,9310,52961.8125
6290,2863000,9340,52924.984375
6291,2863000,9370,53064.203125
6292,2863000,9400,53064.78125
6293,2863000,9430,52971.40625
6294,2863000,9460,52914.0
6295,2863000,9490,53007.6875
6296,2863000,9520,52626.890625
6297,2863000,9550,53091.703125
6298,2863000,9580,53035.796875
6299,2863000,9610,53021.984375
6300,2863000,9640,52994.796875
6301,2863000,9670,53020.1875
6302,2863000,9700,53051.5
6303,2863000,9730,53094.40625
6304,2863000,9760,52989.90625
6305,2863000,9790,52495.40625
6306,2863000,9820,52959.3125
6307,2863000,9850,53119.28125
6308,2863000,9880,53139.5
6309,2863000,9910,53072.703125
6310,2863000,9940,53074.59375
6311,2863000,9970,53020.609375
6312,2863000,10000,52971.59375
6313,2863000,10030,53059.78125
6314,2863000,10060,53114.59375
6315,2863000,10090,53094.484375
6316,2863000,10120,52999.40625
6317,2863000,10150,52533.203125
6318,2863000,10180,53058.8125
6319,2863000,10210,53059.09375
6320,2863000,10240,53130.203125
6321,2863000,10270,53059.390625
6322,2863000,10300,53038.515625
6323,2863000,10330,53060.484375
6324,2863000,10360,53015.796875
6325,2863000,10390,53027.203125
6326,2863000,10420,53070.09375
6327,2863000,10450,52547.8125
6328,2863000,10480,53085.6875
6329,2863000,10510,53027.515625
6330,2863000,10540,53136.015625
6331,2863000,10570,53116.40625
6332,2863000,10600,53108.40625
6333,2863000,10630,52966.8125
6334,2863000,10660,52992.203125
6335,2863000,10690,53037.90625
6336,2863000,10720,52680.6875
6337,2863000,10750,53115.515625
6338,2863000,10780,53030.90625
6339,2863000,10810,53072.609375
6340,2863000,10840,53035.296875
6341,2863000,10870,53096.203125
6342,2863000,10900,53133.90625
6343,2863000,10930,53072.0
6344,2863000,10960,53031.609375
6345,2863000,10990,53066.890625
6346,2863000,11020,53096.1875
6347,2863000,11050,53145.015625
6348,2863000,11080,52696.890625
6349,2863000,11110,53057.1875
6350,2863000,11140,53032.109375
6351,2863000,11170,53063.21875
6352,2863000,11200,53054.609375
6353,2863000,11230,53123.703125
6354,2863000,11260,53092.203125
6355,2863000,11290,53102.3125
6356,2863000,11320,53051.796875
6357,2863000,11350,52590.984375
6358,2863000,11380,53096.609375
6359,2863000,11410,53108.21875
6360,2863000,11440,53066.40625
6361,2863000,11470,53136.6875
6362,2863000,11500,53106.0
6363,2863000,11530,53133.203125
6364,2863000,11560,53064.09375
6365,2863000,11590,53087.1875
6366,2863000,11620,53120.8125
6367,2863000,11650,53085.1875
6368,2863000,11680,53182.6875
6369,2863000,11710,52685.796875
6370,2863000,11740,53145.5
6371,2863000,11770,53102.71875
6372,2863000,11800,53097.8125
6373,2863000,11830,53051.90625
6374,2863000,11860,53132.109375
6375,2863000,11890,53142.8125
6376,2863000,11920,53163.296875
6377,2863000,11950,53136.90625
6378,2863000,11980,52688.296875
6379,2863000,12010,53094.0
6380,2863000,12040,53166.6875
6381,2863000,12070,53143.703125
6382,2863000,12100,53183.5
6383,2863000,12130,53130.78125
6384,2863000,12160,53099.59375
6385,2863000,12190,53163.609375
6386,2863000,12220,53111.703125
6387,2863000,12250,53047.09375
6388,2863000,12280,52716.6875
6389,2863000,12310,53170.515625
6390,2863000,12340,53134.28125
6391,2863000,12370,53152.796875
6392,2863000,12400,53108.1875
6393,2863000,12430,53084.703125
6394,2863000,12460,53079.8125
6395,2863000,12490,53131.0
6396,2863000,12520,53149.0
6397,2863000,12550,53093.59375
6398,2863000,12580,53088.109375
6399,2863000,12610,53146.1875
6400,2863000,12640,53139.5
6401,2863000,12670,52718.09375
6402,2863000,12700,53160.015625
6403,2863000,12730,53173.984375
6404,2863000,12760,53113.890625
6405,2863000,12790,53149.28125
6406,2863000,12820,53111.703125
6407,2863000,12850,53106.5
6408,2863000,12880,53109.390625
6409,2863000,12910,52730.09375
6410,2863000,12940,53113.09375
6411,2863000,12970,53162.71875
6412,2863000,13000,53143.78125
6413,2863000,13030,53128.390625
6414,2863000,13060,53155.8125
6415,2863000,13090,53128.21875
6416,2863000,13120,53163.703125
6417,2863000,13150,53094.984375
6418,2863000,13180,53149.390625
6419,2863000,13210,53125.515625
6420,2863000,13240,53113.890625
6421,2863000,13270,52688.796875
6422,2863000,13300,53143.609375
6423,2863000,13330,53168.390625
6424,2863000,13360,53119.296875
6425,2863000,13390,53129.609375
6426,2863000,13420,53197.0
6427,2863000,13450,53125.8125
6428,2863000,13480,53131.8125
6429,2863000,13510,53134.390625
6430,2863000,13540,53145.40625
6431,2863000,13570,53149.609375
6432,2863000,13600,52740.78125
6433,2863000,13630,53195.8125
6434,2863000,13660,53171.703125
6435,2863000,13690,53159.0
6436,2863000,13720,53161.40625
6437,2863000,13750,53163.1875
6438,2863000,13780,53173.40625
6439,2863000,13810,53222.09375
6440,2863000,13840,53125.796875
6441,2863000,13870,53195.390625
6442,2863000,13900,53130.3125
6443,2863000,13930,52694.90625
6444,2863000,13960,53169.0
6445,2863000,13990,53170.390625
6446,2863000,14020,53188.40625
6447,2863000,14050,53156.609375
6448,2863000,14080,53185.5
6449,2863000,14110,53150.71875
6450,2863000,14140,53225.0
6451,2863000,14170,53167.296875
6452,2863000,14200,53157.09375
6453,2863000,14230,52700.59375
6454,2863000,14260,53226.015625
6455,2863000,14290,53197.59375
6456,2863000,14320,53224.203125
6457,2863000,14350,53192.390625
6458,2863000,14380,53171.90625
6459,2863000,14410,53226.796875
6460,2863000,14440,53189.390625
6461,2863000,14470,53209.796875
6462,2863000,14500,53154.09375
6463,2863000,14530,52783.984375
6464,2863000,14560,53237.109375
6465,2863000,14590,53185.609375
6466,2863000,14620,53172.390625
6467,2863000,14650,53262.515625
6468,2863000,14680,53238.203125
6469,2863000,14710,53193.796875
6470,2863000,14740,53185.59375
6471,2863000,14770,53154.390625
6472,2863000,14800,52753.40625
6473,2863000,14830,53246.0
6474,2863000,14860,53183.40625
6475,2863000,14890,53163.90625
6476,2863000,14920,53206.09375
6477,2863000,14950,53219.71875
6478,2863000,14980,53139.984375
6479,2863000,15010,53183.390625
6480,2863000,15040,53154.484375
6481,2863000,15070,53146.09375
6482,2863000,15100,52769.6875
6483,2863000,15130,53202.1875
6484,2863000,15160,53240.796875
6485,2863000,15190,53179.40625
6486,2863000,15220,53138.59375
6487,2863000,15250,53174.703125
6488,2863000,15280,53210.296875
6489,2863000,15310,53156.71875
6490,2863000,15340,53177.109375
6491,2863000,15370,53226.40625
6492,2863000,15400,53176.484375
6493,2863000,15430,53137.296875
6494,2863000,15460,52718.390625
6495,2863000,15490,53181.8125
6496,2863000,15520,53212.59375
6497,2863000,15550,53168.796875
6498,2863000,15580,53185.1875
6499,2863000,15610,53199.609375
6500,2863000,15640,53200.890625
6501,2863000,15670,53173.3125
6502,2863000,15700,53158.8125
6503,2863000,15730,52764.21875
6504,2863000,15760,53184.484375
6505,2863000,15790,53213.90625
6506,2863000,15820,53205.109375
6507,2863000,15850,53191.5
6508,2863000,15880,53200.21875
6509,2863000,15910,53185.609375
6510,2863000,15940,53191.28125
6511,2863000,15970,53204.40625
6512,2863000,16000,53198.90625
6513,2863000,16030,53157.59375
6514,2863000,16060,53239.90625
6515,2863000,16090,52740.59375
6516,2863000,16120,53143.109375
6517,2863000,16150,53203.703125
6518,2863000,16180,53200.8125
6519,2863000,16210,53181.21875
6520,2863000,16240,53210.5
6521,2863000,16270,53214.390625
6522,2863000,16300,53173.3125
6523,2863000,16330,53191.015625
6524,2863000,16360,52726.6875
6525,2863000,16390,53230.71875
6526,2863000,16420,53165.203125
6527,2863000,16450,53174.515625
6528,2863000,16480,53226.09375
6529,2863000,16510,53166.59375
6530,2863000,16540,53244.015625
6531,2863000,16570,53187.0
6532,2863000,16600,53192.515625
6533,2863000,16630,53252.3125
6534,2863000,16660,53211.40625
6535,2863000,16690,53241.59375
6536,2863000,16720,52741.8125
6537,2863000,16750,53209.21875
6538,2863000,16780,53226.09375
6539,2863000,16810,53237.1875
6540,2863000,16840,53242.984375
6541,2863000,16870,53199.515625
6542,2863000,16900,53210.0
6543,2863000,16930,53236.984375
6544,2863000,16960,53268.59375
6545,2863000,16990,52769.390625
6546,2863000,17020,53210.90625
6547,2863000,17050,53146.09375
6548,2863000,17080,53191.890625
6549,2863000,17110,53187.890625
6550,2863000,17140,53244.78125
6551,2863000,17170,53238.09375
6552,2863000,17200,53198.5
6553,2863000,17230,53220.109375
6554,2863000,17260,53268.21875
6555,2863000,17290,52766.78125
6556,2863000,17320,53199.203125
6557,2863000,17350,53239.609375
6558,2863000,17380,53292.484375
6559,2863000,17410,53187.6875
6560,2863000,17440,53260.390625
6561,2863000,17470,53171.0
6562,2863000,17500,53248.40625
6563,2863000,17530,53219.3125
6564,2863000,17560,53236.015625
6565,2863000,17590,53254.0
6566,2863000,17620,53233.71875
6567,2863000,17650,53270.3125
6568,2863000,17680,52768.90625
6569,2863000,17710,53206.1875
6570,2863000,17740,53224.78125
6571,2863000,17770,53230.59375
6572,2863000,17800,53226.390625
6573,2863000,17830,53256.5
6574,2863000,17860,53221.09375
6575,2863000,17890,53254.703125
6576,2863000,17920,52754.390625
6577,2863000,17950,53239.890625
6578,2863000,17980,53207.609375
6579,2863000,18010,53210.609375
6580,2863000,18040,53259.484375
6581,2863000,18070,53160.3125
6582,2863000,18100,53222.296875
6583,2863000,18130,53247.40625
6584,2863000,18160,53245.8125
6585,2863000,18190,53219.0
6586,2863000,18220,53230.484375
6587,2863000,18250,53195.6875
6588,2863000,18280,52791.90625
6589,2863000,18310,53321.203125
6590,2863000,18340,53188.40625
6591,2863000,18370,53230.515625
6592,2863000,18400,53229.90625
6593,2863000,18430,53254.09375
6594,2863000,18460,53243.59375
6595,2863000,18490,53198.59375
6596,2863000,18520,53296.390625
6597,2863000,18550,52731.0
6598,2863000,18580,53189.109375
6599,2863000,18610,53249.90625
6600,2863000,18640,53311.203125
6601,2863000,18670,53226.71875
6602,2863000,18700,53222.3125
6603,2863000,18730,53294.1875
6604,2863000,18760,53248.796875
6605,2863000,18790,53274.09375
6606,2863000,18820,53278.203125
6607,2863000,18850,53264.296875
6608,2863000,18880,53229.78125
6609,2863000,18910,52799.390625
6610,2863000,18940,53266.59375
6611,2863000,18970,53264.8125
6612,2863000,19000,53257.09375
6613,2863000,19030,53256.890625
6614,2863000,19060,53218.109375
6615,2863000,19090,53270.71875
6616,2863000,19120,53248.09375
6617,2863000,19150,53245.484375
6618,2863000,19180,53212.6875
6619,2863000,19210,52798.71875
6620,2863000,19240,53258.796875
6621,2863000,19270,53257.796875
6622,2863000,19300,53290.90625
6623,2863000,19330,53235.3125
6624,2863000,19360,53217.6875
6625,2863000,19390,53255.0
6626,2863000,19420,53277.28125
6627,2863000,19450,53239.28125
6628,2863000,19480,52766.59375
6629,2863000,19510,53297.40625
6630,2863000,19540,53266.40625
6631,2863000,19570,53199.90625
6632,2863000,19600,53217.09375
6633,2863000,19630,53238.90625
6634,2863000,19660,53265.0
6635,2863000,19690,53270.703125
6636,2863000,19720,53254.71875
6637,2863000,19750,53230.609375
6638,2863000,19780,53307.8125
6639,2863000,19810,53230.5
6640,2863000,19840,52801.109375
6641,2863000,19870,53257.296875
6642,2863000,19900,53206.703125
6643,2863000,19930,53252.40625
6644,2863000,19960,53295.28125
6645,2863000,19990,53239.296875
6646,2863000,20020,53298.5
6647,2863000,20050,53196.390625
6648,2863000,20080,53279.59375
6649,2863000,20110,52776.390625
6650,2863000,20140,53271.203125
6651,2863000,20170,53277.21875
6652,2863000,20200,53230.0
6653,2863000,20230,53260.8125
6654,2863000,20260,53268.40625
6655,2863000,20290,53279.609375
6656,2863000,20320,53268.8125
6657,2863000,20350,53263.109375
6658,2863000,20380,53301.796875
6659,2863000,20410,53315.59375
6660,2863000,20440,53263.40625
6661,2863000,20470,52828.5
6662,2863000,20500,53240.40625
6663,2863000,20530,53288.09375
6664,2863000,20560,53247.0
6665,2863000,20590,53302.296875
6666,2863000,20620,53258.203125
6667,2863000,20650,53203.78125
6668,2863000,20680,53246.5
6669,2863000,20710,53241.109375
6670,2863000,20740,52828.21875
6671,2863000,20770,53314.1875
6672,2863000,20800,53309.71875
6673,2863000,20830,53281.90625
6674,2863000,20860,53322.109375
6675,2863000,20890,53257.203125
6676,2863000,20920,53249.5
6677,2863000,20950,53295.796875
6678,2863000,20980,53251.40625
6679,2863000,21010,53219.390625
6680,2863000,21040,53263.40625
6681,2863000,21070,53277.71875
6682,2863000,21100,52801.796875
6683,2863000,21130,53325.21875
6684,2863000,21160,53234.40625
6685,2863000,21190,53317.109375
6686,2863000,21220,53295.609375
6687,2863000,21250,53316.09375
6688,2863000,21280,53282.21875
6689,2863000,21310,53295.40625
6690,2863000,21340,53260.296875
6691,2863000,21370,52790.6875
6692,2863000,21400,53270.71875
6693,2863000,21430,53238.1875
6694,2863000,21460,53226.796875
6695,2863000,21490,53262.8125
6696,2863000,21520,53258.40625
6697,2863000,21550,53304.5
6698,2863000,21580,53307.515625
6699,2863000,21610,53323.1875
6700,2863000,21640,53270.6875
6701,2863000,21670,52864.890625
6702,2863000,21700,53273.203125
6703,2863000,21730,53277.28125
6704,2863000,21760,53234.40625
6705,2863000,21790,53259.21875
6706,2863000,21820,53332.484375
6707,2863000,21850,53300.3125
6708,2863000,21880,53268.40625
6709,2863000,21910,53264.1875
6710,2863000,21940,53256.59375
6711,2863000,21970,53299.015625
6712,2863000,22000,52778.890625
6713,2863000,22030,53336.5
6714,2863000,22060,53294.203125
6715,2863000,22090,53288.0
6716,2863000,22120,53332.09375
6717,2863000,22150,53330.59375
6718,2863000,22180,53270.484375
6719,2863000,22210,53294.984375
6720,2863000,22240,53203.40625
6721,2863000,22270,53241.109375
6722,2863000,22300,52833.59375
6723,2863000,22330,53274.703125
6724,2863000,22360,53277.203125
6725,2863000,22390,53269.09375
6726,2863000,22420,53247.40625
6727,2863000,22450,53306.296875
6728,2863000,22480,53297.90625
6729,2863000,22510,53218.5
6730,2863000,22540,53281.90625
6731,2863000,22570,53296.40625
6732,2863000,22600,53252.09375
6733,2863000,22630,53255.40625
6734,2863000,22660,53251.703125
6735,2863000,22690,53225.890625
6736,2863000,22720,53293.09375
6737,2863000,22750,52879.109375
6738,2863000,22780,53239.0
6739,2863000,22810,53216.0
6740,2863000,22840,53292.90625
6741,2863000,22870,53293.390625
6742,2863000,22900,53242.109375
6743,2863000,22930,53255.6875
6744,2863000,22960,53306.59375
6745,2863000,22990,52792.3125
6746,2863000,23020,53320.5
6747,2863000,23050,53286.703125
6748,2863000,23080,53234.59375
6749,2863000,23110,53271.0
6750,2863000,23140,53267.09375
6751,2863000,23170,53262.40625
6752,2863000,23200,53229.515625
6753,2863000,23230,53243.59375
6754,2863000,23260,53325.796875
6755,2863000,23290,52786.90625
6756,2863000,23320,53266.40625
6757,2863000,23350,53253.28125
6758,2863000,23380,53292.484375
6759,2863000,23410,53264.09375
6760,2863000,23440,53263.28125
6761,2863000,23470,53265.1875
6762,2863000,23500,53255.0
6763,2863000,23530,53293.59375
6764,2863000,23560,52797.5
6765,2863000,23590,53251.796875
6766,2863000,23620,53227.390625
6767,2863000,23650,53263.0
6768,2863000,23680,53337.59375
6769,2863000,23710,53258.3125
6770,2863000,23740,53279.21875
6771,2863000,23770,53247.59375
6772,2863000,23800,53242.90625
6773,2863000,23830,53253.5
6774,2863000,23860,52803.390625
6775,2863000,23890,53331.0
6776,2863000,23920,53292.796875
6777,2863000,23950,53237.1875
6778,2863000,23980,53313.984375
6779,2863000,24010,53346.609375
6780,2863000,24040,53223.5
6781,2863000,24070,53279.296875
6782,2863000,24100,53254.609375
6783,2863000,24130,53268.203125
6784,2863000,24160,53311.390625
6785,2863000,24190,53292.5
6786,2863000,24220,52815.6875
6787,2863000,24250,53282.71875
6788,2863000,24280,53267.71875
6789,2863000,24310,53272.890625
6790,2863000,24340,53229.71875
6791,2863000,24370,53340.390625
6792,2863000,24400,53307.90625
6793,2863000,24430,53284.90625
6794,2863000,24460,53273.609375
6795,2863000,24490,53277.203125
6796,2863000,24520,53274.28125
6797,2863000,24550,52837.796875
6798,2863000,24580,53239.90625
6799,2863000,24610,53235.59375
6800,2863000,24640,53288.0
6801,2863000,24670,53274.203125
6802,2863000,24700,53316.0
6803,2863000,24730,53297.90625
6804,2863000,24760,53251.90625
6805,2863000,24790,53283.890625
6806,2863000,24820,53258.796875
6807,2863000,24850,52820.8125
6808,2863000,24880,53226.6875
6809,2863000,24910,53307.609375
6810,2863000,24940,53299.890625
6811,2863000,24970,53314.0
6812,2863000,25000,53255.0
6813,2863000,25030,53278.890625
6814,2863000,25060,53324.90625
6815,2863000,25090,53222.109375
6816,2863000,25120,52782.1875
6817,2863000,25150,53247.40625
6818,2863000,25180,53270.109375
6819,2863000,25210,53243.6875
6820,2863000,25240,53316.40625
6821,2863000,25270,53321.40625
6822,2863000,25300,53278.515625
6823,2863000,25330,53307.296875
6824,2863000,25360,53278.09375
6825,2863000,25390,53286.3125
6826,2863000,25420,53264.6875
6827,2863000,25450,53264.90625
6828,2863000,25480,52828.8125
6829,2863000,25510,53294.109375
6830,2863000,25540,53301.09375
6831,2863000,25570,53249.609375
6832,2863000,25600,53312.3125
6833,2863000,25630,53316.0
6834,2863000,25660,53284.6875
6835,2863000,25690,53288.28125
6836,2863000,25720,53343.59375
6837,2863000,25750,52812.0
6838,2863000,25780,53262.09375
6839,2863000,25810,53259.203125
6840,2863000,25840,53273.78125
6841,2863000,25870,53291.984375
6842,2863000,25900,53285.203125
6843,2863000,25930,53270.296875
6844,2863000,25960,53278.8125
6845,2863000,25990,53271.515625
6846,2863000,26020,53265.71875
6847,2863000,26050,53243.28125
6848,2863000,26080,53272.78125
6849,2863000,26110,52838.21875
6850,2863000,26140,53366.203125
6851,2863000,26170,53266.1875
6852,2863000,26200,53298.703125
6853,2863000,26230,53276.1875
6854,2863000,26260,53315.890625
6855,2863000,26290,53266.71875
6856,2863000,26320,53232.796875
6857,2863000,26350,53302.28125
6858,2863000,26380,53284.890625
6859,2863000,26410,53210.90625
6860,2863000,26440,53335.40625
6861,2863000,26470,52863.1875
6862,2863000,26500,53319.3125
6863,2863000,26530,53312.09375
6864,2863000,26560,53220.90625
6865,2863000,26590,53274.484375
6866,2863000,26620,53223.09375
6867,2863000,26650,53278.703125
6868,2863000,26680,52831.796875
6869,2863000,26710,53355.5
6870,2863000,26740,53309.09375
6871,2863000,26770,53335.0
6872,2863000,26800,53309.8125
6873,2863000,26830,53289.890625
6874,2863000,26860,53289.390625
6875,2863000,26890,53271.59375
6876,2863000,26920,53268.40625
6877,2863000,26950,53331.609375
6878,2863000,26980,53294.609375
6879,2863000,27010,53281.484375
6880,2863000,27040,52795.203125
6881,2863000,27070,53255.90625
6882,2863000,27100,53288.09375
6883,2863000,27130,53285.40625
6884,2863000,27160,53270.796875
6885,2863000,27190,53250.390625
6886,2863000,27220,53269.78125
6887,2863000,27250,53293.0
6888,2863000,27280,53198.703125
6889,2863000,27310,53321.890625
6890,2863000,27340,53324.515625
6891,2863000,27370,52844.203125
6892,2863000,27400,53334.8125
6893,2863000,27430,53304.28125
6894,2863000,27460,53272.5
6895,2863000,27490,53300.984375
6896,2863000,27520,53285.40625
6897,2863000,27550,53312.6875
6898,2863000,27580,53300.09375
6899,2863000,27610,53324.90625
6900,2863000,27640,53303.203125
6901,2863000,27670,53309.296875
6902,2863000,27700,52839.703125
6903,2863000,27730,53262.1875
6904,2863000,27760,53315.6875
6905,2863000,27790,53335.703125
6906,2863000,27820,53316.09375
6907,2863000,27850,53351.90625
6908,2863000,27880,53332.390625
6909,2863000,27910,53314.59375
6910,2863000,27940,53282.296875
6911,2863000,27970,52859.203125
6912,2863000,28000,53304.109375
6913,2863000,28030,53300.484375
6914,2863000,28060,53334.796875
6915,2863000,28090,53303.515625
6916,2863000,28120,53305.5
6917,2863000,28150,53305.5
6918,2863000,28180,53321.09375
6919,2863000,28210,53339.90625
6920,2863000,28240,53311.796875
6921,2863000,28270,53293.28125
6922,2863000,28300,52858.59375
6923,2863000,28330,53317.984375
6924,2863000,28360,53269.984375
6925,2863000,28390,53335.703125
6926,2863000,28420,53307.28125
6927,2863000,28450,53347.40625
6928,2863000,28480,53302.796875
6929,2863000,28510,53277.5
6930,2863000,28540,53260.8125
6931,2863000,28570,53313.796875
6932,2863000,28600,52855.09375
6933,2863000,28630,53292.09375
6934,2863000,28660,53315.40625
6935,2863000,28690,53305.5
6936,2863000,28720,53270.8125
6937,2863000,28750,53321.0
6938,2863000,28780,53306.203125
6939,2863000,28810,53278.5
6940,2863000,28840,53299.390625
6941,2863000,28870,52831.90625
6942,2863000,28900,53373.609375
6943,2863000,28930,53323.0
6944,2863000,28960,53303.515625
6945,2863000,28990,53336.6875
6946,2863000,29020,53338.59375
6947,2863000,29050,53345.28125
6948,2863000,29080,53307.40625
6949,2863000,29110,53329.78125
6950,2863000,29140,53322.0
6951,2863000,29170,53297.5
6952,2863000,29200,53307.09375
6953,2863000,29230,52856.296875
6954,2863000,29260,53304.1875
6955,2863000,29290,53304.40625
6956,2863000,29320,53277.515625
6957,2863000,29350,53326.890625
6958,2863000,29380,53266.09375
6959,2863000,29410,53253.296875
6960,2863000,29440,53318.28125
6961,2863000,29470,53272.90625
6962,2863000,29500,52863.703125
6963,2863000,29530,53296.90625
6964,2863000,29560,53335.59375
6965,2863000,29590,53298.390625
6966,2863000,29620,53297.09375
6967,2863000,29650,53286.90625
6968,2863000,29680,53291.890625
6969,2863000,29710,53313.703125
6970,2863000,29740,53277.09375
6971,2863000,29770,53280.796875
6972,2863000,29800,53328.296875
6973,2863000,29830,53323.71875
6974,2863000,29860,52843.984375
6975,2863000,29890,53356.5
6976,2863000,29920,53328.21875
6977,2863000,29950,53299.984375
6978,2863000,29980,53318.796875
6979,2863500,100,12254.5
6980,2863500,130,58958.703125
6981,2863500,160,58531.3125
6982,2863500,190,56136.8125
6983,2863500,220,48799.109375
6984,2863500,250,52557.703125
6985,2863500,280,55747.109375
6986,2863500,310,56643.796875
6987,2863500,340,53017.609375
6988,2863500,370,46149.40625
6989,2863500,400,48755.3125
6990,2863500,430,53270.6875
6991,2863500,460,53822.515625
6992,2863500,490,53572.0
6993,2863500,520,51823.109375
6994,2863500,550,51467.40625
6995,2863500,580,53764.296875
6996,2863500,610,54076.890625
6997,2863500,640,51645.203125
6998,2863500,670,48098.796875
6999,2863500,700,48183.109375
7000,2863500,730,51817.3125
7001,2863500,760,54652.40625
7002,2863500,790,55490.015625
7003,2863500,820,53536.8125
7004,2863500,850,50506.1875
7005,2863500,880,50043.1875
7006,2863500,910,52410.5
7007,2863500,940,54031.203125
7008,2863500,970,53446.8125
7009,2863500,1000,51230.90625
7010,2863500,1030,49549.0
7011,2863500,1060,49715.890625
7012,2863500,1090,51692.390625
7013,2863500,1120,53379.390625
7014,2863500,1150,53791.984375
7015,2863500,1180,53068.8125
7016,2863500,1210,52488.40625
7017,2863500,1240,52065.1875
7018,2863500,1270,51643.0
7019,2863500,1300,51955.796875
7020,2863500,1330,51745.59375
7021,2863500,1360,52048.796875
7022,2863500,1390,52624.296875
7023,2863500,1420,52717.90625
7024,2863500,1450,52724.28125
7025,2863500,1480,52248.5
7026,2863500,1510,51730.390625
7027,2863500,1540,52197.890625
7028,2863500,1570,52749.09375
7029,2863500,1600,52812.21875
7030,2863500,1630,52037.1875
7031,2863500,1660,51757.59375
7032,2863500,1690,51377.109375
7033,2863500,1720,51661.5
7034,2863500,1750,52129.6875
7035,2863500,1780,52746.90625
7036,2863500,1810,52966.5
7037,2863500,1840,52873.015625
7038,2863500,1870,52451.703125
7039,2863500,1900,51544.390625
7040,2863500,1930,51634.90625
7041,2863500,1960,51804.1875
7042,2863500,1990,52538.8125
7043,2863500,2020,52933.59375
7044,2863500,2050,52913.390625
7045,2863500,2080,52268.703125
7046,2863500,2110,51409.296875
7047,2863500,2140,51527.8125
7048,2863500,2170,52176.1875
7049,2863500,2200,52517.40625
7050,2863500,2230,53095.1875
7051,2863500,2260,52421.5
7052,2863500,2290,51657.609375
7053,2863500,2320,51721.984375
7054,2863500,2350,52499.5
7055,2863500,2380,52987.015625
7056,2863500,2410,52894.40625
7057,2863500,2440,52366.09375
7058,2863500,2470,51825.296875
7059,2863500,2500,51917.109375
7060,2863500,2530,52348.484375
7061,2863500,2560,52112.09375
7062,2863500,2590,52346.09375
7063,2863500,2620,52095.28125
7064,2863500,2650,52353.890625
7065,2863500,2680,52775.890625
7066,2863500,2710,53070.5
7067,2863500,2740,52636.40625
7068,2863500,2770,51854.609375
7069,2863500,2800,51538.6875
7070,2863500,2830,51543.40625
7071,2863500,2860,52665.40625
7072,2863500,2890,53003.90625
7073,2863500,2920,52497.390625
7074,2863500,2950,51859.109375
7075,2863500,2980,51976.015625
7076,2863500,3010,52637.484375
7077,2863500,3040,53136.3125
7078,2863500,3070,53063.203125
7079,2863500,3100,52382.09375
7080,2863500,3130,51471.59375
7081,2863500,3160,51430.703125
7082,2863500,3190,51802.59375
7083,2863500,3220,52765.890625
7084,2863500,3250,52799.609375
7085,2863500,3280,52385.0
7086,2863500,3310,52232.1875
7087,2863500,3340,52530.6875
7088,2863500,3370,52848.203125
7089,2863500,3400,52942.40625
7090,2863500,3430,52416.8125
7091,2863500,3460,51433.796875
7092,2863500,3490,51930.1875
7093,2863500,3520,52138.09375
7094,2863500,3550,52512.90625
7095,2863500,3580,52572.984375
7096,2863500,3610,52373.0
7097,2863500,3640,52369.21875
7098,2863500,3670,52618.109375
7099,2863500,3700,52864.09375
7100,2863500,3730,52862.0
7101,2863500,3760,52439.6875
7102,2863500,3790,51861.109375
7103,2863500,3820,51427.90625
7104,2863500,3850,52257.90625
7105,2863500,3880,52505.59375
7106,2863500,3910,52667.296875
7107,2863500,3940,52443.015625
7108,2863500,3970,52373.8125
7109,2863500,4000,52568.0
7110,2863500,4030,52846.015625
7111,2863500,4060,52883.5
7112,2863500,4090,52524.796875
7113,2863500,4120,51736.09375
7114,2863500,4150,51927.609375
7115,2863500,4180,52094.984375
7116,2863500,4210,52363.59375
7117,2863500,4240,52638.0
7118,2863500,4270,52681.40625
7119,2863500,4300,52578.09375
7120,2863500,4330,52556.09375
7121,2863500,4360,52629.40625
7122,2863500,4390,52142.5
7123,2863500,4420,52424.90625
7124,2863500,4450,52340.59375
7125,2863500,4480,52312.484375
7126,2863500,4510,52368.09375
7127,2863500,4540,52416.59375
7128,2863500,4570,52464.40625
7129,2863500,4600,52467.40625
7130,2863500,4630,52540.0
7131,2863500,4660,52655.796875
7132,2863500,4690,52821.796875
7133,2863500,4720,52686.0
7134,2863500,4750,52067.28125
7135,2863500,4780,52223.40625
7136,2863500,4810,52176.796875
7137,2863500,4840,52315.5
7138,2863500,4870,52629.796875
7139,2863500,4900,52727.203125
7140,2863500,4930,52714.609375
7141,2863500,4960,52591.890625
7142,2863500,4990,52468.890625
7143,2863500,5020,52027.40625
7144,2863500,5050,52575.015625
7145,2863500,5080,52662.90625
7146,2863500,5110,52594.6875
7147,2863500,5140,52518.8125
7148,2863500,5170,52365.5
7149,2863500,5200,52327.59375
7150,2863500,5230,52513.796875
7151,2863500,5260,52644.09375
7152,2863500,5290,52733.40625
7153,2863500,5320,52781.09375
7154,2863500,5350,52678.21875
7155,2863500,5380,52059.296875
7156,2863500,5410,52405.015625
7157,2863500,5440,52414.5
7158,2863500,5470,52501.5
7159,2863500,5500,52591.21875
7160,2863500,5530,52661.109375
7161,2863500,5560,52751.203125
7162,2863500,5590,52630.90625
7163,2863500,5620,52572.5
7164,2863500,5650,52043.1875
7165,2863500,5680,52481.296875
7166,2863500,5710,52537.3125
7167,2863500,5740,52670.5
7168,2863500,5770,52669.21875
7169,2863500,5800,52601.5
7170,2863500,5830,52405.484375
7171,2863500,5860,52328.09375
7172,2863500,5890,52519.796875
7173,2863500,5920,52740.09375
7174,2863500,5950,52848.90625
7175,2863500,5980,52719.0
7176,2863500,6010,52060.5
7177,2863500,6040,52265.015625
7178,2863500,6070,52406.3125
7179,2863500,6100,52606.6875
7180,2863500,6130,52832.015625
7181,2863500,6160,52742.40625
7182,2863500,6190,52613.703125
7183,2863500,6220,52570.59375
7184,2863500,6250,52570.3125
7185,2863500,6280,52182.6875
7186,2863500,6310,52674.78125
7187,2863500,6340,52621.1875
7188,2863500,6370,52546.984375
7189,2863500,6400,52522.0
7190,2863500,6430,52605.1875
7191,2863500,6460,52633.1875
7192,2863500,6490,52550.40625
7193,2863500,6520,52547.984375
7194,2863500,6550,52563.296875
7195,2863500,6580,52314.109375
7196,2863500,6610,52834.40625
7197,2863500,6640,52745.90625
7198,2863500,6670,52549.703125
7199,2863500,6700,52316.6875
7200,2863500,6730,52430.6875
7201,2863500,6760,52679.484375
7202,2863500,6790,52928.015625
7203,2863500,6820,52806.09375
7204,2863500,6850,52604.703125
7205,2863500,6880,52426.109375
7206,2863500,6910,52477.40625
7207,2863500,6940,52219.8125
7208,2863500,6970,52793.796875
7209,2863500,7000,52769.890625
7210,2863500,7030,52548.890625
7211,2863500,7060,52442.21875
7212,2863500,7090,52568.0
7213,2863500,7120,52623.90625
7214,2863500,7150,52788.890625
7215,2863500,7180,52749.1875
7216,2863500,7210,52186.609375
7217,2863500,7240,52648.6875
7218,2863500,7270,52655.296875
7219,2863500,7300,52652.71875
7220,2863500,7330,52611.609375
7221,2863500,7360,52575.984375
7222,2863500,7390,52526.09375
7223,2863500,7420,52727.890625
7224,2863500,7450,52878.296875
7225,2863500,7480,52820.90625
7226,2863500,7510,52659.6875
7227,2863500,7540,52544.09375
7228,2863500,7570,52172.796875
7229,2863500,7600,52708.71875
7230,2863500,7630,52855.109375
7231,2863500,7660,52786.296875
7232,2863500,7690,52597.015625
7233,2863500,7720,52523.609375
7234,2863500,7750,52552.609375
7235,2863500,7780,52696.59375
7236,2863500,7810,52844.6875
7237,2863500,7840,52421.3125
7238,2863500,7870,52724.390625
7239,2863500,7900,52609.6875
7240,2863500,7930,52558.28125
7241,2863500,7960,52641.109375
7242,2863500,7990,52696.609375
7243,2863500,8020,52714.59375
7244,2863500,8050,52717.390625
7245,2863500,8080,52738.390625
7246,2863500,8110,52710.796875
7247,2863500,8140,52262.3125
7248,2863500,8170,52666.78125
7249,2863500,8200,52725.1875
7250,2863500,8230,52723.703125
7251,2863500,8260,52729.90625
7252,2863500,8290,52681.890625
7253,2863500,8320,52641.296875
7254,2863500,8350,52699.703125
7255,2863500,8380,52622.71875
7256,2863500,8410,52695.5
7257,2863500,8440,52763.09375
7258,2863500,8470,52400.296875
7259,2863500,8500,52761.09375
7260,2863500,8530,52754.90625
7261,2863500,8560,52699.59375
7262,2863500,8590,52607.40625
7263,2863500,8620,52617.09375
7264,2863500,8650,52754.0
7265,2863500,8680,52742.796875
7266,2863500,8710,52811.09375
7267,2863500,8740,52778.0
7268,2863500,8770,52698.109375
7269,2863500,8800,52676.40625
7270,2863500,8830,52228.40625
7271,2863500,8860,52752.109375
7272,2863500,8890,52774.5
7273,2863500,8920,52774.515625
7274,2863500,8950,52654.015625
7275,2863500,8980,52618.015625
7276,2863500,9010,52651.5
7277,2863500,9040,52740.5
7278,2863500,9070,52882.21875
7279,2863500,9100,52361.6875
7280,2863500,9130,52670.5
7281,2863500,9160,52722.3125
7282,2863500,9190,52728.90625
7283,2863500,9220,52767.015625
7284,2863500,9250,52735.09375
7285,2863500,9280,52731.890625
7286,2863500,9310,52700.484375
7287,2863500,9340,52731.5
7288,2863500,9370,52775.78125
7289,2863500,9400,52388.8125
7290,2863500,9430,52811.59375
7291,2863500,9460,52714.6875
7292,2863500,9490,52630.09375
7293,2863500,9520,52734.296875
7294,2863500,9550,52801.59375
7295,2863500,9580,52827.390625
7296,2863500,9610,52776.09375
7297,2863500,9640,52638.59375
7298,2863500,9670,52715.28125
7299,2863500,9700,52801.796875
7300,2863500,9730,52911.5
7301,2863500,9760,52448.8125
7302,2863500,9790,52746.5
7303,2863500,9820,52754.609375
7304,2863500,9850,52728.6875
7305,2863500,9880,52792.484375
7306,2863500,9910,52792.890625
7307,2863500,9940,52809.90625
7308,2863500,9970,52707.703125
7309,2863500,10000,52670.5
7310,2863500,10030,52406.296875
7311,2863500,10060,52879.390625
7312,2863500,10090,52867.09375
7313,2863500,10120,52827.90625
7314,2863500,10150,52711.015625
7315,2863500,10180,52697.484375
7316,2863500,10210,52747.3125
7317,2863500,10240,52876.40625
7318,2863500,10270,52809.90625
7319,2863500,10300,52805.59375
7320,2863500,10330,52766.0
7321,2863500,10360,52809.1875
7322,2863500,10390,52511.78125
7323,2863500,10420,52864.484375
7324,2863500,10450,52841.6875
7325,2863500,10480,52747.796875
7326,2863500,10510,52782.90625
7327,2863500,10540,52808.1875
7328,2863500,10570,52864.90625
7329,2863500,10600,52824.0
7330,2863500,10630,52763.0
7331,2863500,10660,52307.796875
7332,2863500,10690,52789.59375
7333,2863500,10720,52846.0
7334,2863500,10750,52924.59375
7335,2863500,10780,52847.296875
7336,2863500,10810,52768.8125
7337,2863500,10840,52734.203125
7338,2863500,10870,52857.8125
7339,2863500,10900,52876.40625
7340,2863500,10930,52806.09375
7341,2863500,10960,52451.390625
7342,2863500,10990,52816.109375
7343,2863500,11020,52818.6875
7344,2863500,11050,52818.09375
7345,2863500,11080,52810.515625
7346,2863500,11110,52837.703125
7347,2863500,11140,52835.78125
7348,2863500,11170,52880.0
7349,2863500,11200,52861.71875
7350,2863500,11230,52792.6875
7351,2863500,11260,52802.8125
7352,2863500,11290,52861.609375
7353,2863500,11320,52848.609375
7354,2863500,11350,52401.3125
7355,2863500,11380,52785.8125
7356,2863500,11410,52822.6875
7357,2863500,11440,52787.109375
7358,2863500,11470,52813.390625
7359,2863500,11500,52801.90625
7360,2863500,11530,52841.21875
7361,2863500,11560,52878.90625
7362,2863500,11590,52449.390625
7363,2863500,11620,52872.015625
7364,2863500,11650,52851.3125
7365,2863500,11680,52808.1875
7366,2863500,11710,52845.5
7367,2863500,11740,52917.296875
7368,2863500,11770,52801.40625
7369,2863500,11800,52864.515625
7370,2863500,11830,52795.6875
7371,2863500,11860,52816.0
7372,2863500,11890,52853.515625
7373,2863500,11920,52872.8125
7374,2863500,11950,52376.703125
7375,2863500,11980,52902.40625
7376,2863500,12010,52862.109375
7377,2863500,12040,52827.21875
7378,2863500,12070,52811.515625
7379,2863500,12100,52892.90625
7380,2863500,12130,52851.0
7381,2863500,12160,52828.71875
7382,2863500,12190,52846.90625
7383,2863500,12220,52403.390625
7384,2863500,12250,52824.6875
7385,2863500,12280,52829.6875
7386,2863500,12310,52869.484375
7387,2863500,12340,52905.109375
7388,2863500,12370,52882.59375
7389,2863500,12400,52841.78125
7390,2863500,12430,52816.59375
7391,2863500,12460,52869.90625
7392,2863500,12490,52824.0
7393,2863500,12520,52902.390625
7394,2863500,12550,52883.90625
7395,2863500,12580,52399.3125
7396,2863500,12610,52805.796875
7397,2863500,12640,52827.609375
7398,2863500,12670,52873.21875
7399,2863500,12700,52863.390625
7400,2863500,12730,52816.6875
7401,2863500,12760,52882.890625
7402,2863500,12790,52935.40625
7403,2863500,12820,52915.203125
7404,2863500,12850,52470.5
7405,2863500,12880,52890.109375
7406,2863500,12910,52823.890625
7407,2863500,12940,52861.296875
7408,2863500,12970,52838.40625
7409,2863500,13000,52863.8125
7410,2863500,13030,52893.28125
7411,2863500,13060,52855.109375
7412,2863500,13090,52866.90625
7413,2863500,13120,52880.09375
7414,2863500,13150,52868.1875
7415,2863500,13180,52891.296875
7416,2863500,13210,52435.484375
7417,2863500,13240,52816.203125
7418,2863500,13270,52872.109375
7419,2863500,13300,52835.796875
7420,2863500,13330,52856.59375
7421,2863500,13360,52866.203125
7422,2863500,13390,52889.3125
7423,2863500,13420,52885.890625
7424,2863500,13450,52878.6875
7425,2863500,13480,52901.09375
7426,2863500,13510,52424.109375
7427,2863500,13540,52843.59375
7428,2863500,13570,52948.8125
7429,2863500,13600,52916.40625
7430,2863500,13630,52859.09375
7431,2863500,13660,52907.40625
7432,2863500,13690,52875.90625
7433,2863500,13720,52916.40625
7434,2863500,13750,52940.0
7435,2863500,13780,52478.703125
7436,2863500,13810,52942.5
7437,2863500,13840,52886.609375
7438,2863500,13870,52933.390625
7439,2863500,13900,52850.703125
7440,2863500,13930,52931.203125
7441,2863500,13960,52954.0
7442,2863500,13990,52947.796875
7443,2863500,14020,52959.59375
7444,2863500,14050,52925.5
7445,2863500,14080,52949.5
7446,2863500,14110,52907.71875
7447,2863500,14140,52495.203125
7448,2863500,14170,52934.390625
7449,2863500,14200,52883.890625
7450,2863500,14230,52885.40625
7451,2863500,14260,52940.203125
7452,2863500,14290,52939.40625
7453,2863500,14320,52873.40625
7454,2863500,14350,52880.09375
7455,2863500,14380,52897.390625
7456,2863500,14410,52501.09375
7457,2863500,14440,52878.90625
7458,2863500,14470,52900.0
7459,2863500,14500,52920.703125
7460,2863500,14530,52861.59375
7461,2863500,14560,52892.09375
7462,2863500,14590,52866.5
7463,2863500,14620,52953.71875
7464,2863500,14650,52905.90625
7465,2863500,14680,52953.203125
7466,2863500,14710,52925.1875
7467,2863500,14740,52942.0
7468,2863500,14770,52493.609375
7469,2863500,14800,52897.390625
7470,2863500,14830,52916.796875
7471,2863500,14860,52878.5
7472,2863500,14890,52954.40625
7473,2863500,14920,52891.8125
7474,2863500,14950,52962.296875
7475,2863500,14980,52955.71875
7476,2863500,15010,52887.5
7477,2863500,15040,52479.1875
7478,2863500,15070,52922.609375
7479,2863500,15100,52993.09375
7480,2863500,15130,52936.78125
7481,2863500,15160,52914.609375
7482,2863500,15190,52942.8125
7483,2863500,15220,52922.09375
7484,2863500,15250,52951.609375
7485,2863500,15280,52923.890625
7486,2863500,15310,52924.0
7487,2863500,15340,52951.78125
7488,2863500,15370,52965.09375
7489,2863500,15400,52516.8125
7490,2863500,15430,52942.8125
7491,2863500,15460,52916.09375
7492,2863500,15490,52932.484375
7493,2863500,15520,52905.40625
7494,2863500,15550,52940.59375
7495,2863500,15580,52907.8125
7496,2863500,15610,52958.28125
7497,2863500,15640,52943.890625
7498,2863500,15670,52979.0
7499,2863500,15700,52535.40625
7500,2863500,15730,52904.90625
7501,2863500,15760,52906.109375
7502,2863500,15790,52886.890625
7503,2863500,15820,52890.78125
7504,2863500,15850,53001.28125
7505,2863500,15880,52881.59375
7506,2863500,15910,52912.3125
7507,2863500,15940,52916.21875
7508,2863500,15970,52560.796875
7509,2863500,16000,52913.6875
7510,2863500,16030,52965.09375
7511,2863500,16060,52970.09375
7512,2863500,16090,52899.21875
7513,2863500,16120,52937.40625
7514,2863500,16150,52913.296875
7515,2863500,16180,52925.59375
7516,2863500,16210,52953.1875
7517,2863500,16240,52946.09375
7518,2863500,16270,52987.703125
7519,2863500,16300,52942.390625
7520,2863500,16330,52554.515625
7521,2863500,16360,52919.703125
7522,2863500,16390,52984.796875
7523,2863500,16420,52934.5
7524,2863500,16450,52941.890625
7525,2863500,16480,52940.0
7526,2863500,16510,52934.8125
7527,2863500,16540,52984.90625
7528,2863500,16570,52961.90625
7529,2863500,16600,52565.6875
7530,2863500,16630,52937.28125
7531,2863500,16660,52971.515625
7532,2863500,16690,52926.203125
7533,2863500,16720,53003.8125
7534,2863500,16750,52946.515625
7535,2863500,16780,52971.6875
7536,2863500,16810,52936.59375
7537,2863500,16840,52999.0
7538,2863500,16870,52972.203125
7539,2863500,16900,52972.3125
7540,2863500,16930,52960.5
7541,2863500,16960,52510.1875
7542,2863500,16990,52920.09375
7543,2863500,17020,52975.984375
7544,2863500,17050,52965.390625
7545,2863500,17080,52969.984375
7546,2863500,17110,52979.203125
7547,2863500,17140,53024.6875
7548,2863500,17170,52945.015625
7549,2863500,17200,52940.984375
7550,2863500,17230,52557.59375
7551,2863500,17260,53016.21875
7552,2863500,17290,52989.09375
7553,2863500,17320,52996.609375
7554,2863500,17350,52930.6875
7555,2863500,17380,52917.40625
7556,2863500,17410,52916.5
7557,2863500,17440,52898.3125
7558,2863500,17470,52949.703125
7559,2863500,17500,52955.90625
7560,2863500,17530,53001.78125
7561,2863500,17560,52990.1875
7562,2863500,17590,52576.8125
7563,2863500,17620,52933.1875
7564,2863500,17650,52970.796875
7565,2863500,17680,53006.40625
7566,2863500,17710,52933.90625
7567,2863500,17740,52946.40625
7568,2863500,17770,52989.90625
7569,2863500,17800,52970.390625
7570,2863500,17830,53065.015625
7571,2863500,17860,52985.296875
7572,2863500,17890,52507.09375
7573,2863500,17920,53015.0
7574,2863500,17950,52981.8125
7575,2863500,17980,52964.109375
7576,2863500,18010,52963.015625
7577,2863500,18040,52973.890625
7578,2863500,18070,53002.90625
7579,2863500,18100,52903.703125
7580,2863500,18130,52932.890625
7581,2863500,18160,52526.609375
7582,2863500,18190,52988.78125
7583,2863500,18220,52988.796875
7584,2863500,18250,52999.0
7585,2863500,18280,52985.796875
7586,2863500,18310,52964.109375
7587,2863500,18340,53026.0
7588,2863500,18370,52878.09375
7589,2863500,18400,53031.703125
7590,2863500,18430,52899.015625
7591,2863500,18460,52949.5
7592,2863500,18490,52910.1875
7593,2863500,18520,52978.109375
7594,2863500,18550,52533.90625
7595,2863500,18580,52964.984375
7596,2863500,18610,52891.59375
7597,2863500,18640,52941.28125
7598,2863500,18670,52987.390625
7599,2863500,18700,52944.890625
7600,2863500,18730,52963.5
7601,2863500,18760,52975.1875
7602,2863500,18790,52560.109375
7603,2863500,18820,53001.0
7604,2863500,18850,52970.484375
7605,2863500,18880,53015.203125
7606,2863500,18910,52974.5
7607,2863500,18940,53026.59375
7608,2863500,18970,52995.0
7609,2863500,19000,52934.609375
7610,2863500,19030,52964.6875
7611,2863500,19060,52987.390625
7612,2863500,19090,52989.1875
7613,2863500,19120,52531.90625
7614,2863500,19150,52975.40625
7615,2863500,19180,53015.703125
7616,2863500,19210,53022.8125
7617,2863500,19240,53015.984375
7618,2863500,19270,52997.5
7619,2863500,19300,52950.890625
7620,2863500,19330,53014.5
7621,2863500,19360,52995.0
7622,2863500,19390,52973.703125
7623,2863500,19420,52556.8125
7624,2863500,19450,52956.5
7625,2863500,19480,53047.40625
7626,2863500,19510,52953.703125
7627,2863500,19540,52971.8125
7628,2863500,19570,52999.78125
7629,2863500,19600,52988.890625
7630,2863500,19630,53001.609375
7631,2863500,19660,53047.21875
7632,2863500,19690,52966.0
7633,2863500,19720,53027.1875
7634,2863500,19750,53010.8125
7635,2863500,19780,52520.28125
7636,2863500,19810,52994.0
7637,2863500,19840,52975.703125
7638,2863500,19870,52999.390625
7639,2863500,19900,52945.796875
7640,2863500,19930,52980.5
7641,2863500,19960,52929.296875
7642,2863500,19990,53024.484375
7643,2863500,20020,52984.5
7644,2863500,20050,52562.8125
7645,2863500,20080,53003.890625
7646,2863500,20110,52952.0
7647,2863500,20140,52996.6875
7648,2863500,20170,52987.515625
7649,2863500,20200,52947.796875
7650,2863500,20230,52954.296875
7651,2863500,20260,53036.59375
7652,2863500,20290,52994.0
7653,2863500,20320,53030.40625
7654,2863500,20350,52572.3125
7655,2863500,20380,52973.1875
7656,2863500,20410,53041.90625
7657,2863500,20440,52992.09375
7658,2863500,20470,53024.8125
7659,2863500,20500,52952.90625
7660,2863500,20530,52986.484375
7661,2863500,20560,52992.40625
7662,2863500,20590,52994.09375
7663,2863500,20620,52982.015625
7664,2863500,20650,52978.09375
7665,2863500,20680,52979.59375
7666,2863500,20710,52562.40625
7667,2863500,20740,53006.1875
7668,2863500,20770,53053.59375
7669,2863500,20800,52988.90625
7670,2863500,20830,52985.890625
7671,2863500,20860,52986.015625
7672,2863500,20890,52977.1875
7673,2863500,20920,53011.109375
7674,2863500,20950,52998.390625
7675,2863500,20980,52533.0
7676,2863500,21010,52988.609375
7677,2863500,21040,52997.90625
7678,2863500,21070,52996.296875
7679,2863500,21100,53032.40625
7680,2863500,21130,52967.296875
7681,2863500,21160,53034.015625
7682,2863500,21190,53016.8125
7683,2863500,21220,53032.5
7684,2863500,21250,52968.109375
7685,2863500,21280,53018.71875
7686,2863500,21310,53049.0
7687,2863500,21340,52574.09375
7688,2863500,21370,53042.09375
7689,2863500,21400,53020.40625
7690,2863500,21430,52985.21875
7691,2863500,21460,52993.3125
7692,2863500,21490,52991.609375
7693,2863500,21520,52999.203125
7694,2863500,21550,52996.90625
7695,2863500,21580,53034.203125
7696,2863500,21610,52581.203125
7697,2863500,21640,53052.3125
7698,2863500,21670,52999.3125
7699,2863500,21700,52974.90625
7700,2863500,21730,53065.09375
7701,2863500,21760,53038.203125
7702,2863500,21790,53012.609375
7703,2863500,21820,53018.203125
7704,2863500,21850,53016.015625
7705,2863500,21880,53025.609375
7706,2863500,21910,52979.40625
7707,2863500,21940,53023.484375
7708,2863500,21970,52534.28125
7709,2863500,22000,52987.59375
7710,2863500,22030,53061.203125
7711,2863500,22060,53066.703125
7712,2863500,22090,53028.203125
7713,2863500,22120,53042.28125
7714,2863500,22150,52990.0
7715,2863500,22180,53002.890625
7716,2863500,22210,53012.0
7717,2863500,22240,52572.78125
7718,2863500,22270,53000.984375
7719,2863500,22300,53036.40625
7720,2863500,22330,53022.5
7721,2863500,22360,52982.71875
7722,2863500,22390,53033.484375
7723,2863500,22420,52943.484375
7724,2863500,22450,52934.203125
7725,2863500,22480,53011.296875
7726,2863500,22510,53005.09375
7727,2863500,22540,52585.8125
7728,2863500,22570,52944.3125
7729,2863500,22600,52995.109375
7730,2863500,22630,53044.609375
7731,2863500,22660,52977.015625
7732,2863500,22690,52982.90625
7733,2863500,22720,52981.6875
7734,2863500,22750,53004.59375
7735,2863500,22780,53036.5
7736,2863500,22810,53027.296875
7737,2863500,22840,52983.3125
7738,2863500,22870,52619.515625
7739,2863500,22900,53028.6875
7740,2863500,22930,52977.703125
7741,2863500,22960,53051.296875
7742,2863500,22990,53009.40625
7743,2863500,23020,53009.28125
7744,2863500,23050,53022.390625
7745,2863500,23080,53057.703125
7746,2863500,23110,52972.296875
7747,2863500,23140,52949.90625
7748,2863500,23170,52575.296875
7749,2863500,23200,53022.90625
7750,2863500,23230,53000.609375
7751,2863500,23260,53027.890625
7752,2863500,23290,53029.0
7753,2863500,23320,52990.09375
7754,2863500,23350,53034.6875
7755,2863500,23380,53007.984375
7756,2863500,23410,53073.1875
7757,2863500,23440,52993.515625
7758,2863500,23470,52991.515625
7759,2863500,23500,53083.59375
7760,2863500,23530,52606.5
7761,2863500,23560,52946.59375
7762,2863500,23590,52935.890625
7763,2863500,23620,53006.78125
7764,2863500,23650,53013.390625
7765,2863500,23680,53016.609375
7766,2863500,23710,52956.3125
7767,2863500,23740,53062.28125
7768,2863500,23770,53010.09375
7769,2863500,23800,52593.203125
7770,2863500,23830,53069.28125
7771,2863500,23860,52991.3125
7772,2863500,23890,53022.40625
7773,2863500,23920,52936.6875
7774,2863500,23950,53021.6875
7775,2863500,23980,52988.5
7776,2863500,24010,53022.8125
7777,2863500,24040,52995.5
7778,2863500,24070,53059.90625
7779,2863500,24100,53091.6875
7780,2863500,24130,52992.90625
7781,2863500,24160,52605.28125
7782,2863500,24190,53009.5
7783,2863500,24220,53033.109375
7784,2863500,24250,52987.1875
7785,2863500,24280,53044.890625
7786,2863500,24310,53062.3125
7787,2863500,24340,53042.6875
7788,2863500,24370,53030.015625
7789,2863500,24400,53022.59375
7790,2863500,24430,52622.484375
7791,2863500,24460,52987.609375
7792,2863500,24490,53035.203125
7793,2863500,24520,53026.3125
7794,2863500,24550,52986.90625
7795,2863500,24580,52963.609375
7796,2863500,24610,53063.390625
7797,2863500,24640,53024.6875
7798,2863500,24670,53057.703125
7799,2863500,24700,53049.015625
7800,2863500,24730,52984.015625
7801,2863500,24760,53004.515625
7802,2863500,24790,52539.09375
7803,2863500,24820,52984.109375
7804,2863500,24850,52976.28125
7805,2863500,24880,53043.703125
7806,2863500,24910,53033.296875
7807,2863500,24940,52987.09375
7808,2863500,24970,53019.890625
7809,2863500,25000,52998.5
7810,2863500,25030,52986.3125
7811,2863500,25060,53018.703125
7812,2863500,25090,53005.40625
7813,2863500,25120,52581.515625
7814,2863500,25150,52963.8125
7815,2863500,25180,53039.296875
7816,2863500,25210,53002.5
7817,2863500,25240,53028.1875
7818,2863500,25270,53028.90625
7819,2863500,25300,53067.8125
7820,2863500,25330,52994.6875
7821,2863500,25360,52586.109375
7822,2863500,25390,53050.890625
7823,2863500,25420,53013.703125
7824,2863500,25450,53030.296875
7825,2863500,25480,52961.5
7826,2863500,25510,53031.3125
7827,2863500,25540,53018.796875
7828,2863500,25570,52983.09375
7829,2863500,25600,53048.203125
7830,2863500,25630,53082.59375
7831,2863500,25660,53024.3125
7832,2863500,25690,53000.390625
7833,2863500,25720,52592.3125
7834,2863500,25750,53055.1875
7835,2863500,25780,53076.796875
7836,2863500,25810,53050.59375
7837,2863500,25840,53032.40625
7838,2863500,25870,52924.6875
7839,2863500,25900,52986.90625
7840,2863500,25930,53058.0
7841,2863500,25960,53018.703125
7842,2863500,25990,52545.203125
7843,2863500,26020,53039.90625
7844,2863500,26050,53065.3125
7845,2863500,26080,53067.109375
7846,2863500,26110,52986.796875
7847,2863500,26140,53030.609375
7848,2863500,26170,53026.203125
7849,2863500,26200,53030.3125
7850,2863500,26230,53045.5
7851,2863500,26260,53066.109375
7852,2863500,26290,53040.09375
7853,2863500,26320,52972.484375
7854,2863500,26350,52590.1875
7855,2863500,26380,53054.59375
7856,2863500,26410,53027.6875
7857,2863500,26440,53038.90625
7858,2863500,26470,52997.90625
7859,2863500,26500,52970.8125
7860,2863500,26530,53076.796875
7861,2863500,26560,53047.8125
7862,2863500,26590,53012.09375
7863,2863500,26620,52597.21875
7864,2863500,26650,53061.28125
7865,2863500,26680,52988.09375
7866,2863500,26710,53033.5
7867,2863500,26740,53038.296875
7868,2863500,26770,53009.40625
7869,2863500,26800,52998.59375
7870,2863500,26830,53012.890625
7871,2863500,26860,53031.015625
7872,2863500,26890,52985.1875
7873,2863500,26920,52603.203125
7874,2863500,26950,53007.40625
7875,2863500,26980,53050.1875
7876,2863500,27010,52984.890625
7877,2863500,27040,52970.796875
7878,2863500,27070,53011.703125
7879,2863500,27100,53030.5
7880,2863500,27130,53019.90625
7881,2863500,27160,53028.015625
7882,2863500,27190,52949.59375
7883,2863500,27220,53054.890625
7884,2863500,27250,52996.890625
7885,2863500,27280,52549.3125
7886,2863500,27310,53010.8125
7887,2863500,27340,52985.015625
7888,2863500,27370,53006.0
7889,2863500,27400,53042.90625
7890,2863500,27430,53044.8125
7891,2863500,27460,53027.78125
7892,2863500,27490,53031.09375
7893,2863500,27520,53023.390625
7894,2863500,27550,52618.0
7895,2863500,27580,53031.203125
7896,2863500,27610,53020.796875
7897,2863500,27640,53022.203125
7898,2863500,27670,53024.6875
7899,2863500,27700,53086.6875
7900,2863500,27730,53032.59375
7901,2863500,27760,53014.0
7902,2863500,27790,53057.0
7903,2863500,27820,52951.296875
7904,2863500,27850,53067.203125
7905,2863500,27880,53040.59375
7906,2863500,27910,52621.3125
7907,2863500,27940,53052.59375
7908,2863500,27970,53040.609375
7909,2863500,28000,52923.90625
7910,2863500,28030,53068.1875
7911,2863500,28060,53019.59375
7912,2863500,28090,52965.09375
7913,2863500,28120,53019.703125
7914,2863500,28150,53001.015625
7915,2863500,28180,52577.8125
7916,2863500,28210,52990.21875
7917,2863500,28240,53025.390625
7918,2863500,28270,52992.1875
7919,2863500,28300,53004.59375
7920,2863500,28330,52998.59375
7921,2863500,28360,53023.6875
7922,2863500,28390,53023.703125
7923,2863500,28420,53027.484375
7924,2863500,28450,53012.515625
7925,2863500,28480,52972.59375
7926,2863500,28510,53019.390625
7927,2863500,28540,52552.40625
7928,2863500,28570,53049.296875
7929,2863500,28600,53017.71875
7930,2863500,28630,53007.40625
7931,2863500,28660,53020.5
7932,2863500,28690,53023.40625
7933,2863500,28720,53039.515625
7934,2863500,28750,53000.890625
7935,2863500,28780,53021.40625
7936,2863500,28810,52558.796875
7937,2863500,28840,53006.8125
7938,2863500,28870,52957.90625
7939,2863500,28900,53012.59375
7940,2863500,28930,53040.90625
7941,2863500,28960,52978.703125
7942,2863500,28990,52991.515625
7943,2863500,29020,52995.78125
7944,2863500,29050,52961.609375
7945,2863500,29080,53016.5
7946,2863500,29110,53014.3125
7947,2863500,29140,53029.390625
7948,2863500,29170,52599.703125
7949,2863500,29200,53007.796875
7950,2863500,29230,53029.3125
7951,2863500,29260,52996.609375
7952,2863500,29290,53008.09375
7953,2863500,29320,53072.5
7954,2863500,29350,53006.890625
7955,2863500,29380,53006.5
7956,2863500,29410,52970.6875
7957,2863500,29440,53064.21875
7958,2863500,29470,52569.703125
7959,2863500,29500,52998.0
7960,2863500,29530,53027.796875
7961,2863500,29560,53040.109375
7962,2863500,29590,53059.28125
7963,2863500,29620,53059.71875
7964,2863500,29650,53040.71875
7965,2863500,29680,53036.203125
7966,2863500,29710,53027.5
7967,2863500,29740,52536.59375
7968,2863500,29770,53020.109375
7969,2863500,29800,53018.296875
7970,2863500,29830,52989.40625
7971,2863500,29860,53038.59375
7972,2863500,29890,53068.203125
7973,2863500,29920,53042.59375
7974,2863500,29950,53029.609375
7975,2863500,29980,53015.5
7976,2864000,100,12116.6875
7977,2864000,130,57487.296875
7978,2864000,160,57516.109375
7979,2864000,190,55277.8125
7980,2864000,220,48033.21875
7981,2864000,250,51838.609375
7982,2864000,280,54936.40625
7983,2864000,310,55567.40625
7984,2864000,340,52439.3125
7985,2864000,370,45915.28125
7986,2864000,400,47805.40625
7987,2864000,430,52382.8125
7988,2864000,460,53003.5
7989,2864000,490,52921.28125
7990,2864000,520,51303.890625
7991,2864000,550,50954.78125
7992,2864000,580,53205.71875
7993,2864000,610,53263.09375
7994,2864000,640,51669.890625
7995,2864000,670,47315.21875
7996,2864000,700,46884.90625
7997,2864000,730,50502.0
7998,2864000,760,53549.890625
7999,2864000,790,54712.0
8000,2864000,820,53034.984375
8001,2864000,850,50007.28125
8002,2864000,880,49004.796875
8003,2864000,910,51780.296875
8004,2864000,940,53609.0
8005,2864000,970,53175.515625
8006,2864000,1000,51341.390625
8007,2864000,1030,48916.296875
8008,2864000,1060,48822.8125
8009,2864000,1090,50456.90625
8010,2864000,1120,52317.59375
8011,2864000,1150,52988.3125
8012,2864000,1180,52374.59375
8013,2864000,1210,51990.40625
8014,2864000,1240,51190.28125
8015,2864000,1270,51549.109375
8016,2864000,1300,51279.203125
8017,2864000,1330,50868.6875
8018,2864000,1360,51300.8125
8019,2864000,1390,51855.703125
8020,2864000,1420,52027.390625
8021,2864000,1450,51999.5
8022,2864000,1480,51537.296875
8023,2864000,1510,50647.5
8024,2864000,1540,51534.109375
8025,2864000,1570,52201.28125
8026,2864000,1600,52335.6875
8027,2864000,1630,51991.703125
8028,2864000,1660,51120.6875
8029,2864000,1690,50572.5
8030,2864000,1720,50828.609375
8031,2864000,1750,51175.21875
8032,2864000,1780,51755.40625
8033,2864000,1810,52260.390625
8034,2864000,1840,52195.8125
8035,2864000,1870,51539.890625
8036,2864000,1900,51433.796875
8037,2864000,1930,50896.703125
8038,2864000,1960,51006.109375
8039,2864000,1990,51815.5
8040,2864000,2020,52274.90625
8041,2864000,2050,52410.515625
8042,2864000,2080,51794.390625
8043,2864000,2110,50731.59375
8044,2864000,2140,50304.59375
8045,2864000,2170,51402.3125
8046,2864000,2200,52162.59375
8047,2864000,2230,52532.796875
8048,2864000,2260,51836.59375
8049,2864000,2290,50874.796875
8050,2864000,2320,50795.015625
8051,2864000,2350,51649.3125
8052,2864000,2380,52299.390625
8053,2864000,2410,52263.5
8054,2864000,2440,51422.515625
8055,2864000,2470,51307.8125
8056,2864000,2500,51261.890625
8057,2864000,2530,51630.8125
8058,2864000,2560,51946.40625
8059,2864000,2590,51488.90625
8060,2864000,2620,51204.3125
8061,2864000,2650,51472.71875
8062,2864000,2680,52142.703125
8063,2864000,2710,52504.109375
8064,2864000,2740,52185.203125
8065,2864000,2770,51334.5
8066,2864000,2800,50908.40625
8067,2864000,2830,50811.5
8068,2864000,2860,51943.59375
8069,2864000,2890,52309.90625
8070,2864000,2920,51820.296875
8071,2864000,2950,50898.8125
8072,2864000,2980,50969.59375
8073,2864000,3010,51785.40625
8074,2864000,3040,52500.0
8075,2864000,3070,52686.5
8076,2864000,3100,52011.78125
8077,2864000,3130,50631.28125
8078,2864000,3160,50888.6875
8079,2864000,3190,51376.0
8080,2864000,3220,51955.984375
8081,2864000,3250,51885.015625
8082,2864000,3280,51521.109375
8083,2864000,3310,51296.703125
8084,2864000,3340,51699.0
8085,2864000,3370,52249.59375
8086,2864000,3400,52516.484375
8087,2864000,3430,51644.296875
8088,2864000,3460,51494.015625
8089,2864000,3490,51280.515625
8090,2864000,3520,51467.703125
8091,2864000,3550,51691.90625
8092,2864000,3580,51761.59375
8093,2864000,3610,51419.6875
8094,2864000,3640,51352.390625
8095,2864000,3670,51796.71875
8096,2864000,3700,51750.890625
8097,2864000,3730,52441.484375
8098,2864000,3760,52228.59375
8099,2864000,3790,51564.90625
8100,2864000,3820,51334.109375
8101,2864000,3850,51499.09375
8102,2864000,3880,51741.5
8103,2864000,3910,51793.203125
8104,2864000,3940,51599.90625
8105,2864000,3970,51392.3125
8106,2864000,4000,51576.90625
8107,2864000,4030,52106.90625
8108,2864000,4060,51941.296875
8109,2864000,4090,52262.390625
8110,2864000,4120,51897.09375
8111,2864000,4150,51456.1875
8112,2864000,4180,51396.109375
8113,2864000,4210,51586.78125
8114,2864000,4240,51731.609375
8115,2864000,4270,51771.984375
8116,2864000,4300,51726.8125
8117,2864000,4330,51770.390625
8118,2864000,4360,51923.0
8119,2864000,4390,51620.796875
8120,2864000,4420,51980.3125
8121,2864000,4450,51887.6875
8122,2864000,4480,51799.09375
8123,2864000,4510,51754.796875
8124,2864000,4540,51731.0
8125,2864000,4570,51612.40625
8126,2864000,4600,51623.296875
8127,2864000,4630,51552.8125
8128,2864000,4660,51741.609375
8129,2864000,4690,51667.890625
8130,2864000,4720,52228.90625
8131,2864000,4750,52095.390625
8132,2864000,4780,51925.8125
8133,2864000,4810,51655.3125
8134,2864000,4840,51634.59375
8135,2864000,4870,51734.015625
8136,2864000,4900,51877.5
8137,2864000,4930,51905.984375
8138,2864000,4960,51810.484375
8139,2864000,4990,51387.390625
8140,2864000,5020,51733.90625
8141,2864000,5050,51959.890625
8142,2864000,5080,51983.40625
8143,2864000,5110,52122.90625
8144,2864000,5140,52051.59375
8145,2864000,5170,51870.21875
8146,2864000,5200,51724.8125
8147,2864000,5230,51683.296875
8148,2864000,5260,51355.296875
8149,2864000,5290,51921.0
8150,2864000,5320,52059.90625
8151,2864000,5350,52092.90625
8152,2864000,5380,52010.5
8153,2864000,5410,51865.90625
8154,2864000,5440,51842.40625
8155,2864000,5470,51836.5
8156,2864000,5500,51803.71875
8157,2864000,5530,51880.296875
8158,2864000,5560,51951.78125
8159,2864000,5590,51969.6875
8160,2864000,5620,51506.890625
8161,2864000,5650,51777.296875
8162,2864000,5680,51753.8125
8163,2864000,5710,51861.3125
8164,2864000,5740,52004.09375
8165,2864000,5770,52155.984375
8166,2864000,5800,52111.90625
8167,2864000,5830,51842.984375
8168,2864000,5860,51556.1875
8169,2864000,5890,51230.28125
8170,2864000,5920,51885.703125
8171,2864000,5950,52206.8125
8172,2864000,5980,52215.3125
8173,2864000,6010,52028.90625
8174,2864000,6040,51783.09375
8175,2864000,6070,51669.0
8176,2864000,6100,51842.0
8177,2864000,6130,52018.390625
8178,2864000,6160,52153.1875
8179,2864000,6190,51995.5
8180,2864000,6220,51837.296875
8181,2864000,6250,51383.796875
8182,2864000,6280,51947.09375
8183,2864000,6310,52094.40625
8184,2864000,6340,51990.015625
8185,2864000,6370,51973.796875
8186,2864000,6400,51862.1875
8187,2864000,6430,52081.59375
8188,2864000,6460,52033.0
8189,2864000,6490,51943.28125
8190,2864000,6520,51271.40625
8191,2864000,6550,51695.796875
8192,2864000,6580,51971.609375
8193,2864000,6610,52245.8125
8194,2864000,6640,52333.296875
8195,2864000,6670,52071.0
8196,2864000,6700,51754.296875
8197,2864000,6730,51611.40625
8198,2864000,6760,51769.0
8199,2864000,6790,52138.28125
8200,2864000,6820,52241.3125
8201,2864000,6850,52093.28125
8202,2864000,6880,51409.09375
8203,2864000,6910,51707.78125
8204,2864000,6940,51926.8125
8205,2864000,6970,52198.8125
8206,2864000,7000,52289.703125
8207,2864000,7030,52110.21875
8208,2864000,7060,51942.6875
8209,2864000,7090,51830.609375
8210,2864000,7120,51886.6875
8211,2864000,7150,52028.21875
8212,2864000,7180,51528.59375
8213,2864000,7210,51986.40625
8214,2864000,7240,51980.6875
8215,2864000,7270,52095.71875
8216,2864000,7300,52132.0
8217,2864000,7330,52071.09375
8218,2864000,7360,51947.40625
8219,2864000,7390,51795.484375
8220,2864000,7420,51880.40625
8221,2864000,7450,51650.71875
8222,2864000,7480,52239.296875
8223,2864000,7510,52114.40625
8224,2864000,7540,51900.484375
8225,2864000,7570,51795.609375
8226,2864000,7600,51918.3125
8227,2864000,7630,52180.5
8228,2864000,7660,52235.90625
8229,2864000,7690,52108.015625
8230,2864000,7720,51963.90625
8231,2864000,7750,51790.890625
8232,2864000,7780,51824.296875
8233,2864000,7810,51553.203125
8234,2864000,7840,52142.5
8235,2864000,7870,52117.015625
8236,2864000,7900,52045.09375
8237,2864000,7930,51989.296875
8238,2864000,7960,51989.109375
8239,2864000,7990,51987.6875
8240,2864000,8020,52067.390625
8241,2864000,8050,52030.71875
8242,2864000,8080,51965.015625
8243,2864000,8110,52051.015625
8244,2864000,8140,51637.8125
8245,2864000,8170,52016.71875
8246,2864000,8200,51964.390625
8247,2864000,8230,52004.09375
8248,2864000,8260,52086.0
8249,2864000,8290,52222.796875
8250,2864000,8320,52081.6875
8251,2864000,8350,51974.296875
8252,2864000,8380,51933.3125
8253,2864000,8410,51934.015625
8254,2864000,8440,51593.28125
8255,2864000,8470,51983.015625
8256,2864000,8500,52074.09375
8257,2864000,8530,52119.109375
8258,2864000,8560,52102.09375
8259,2864000,8590,52033.203125
8260,2864000,8620,52005.203125
8261,2864000,8650,51960.59375
8262,2864000,8680,52091.609375
8263,2864000,8710,51726.59375
8264,2864000,8740,52238.6875
8265,2864000,8770,52069.0
8266,2864000,8800,51976.015625
8267,2864000,8830,51965.90625
8268,2864000,8860,52050.796875
8269,2864000,8890,52155.5
8270,2864000,8920,52219.21875
8271,2864000,8950,52123.6875
8272,2864000,8980,51976.0
8273,2864000,9010,51554.21875
8274,2864000,9040,52022.203125
8275,2864000,9070,52113.5
8276,2864000,9100,52173.203125
8277,2864000,9130,52155.5
8278,2864000,9160,52019.6875
8279,2864000,9190,52005.109375
8280,2864000,9220,52151.484375
8281,2864000,9250,52152.5
8282,2864000,9280,52148.90625
8283,2864000,9310,52031.1875
8284,2864000,9340,52039.296875
8285,2864000,9370,51694.40625
8286,2864000,9400,52209.390625
8287,2864000,9430,52110.90625
8288,2864000,9460,52066.703125
8289,2864000,9490,52012.90625
8290,2864000,9520,52043.90625
8291,2864000,9550,52100.8125
8292,2864000,9580,52220.90625
8293,2864000,9610,52199.3125
8294,2864000,9640,52009.015625
8295,2864000,9670,51967.09375
8296,2864000,9700,51639.5
8297,2864000,9730,52210.1875
8298,2864000,9760,52251.390625
8299,2864000,9790,52206.09375
8300,2864000,9820,51981.703125
8301,2864000,9850,52004.71875
8302,2864000,9880,52044.109375
8303,2864000,9910,52135.59375
8304,2864000,9940,52215.09375
8305,2864000,9970,52129.703125
8306,2864000,10000,51635.59375
8307,2864000,10030,52053.5
8308,2864000,10060,52108.6875
8309,2864000,10090,52148.09375
8310,2864000,10120,52139.1875
8311,2864000,10150,52111.59375
8312,2864000,10180,52120.59375
8313,2864000,10210,52150.90625
8314,2864000,10240,52167.0
8315,2864000,10270,51752.59375
8316,2864000,10300,52104.109375
8317,2864000,10330,52058.796875
8318,2864000,10360,52070.28125
8319,2864000,10390,52119.203125
8320,2864000,10420,52229.40625
8321,2864000,10450,52247.203125
8322,2864000,10480,52121.109375
8323,2864000,10510,52074.609375
8324,2864000,10540,52112.90625
8325,2864000,10570,52125.59375
8326,2864000,10600,52250.0
8327,2864000,10630,51703.8125
8328,2864000,10660,52098.90625
8329,2864000,10690,52051.59375
8330,2864000,10720,52072.3125
8331,2864000,10750,52175.703125
8332,2864000,10780,52173.296875
8333,2864000,10810,52197.78125
8334,2864000,10840,52072.609375
8335,2864000,10870,52120.3125
8336,2864000,10900,51762.40625
8337,2864000,10930,52148.40625
8338,2864000,10960,52155.0
8339,2864000,10990,52096.609375
8340,2864000,11020,52072.609375
8341,2864000,11050,52143.90625
8342,2864000,11080,52171.09375
8343,2864000,11110,52183.890625
8344,2864000,11140,52129.3125
8345,2864000,11170,52114.8125
8346,2864000,11200,52142.890625
8347,2864000,11230,52093.296875
8348,2864000,11260,51787.984375
8349,2864000,11290,52169.0
8350,2864000,11320,52142.609375
8351,2864000,11350,52076.71875
8352,2864000,11380,52158.796875
8353,2864000,11410,52162.90625
8354,2864000,11440,52170.5
8355,2864000,11470,52191.609375
8356,2864000,11500,52146.109375
8357,2864000,11530,51686.5
8358,2864000,11560,52104.890625
8359,2864000,11590,52169.8125
8360,2864000,11620,52117.0
8361,2864000,11650,52170.390625
8362,2864000,11680,52135.015625
8363,2864000,11710,52116.890625
8364,2864000,11740,52177.296875
8365,2864000,11770,52158.8125
8366,2864000,11800,52181.796875
8367,2864000,11830,52212.0
8368,2864000,11860,52191.59375
8369,2864000,11890,51746.203125
8370,2864000,11920,52182.203125
8371,2864000,11950,52081.890625
8372,2864000,11980,52162.890625
8373,2864000,12010,52186.484375
8374,2864000,12040,52196.0
8375,2864000,12070,52175.109375
8376,2864000,12100,52108.609375
8377,2864000,12130,52140.796875
8378,2864000,12160,52182.609375
8379,2864000,12190,51761.09375
8380,2864000,12220,52116.703125
8381,2864000,12250,52137.40625
8382,2864000,12280,52143.015625
8383,2864000,12310,52162.5
8384,2864000,12340,52161.1875
8385,2864000,12370,52151.90625
8386,2864000,12400,52989.609375
8387,2864000,12430,52194.0
8388,2864000,12460,52222.5
8389,2864000,12490,52265.5
8390,2864000,12520,52221.109375
8391,2864000,12550,52126.90625
8392,2864000,12580,52134.390625
8393,2864000,12610,52219.8125
8394,2864000,12640,52144.90625
8395,2864000,12670,52189.6875
8396,2864000,12700,52199.8125
8397,2864000,12730,52209.484375
8398,2864000,12760,52173.40625
8399,2864000,12790,52163.609375
8400,2864000,12820,52171.015625
8401,2864000,12850,51772.59375
8402,2864000,12880,52244.203125
8403,2864000,12910,52181.3125
8404,2864000,12940,52171.3125
8405,2864000,12970,52158.6875
8406,2864000,13000,52165.40625
8407,2864000,13030,52178.5
8408,2864000,13060,52238.71875
8409,2864000,13090,52223.59375
8410,2864000,13120,52250.21875
8411,2864000,13150,51731.1875
8412,2864000,13180,52207.0
8413,2864000,13210,52231.09375
8414,2864000,13240,52255.109375
8415,2864000,13270,52188.484375
8416,2864000,13300,52168.3125
8417,2864000,13330,52242.8125
8418,2864000,13360,52187.203125
8419,2864000,13390,52158.71875
8420,2864000,13420,51780.90625
8421,2864000,13450,52206.390625
8422,2864000,13480,52228.8125
8423,2864000,13510,52178.59375
8424,2864000,13540,52236.203125
8425,2864000,13570,52201.28125
8426,2864000,13600,52140.09375
8427,2864000,13630,52161.90625
8428,2864000,13660,52255.78125
8429,2864000,13690,52233.0
8430,2864000,13720,52208.390625
8431,2864000,13750,52224.3125
8432,2864000,13780,51736.09375
8433,2864000,13810,52145.3125
8434,2864000,13840,52170.203125
8435,2864000,13870,52240.796875
8436,2864000,13900,52225.21875
8437,2864000,13930,52256.6875
8438,2864000,13960,52217.796875
8439,2864000,13990,52227.21875
8440,2864000,14020,52212.296875
8441,2864000,14050,52216.40625
8442,2864000,14080,52249.21875
8443,2864000,14110,51780.703125
8444,2864000,14140,52217.5
8445,2864000,14170,52217.796875
8446,2864000,14200,52154.515625
8447,2864000,14230,52206.8125
8448,2864000,14260,52226.0
8449,2864000,14290,52234.296875
8450,2864000,14320,52258.09375
8451,2864000,14350,51783.984375
8452,2864000,14380,52292.109375
8453,2864000,14410,52204.28125
8454,2864000,14440,52231.703125
8455,2864000,14470,52254.59375
8456,2864000,14500,52202.796875
8457,2864000,14530,52224.3125
8458,2864000,14560,52248.0
8459,2864000,14590,52277.8125
8460,2864000,14620,52205.515625
8461,2864000,14650,52147.3125
8462,2864000,14680,52245.90625
8463,2864000,14710,51822.90625
8464,2864000,14740,52239.0
8465,2864000,14770,52281.796875
8466,2864000,14800,52253.296875
8467,2864000,14830,52210.6875
8468,2864000,14860,52214.796875
8469,2864000,14890,52258.109375
8470,2864000,14920,52239.609375
8471,2864000,14950,52211.90625
8472,2864000,14980,51826.5
8473,2864000,15010,52244.203125
8474,2864000,15040,52214.40625
8475,2864000,15070,52223.515625
8476,2864000,15100,52235.390625
8477,2864000,15130,52227.71875
8478,2864000,15160,52237.90625
8479,2864000,15190,52242.984375
8480,2864000,15220,52224.015625
8481,2864000,15250,52199.890625
8482,2864000,15280,52174.40625
8483,2864000,15310,52292.40625
8484,2864000,15340,51837.5
8485,2864000,15370,52275.1875
8486,2864000,15400,52287.40625
8487,2864000,15430,52177.78125
8488,2864000,15460,52222.5
8489,2864000,15490,52198.59375
8490,2864000,15520,52306.609375
8491,2864000,15550,52294.40625
8492,2864000,15580,52229.3125
8493,2864000,15610,51840.09375
8494,2864000,15640,52230.09375
8495,2864000,15670,52284.59375
8496,2864000,15700,52264.78125
8497,2864000,15730,52260.8125
8498,2864000,15760,52217.40625
8499,2864000,15790,52253.0
8500,2864000,15820,52231.59375
8501,2864000,15850,52263.59375
8502,2864000,15880,52276.890625
8503,2864000,15910,51892.59375
8504,2864000,15940,52277.390625
8505,2864000,15970,52294.59375
8506,2864000,16000,52277.796875
8507,2864000,16030,52296.90625
8508,2864000,16060,52259.28125
8509,2864000,16090,52259.5
8510,2864000,16120,52321.203125
8511,2864000,16150,52230.71875
8512,2864000,16180,52287.1875
8513,2864000,16210,52263.390625
8514,2864000,16240,51858.109375
8515,2864000,16270,52296.890625
8516,2864000,16300,52288.78125
8517,2864000,16330,52283.515625
8518,2864000,16360,52216.59375
8519,2864000,16390,52321.515625
8520,2864000,16420,52253.40625
8521,2864000,16450,52287.6875
8522,2864000,16480,52258.515625
8523,2864000,16510,52225.109375
8524,2864000,16540,52226.609375
8525,2864000,16570,52273.609375
8526,2864000,16600,51856.40625
8527,2864000,16630,52336.109375
8528,2864000,16660,52268.0
8529,2864000,16690,52311.71875
8530,2864000,16720,52287.5
8531,2864000,16750,52252.59375
8532,2864000,16780,52277.8125
8533,2864000,16810,52268.515625
8534,2864000,16840,52275.5
8535,2864000,16870,52291.78125
8536,2864000,16900,51876.015625
8537,2864000,16930,52306.8125
8538,2864000,16960,52255.71875
8539,2864000,16990,52276.90625
8540,2864000,17020,52332.90625
8541,2864000,17050,52345.5
8542,2864000,17080,52298.390625
8543,2864000,17110,52241.90625
8544,2864000,17140,52262.40625
8545,2864000,17170,51818.0
8546,2864000,17200,52319.6875
8547,2864000,17230,52250.5
8548,2864000,17260,52279.09375
8549,2864000,17290,52250.390625
8550,2864000,17320,52258.203125
8551,2864000,17350,52325.78125
8552,2864000,17380,52269.203125
8553,2864000,17410,52280.90625
8554,2864000,17440,52241.3125
8555,2864000,17470,52231.1875
8556,2864000,17500,52291.71875
8557,2864000,17530,52303.90625
8558,2864000,17560,51857.609375
8559,2864000,17590,52261.890625
8560,2864000,17620,52267.296875
8561,2864000,17650,52302.5
8562,2864000,17680,52346.984375
8563,2864000,17710,52225.703125
8564,2864000,17740,52315.5
8565,2864000,17770,52272.109375
8566,2864000,17800,52278.3125
8567,2864000,17830,51834.5
8568,2864000,17860,52284.484375
8569,2864000,17890,52228.28125
8570,2864000,17920,52326.890625
8571,2864000,17950,52279.09375
8572,2864000,17980,52310.1875
8573,2864000,18010,52285.296875
8574,2864000,18040,52250.09375
8575,2864000,18070,52273.0
8576,2864000,18100,52257.1875
8577,2864000,18130,52276.3125
8578,2864000,18160,51928.8125
8579,2864000,18190,52304.90625
8580,2864000,18220,52318.40625
8581,2864000,18250,52280.40625
8582,2864000,18280,52321.3125
8583,2864000,18310,52301.0
8584,2864000,18340,52275.90625
8585,2864000,18370,52294.8125
8586,2864000,18400,52284.09375
8587,2864000,18430,52293.3125
8588,2864000,18460,51914.296875
8589,2864000,18490,52326.0
8590,2864000,18520,52301.5
8591,2864000,18550,52269.09375
8592,2864000,18580,52257.609375
8593,2864000,18610,52359.203125
8594,2864000,18640,52332.0
8595,2864000,18670,52290.5
8596,2864000,18700,52288.40625
8597,2864000,18730,51849.296875
8598,2864000,18760,52283.8125
8599,2864000,18790,52272.484375
8600,2864000,18820,52376.0
8601,2864000,18850,52353.3125
8602,2864000,18880,52307.59375
8603,2864000,18910,52330.015625
8604,2864000,18940,52321.984375
8605,2864000,18970,52285.5
8606,2864000,19000,52290.0
8607,2864000,19030,52323.703125
8608,2864000,19060,52294.71875
8609,2864000,19090,51862.203125
8610,2864000,19120,52358.71875
8611,2864000,19150,52274.09375
8612,2864000,19180,52307.59375
8613,2864000,19210,52274.3125
8614,2864000,19240,52278.5
8615,2864000,19270,52330.109375
8616,2864000,19300,52304.109375
8617,2864000,19330,52293.0
8618,2864000,19360,51812.6875
8619,2864000,19390,52224.0
8620,2864000,19420,52290.6875
8621,2864000,19450,52299.203125
8622,2864000,19480,52267.703125
8623,2864000,19510,52288.515625
8624,2864000,19540,52320.796875
8625,2864000,19570,52270.09375
8626,2864000,19600,52261.015625
8627,2864000,19630,52293.609375
8628,2864000,19660,52284.390625
8629,2864000,19690,52328.0
8630,2864000,19720,51841.796875
8631,2864000,19750,52328.28125
8632,2864000,19780,52326.109375
8633,2864000,19810,52261.390625
8634,2864000,19840,52309.59375
8635,2864000,19870,52293.40625
8636,2864000,19900,52290.703125
8637,2864000,19930,52343.90625
8638,2864000,19960,52310.5
8639,2864000,19990,51881.703125
8640,2864000,20020,52353.390625
8641,2864000,20050,52281.609375
8642,2864000,20080,52273.59375
8643,2864000,20110,52355.09375
8644,2864000,20140,52310.1875
8645,2864000,20170,52279.390625
8646,2864000,20200,52353.8125
8647,2864000,20230,52283.484375
8648,2864000,20260,52322.71875
8649,2864000,20290,52322.71875
8650,2864000,20320,52381.6875
8651,2864000,20350,51902.703125
8652,2864000,20380,52356.78125
8653,2864000,20410,52301.796875
8654,2864000,20440,52365.890625
8655,2864000,20470,52328.6875
8656,2864000,20500,52730.0
8657,2864000,20530,52301.484375
8658,2864000,20560,52325.8125
8659,2864000,20590,52341.28125
8660,2864000,20620,52285.109375
8661,2864000,20650,52382.6875
8662,2864000,20680,52336.984375
8663,2864000,20710,52311.6875
8664,2864000,20740,52324.90625
8665,2864000,20770,51921.0
8666,2864000,20800,52299.0
8667,2864000,20830,52321.484375
8668,2864000,20860,52351.796875
8669,2864000,20890,52400.0
8670,2864000,20920,52337.09375
8671,2864000,20950,52318.296875
8672,2864000,20980,52284.390625
8673,2864000,21010,52333.59375
8674,2864000,21040,52378.1875
8675,2864000,21070,52314.09375
8676,2864000,21100,52350.6875
8677,2864000,21130,52322.484375
8678,2864000,21160,51913.40625
8679,2864000,21190,52250.90625
8680,2864000,21220,52332.109375
8681,2864000,21250,52281.609375
8682,2864000,21280,52384.296875
8683,2864000,21310,52344.8125
8684,2864000,21340,52341.484375
8685,2864000,21370,52340.890625
8686,2864000,21400,52337.703125
8687,2864000,21430,52297.984375
8688,2864000,21460,51882.40625
8689,2864000,21490,52367.515625
8690,2864000,21520,52355.90625
8691,2864000,21550,52294.8125
8692,2864000,21580,52325.984375
8693,2864000,21610,52317.3125
8694,2864000,21640,52280.8125
8695,2864000,21670,52325.90625
8696,2864000,21700,52331.296875
8697,2864000,21730,52313.703125
8698,2864000,21760,51933.40625
8699,2864000,21790,52320.0
8700,2864000,21820,52332.3125
8701,2864000,21850,52291.21875
8702,2864000,21880,52336.5
8703,2864000,21910,52326.609375
8704,2864000,21940,52310.703125
8705,2864000,21970,52326.0
8706,2864000,22000,52310.0
8707,2864000,22030,51902.515625
8708,2864000,22060,52273.296875
8709,2864000,22090,52307.59375
8710,2864000,22120,52339.40625
8711,2864000,22150,52342.3125
8712,2864000,22180,52271.703125
8713,2864000,22210,52371.796875
8714,2864000,22240,52335.90625
8715,2864000,22270,52294.09375
8716,2864000,22300,52320.28125
8717,2864000,22330,52351.609375
8718,2864000,22360,52310.796875
8719,2864000,22390,51947.3125
8720,2864000,22420,52341.3125
8721,2864000,22450,52393.3125
8722,2864000,22480,52297.1875
8723,2864000,22510,52281.5
8724,2864000,22540,52373.390625
8725,2864000,22570,52313.3125
8726,2864000,22600,52337.59375
8727,2864000,22630,52342.1875
8728,2864000,22660,52340.40625
8729,2864000,22690,51897.0
8730,2864000,22720,52378.0
8731,2864000,22750,52336.1875
8732,2864000,22780,52323.28125
8733,2864000,22810,52359.40625
8734,2864000,22840,52295.296875
8735,2864000,22870,52281.6875
8736,2864000,22900,52389.296875
8737,2864000,22930,52329.40625
8738,2864000,22960,52366.796875
8739,2864000,22990,52293.0
8740,2864000,23020,51958.484375
8741,2864000,23050,52269.71875
8742,2864000,23080,52299.484375
8743,2864000,23110,52380.703125
8744,2864000,23140,52351.6875
8745,2864000,23170,52330.09375
8746,2864000,23200,52345.5
8747,2864000,23230,52260.0
8748,2864000,23260,52301.484375
8749,2864000,23290,52318.609375
8750,2864000,23320,51901.703125
8751,2864000,23350,52342.609375
8752,2864000,23380,52318.203125
8753,2864000,23410,52335.796875
8754,2864000,23440,52351.609375
8755,2864000,23470,52285.21875
8756,2864000,23500,52389.90625
8757,2864000,23530,52336.09375
8758,2864000,23560,52351.59375
8759,2864000,23590,51960.0
8760,2864000,23620,52302.484375
8761,2864000,23650,52381.8125
8762,2864000,23680,52338.6875
8763,2864000,23710,52314.796875
8764,2864000,23740,52350.40625
8765,2864000,23770,52367.296875
8766,2864000,23800,52293.5
8767,2864000,23830,52328.09375
8768,2864000,23860,52368.09375
8769,2864000,23890,52321.90625
8770,2864000,23920,52306.0
8771,2864000,23950,51916.71875
8772,2864000,23980,52331.6875
8773,2864000,24010,52337.78125
8774,2864000,24040,52283.203125
8775,2864000,24070,52361.59375
8776,2864000,24100,52323.59375
8777,2864000,24130,52353.09375
8778,2864000,24160,52324.59375
8779,2864000,24190,52269.203125
8780,2864000,24220,51950.71875
8781,2864000,24250,52380.703125
8782,2864000,24280,52330.71875
8783,2864000,24310,52320.09375
8784,2864000,24340,52389.796875
8785,2864000,24370,52387.296875
8786,2864000,24400,52319.203125
8787,2864000,24430,52347.703125
8788,2864000,24460,52302.6875
8789,2864000,24490,52375.0
8790,2864000,24520,52322.8125
8791,2864000,24550,52355.296875
8792,2864000,24580,51919.09375
8793,2864000,24610,52377.90625
8794,2864000,24640,52263.296875
8795,2864000,24670,52293.0
8796,2864000,24700,52289.3125
8797,2864000,24730,52354.203125
8798,2864000,24760,52315.3125
8799,2864000,24790,52298.484375
8800,2864000,24820,52314.90625
8801,2864000,24850,51878.609375
8802,2864000,24880,52357.90625
8803,2864000,24910,52320.8125
8804,2864000,24940,52368.984375
8805,2864000,24970,52305.703125
8806,2864000,25000,52399.78125
8807,2864000,25030,52339.59375
8808,2864000,25060,52380.28125
8809,2864000,25090,52357.28125
8810,2864000,25120,52317.015625
8811,2864000,25150,51952.3125
8812,2864000,25180,52333.296875
8813,2864000,25210,52308.90625
8814,2864000,25240,52360.0
8815,2864000,25270,52297.40625
8816,2864000,25300,52315.0
8817,2864000,25330,52365.015625
8818,2864000,25360,52258.609375
8819,2864000,25390,52362.40625
8820,2864000,25420,52364.0
8821,2864000,25450,52415.6875
8822,2864000,25480,52349.90625
8823,2864000,25510,51943.5
8824,2864000,25540,52285.09375
8825,2864000,25570,52344.5
8826,2864000,25600,52372.78125
8827,2864000,25630,52236.984375
8828,2864000,25660,52394.015625
8829,2864000,25690,52339.3125
8830,2864000,25720,52361.59375
8831,2864000,25750,52301.0
8832,2864000,25780,52400.90625
8833,2864000,25810,52344.796875
8834,2864000,25840,51953.5
8835,2864000,25870,52342.09375
8836,2864000,25900,52349.1875
8837,2864000,25930,52374.109375
8838,2864000,25960,52401.8125
8839,2864000,25990,52294.90625
8840,2864000,26020,52342.296875
8841,2864000,26050,52348.59375
8842,2864000,26080,52304.6875
8843,2864000,26110,52395.5
8844,2864000,26140,52320.890625
8845,2864000,26170,51948.09375
8846,2864000,26200,52342.796875
8847,2864000,26230,52416.296875
8848,2864000,26260,52341.390625
8849,2864000,26290,52332.59375
8850,2864000,26320,52360.09375
8851,2864000,26350,52325.59375
8852,2864000,26380,52358.203125
8853,2864000,26410,52351.78125
8854,2864000,26440,52306.203125
8855,2864000,26470,51957.609375
8856,2864000,26500,52343.71875
8857,2864000,26530,52350.90625
8858,2864000,26560,52345.6875
8859,2864000,26590,52323.609375
8860,2864000,26620,52293.890625
8861,2864000,26650,52348.109375
8862,2864000,26680,52402.59375
8863,2864000,26710,52352.8125
8864,2864000,26740,52332.09375
8865,2864000,26770,51964.8125
8866,2864000,26800,52353.5
8867,2864000,26830,52304.390625
8868,2864000,26860,52414.890625
8869,2864000,26890,52317.890625
8870,2864000,26920,52358.90625
8871,2864000,26950,52317.515625
8872,2864000,26980,52348.890625
8873,2864000,27010,52380.6875
8874,2864000,27040,51950.59375
8875,2864000,27070,52349.21875
8876,2864000,27100,52370.3125
8877,2864000,27130,52356.90625
8878,2864000,27160,52331.390625
8879,2864000,27190,52356.015625
8880,2864000,27220,52338.3125
8881,2864000,27250,52337.59375
8882,2864000,27280,52375.21875
8883,2864000,27310,52364.109375
8884,2864000,27340,52331.796875
8885,2864000,27370,52305.90625
8886,2864000,27400,51925.90625
8887,2864000,27430,52337.015625
8888,2864000,27460,52357.296875
8889,2864000,27490,52369.09375
8890,2864000,27520,52347.09375
8891,2864000,27550,52307.203125
8892,2864000,27580,52388.5
8893,2864000,27610,52359.90625
8894,2864000,27640,52311.109375
8895,2864000,27670,52334.796875
8896,2864000,27700,51972.40625
8897,2864000,27730,52364.703125
8898,2864000,27760,52308.3125
8899,2864000,27790,52395.3125
8900,2864000,27820,52306.390625
8901,2864000,27850,52403.609375
8902,2864000,27880,52314.40625
8903,2864000,27910,52324.0
8904,2864000,27940,52300.5
8905,2864000,27970,51922.90625
8906,2864000,28000,52348.59375
8907,2864000,28030,52357.59375
8908,2864000,28060,52382.015625
8909,2864000,28090,52339.890625
8910,2864000,28120,52310.5
8911,2864000,28150,52390.71875
8912,2864000,28180,52340.1875
8913,2864000,28210,52362.1875
8914,2864000,28240,52365.90625
8915,2864000,28270,52322.1875
8916,2864000,28300,52355.6875
8917,2864000,28330,51926.984375
8918,2864000,28360,52278.296875
8919,2864000,28390,52429.40625
8920,2864000,28420,52329.5
8921,2864000,28450,52357.71875
8922,2864000,28480,52409.90625
8923,2864000,28510,52336.5
8924,2864000,28540,52417.5
8925,2864000,28570,52312.515625
8926,2864000,28600,51953.59375
8927,2864000,28630,52356.015625
8928,2864000,28660,52350.109375
8929,2864000,28690,52351.90625
8930,2864000,28720,52309.1875
8931,2864000,28750,52313.09375
8932,2864000,28780,52317.71875
8933,2864000,28810,52398.109375
8934,2864000,28840,52304.796875
8935,2864000,28870,52374.296875
8936,2864000,28900,52309.390625
8937,2864000,28930,52390.109375
8938,2864000,28960,51918.09375
8939,2864000,28990,52338.484375
8940,2864000,29020,52412.6875
8941,2864000,29050,52314.296875
8942,2864000,29080,52398.3125
8943,2864000,29110,52386.1875
8944,2864000,29140,52374.984375
8945,2864000,29170,52344.21875
8946,2864000,29200,52382.09375
8947,2864000,29230,51949.796875
8948,2864000,29260,52323.796875
8949,2864000,29290,52337.09375
8950,2864000,29320,52370.1875
8951,2864000,29350,52328.515625
8952,2864000,29380,52407.1875
8953,2864000,29410,52378.609375
8954,2864000,29440,52406.796875
8955,2864000,29470,52305.1875
8956,2864000,29500,52330.109375
8957,2864000,29530,52304.703125
8958,2864000,29560,52386.90625
8959,2864000,29590,51919.0
8960,2864000,29620,52379.0
8961,2864000,29650,52354.296875
8962,2864000,29680,52425.90625
8963,2864000,29710,52343.28125
8964,2864000,29740,52342.203125
8965,2864000,29770,52321.0
8966,2864000,29800,52346.90625
8967,2864000,29830,52390.40625
8968,2864000,29860,51955.90625
8969,2864000,29890,52371.71875
8970,2864000,29920,52385.984375
8971,2864000,29950,52332.109375
8972,2864000,29980,52330.40625
8973,2864500,100,11908.90625
8974,2864500,130,55159.90625
8975,2864500,160,55886.390625
8976,2864500,190,53914.90625
8977,2864500,220,46762.0
8978,2864500,250,50403.296875
8979,2864500,280,53512.3125
8980,2864500,310,54625.609375
8981,2864500,340,51242.203125
8982,2864500,370,44257.59375
8983,2864500,400,46255.296875
8984,2864500,430,50909.0
8985,2864500,460,51471.109375
8986,2864500,490,51535.71875
8987,2864500,520,50050.59375
8988,2864500,550,49788.609375
8989,2864500,580,52164.5
8990,2864500,610,52582.515625
8991,2864500,640,50590.984375
8992,2864500,670,45900.40625
8993,2864500,700,45180.390625
8994,2864500,730,48396.1875
8995,2864500,760,51805.5
8996,2864500,790,53210.703125
8997,2864500,820,51727.40625
8998,2864500,850,48802.40625
8999,2864500,880,48197.0
9000,2864500,910,50568.1875
9001,2864500,940,52510.203125
9002,2864500,970,52119.09375
9003,2864500,1000,49932.203125
9004,2864500,1030,47873.71875
9005,2864500,1060,47458.1875
9006,2864500,1090,48783.484375
9007,2864500,1120,50524.90625
9008,2864500,1150,51515.703125
9009,2864500,1180,51049.015625
9010,2864500,1210,50868.59375
9011,2864500,1240,50595.203125
9012,2864500,1270,50421.90625
9013,2864500,1300,50034.609375
9014,2864500,1330,49582.40625
9015,2864500,1360,49482.3125
9016,2864500,1390,50523.796875
9017,2864500,1420,50771.59375
9018,2864500,1450,50647.984375
9019,2864500,1480,50216.78125
9020,2864500,1510,49659.3125
9021,2864500,1540,50195.0
9022,2864500,1570,51130.40625
9023,2864500,1600,51253.5
9024,2864500,1630,50977.296875
9025,2864500,1660,50050.203125
9026,2864500,1690,49296.0
9027,2864500,1720,49407.09375
9028,2864500,1750,49375.09375
9029,2864500,1780,50275.296875
9030,2864500,1810,50842.984375
9031,2864500,1840,50891.6875
9032,2864500,1870,50858.484375
9033,2864500,1900,50360.515625
9034,2864500,1930,49395.28125
9035,2864500,1960,49668.3125
9036,2864500,1990,50364.09375
9037,2864500,2020,51041.0
9038,2864500,2050,51354.78125
9039,2864500,2080,50801.609375
9040,2864500,2110,49656.59375
9041,2864500,2140,49270.203125
9042,2864500,2170,49911.90625
9043,2864500,2200,50731.78125
9044,2864500,2230,51407.390625
9045,2864500,2260,50729.703125
9046,2864500,2290,49338.0
9047,2864500,2320,49446.40625
9048,2864500,2350,50113.71875
9049,2864500,2380,50867.796875
9050,2864500,2410,51044.8125
9051,2864500,2440,50727.1875
9052,2864500,2470,50093.609375
9053,2864500,2500,50026.203125
9054,2864500,2530,50514.71875
9055,2864500,2560,50289.78125
9056,2864500,2590,50248.3125
9057,2864500,2620,49807.90625
9058,2864500,2650,50041.40625
9059,2864500,2680,50590.5
9060,2864500,2710,51368.703125
9061,2864500,2740,51110.5
9062,2864500,2770,50218.40625
9063,2864500,2800,49726.5
9064,2864500,2830,49884.0
9065,2864500,2860,50217.609375
9066,2864500,2890,51242.59375
9067,2864500,2920,50713.3125
9068,2864500,2950,49495.5
9069,2864500,2980,49263.59375
9070,2864500,3010,50148.40625
9071,2864500,3040,51010.796875
9072,2864500,3070,51553.78125
9073,2864500,3100,51053.59375
9074,2864500,3130,50108.40625
9075,2864500,3160,49827.28125
9076,2864500,3190,50249.890625
9077,2864500,3220,50318.890625
9078,2864500,3250,50644.609375
9079,2864500,3280,50104.40625
9080,2864500,3310,49770.6875
9081,2864500,3340,50048.890625
9082,2864500,3370,50789.09375
9083,2864500,3400,51142.90625
9084,2864500,3430,51027.390625
9085,2864500,3460,50536.984375
9086,2864500,3490,49839.890625
9087,2864500,3520,50415.8125
9088,2864500,3550,50586.8125
9089,2864500,3580,50527.984375
9090,2864500,3610,50005.1875
9091,2864500,3640,49749.0
9092,2864500,3670,50112.515625
9093,2864500,3700,50748.90625
9094,2864500,3730,51188.390625
9095,2864500,3760,51084.40625
9096,2864500,3790,50475.09375
9097,2864500,3820,50283.015625
9098,2864500,3850,50056.984375
9099,2864500,3880,50675.59375
9100,2864500,3910,50587.28125
9101,2864500,3940,50224.59375
9102,2864500,3970,49913.40625
9103,2864500,4000,49913.5
9104,2864500,4030,50457.8125
9105,2864500,4060,51010.8125
9106,2864500,4090,51154.484375
9107,2864500,4120,50481.984375
9108,2864500,4150,50556.203125
9109,2864500,4180,50451.59375
9110,2864500,4210,50488.59375
9111,2864500,4240,50468.390625
9112,2864500,4270,50413.484375
9113,2864500,4300,50322.390625
9114,2864500,4330,50286.515625
9115,2864500,4360,50418.203125
9116,2864500,4390,50685.3125
9117,2864500,4420,50742.0
9118,2864500,4450,50749.609375
9119,2864500,4480,50371.484375
9120,2864500,4510,50712.5
9121,2864500,4540,50645.203125
9122,2864500,4570,50472.09375
9123,2864500,4600,50227.984375
9124,2864500,4630,50087.3125
9125,2864500,4660,50201.40625
9126,2864500,4690,50581.8125
9127,2864500,4720,50830.90625
9128,2864500,4750,50499.5
9129,2864500,4780,50758.6875
9130,2864500,4810,50555.09375
9131,2864500,4840,50518.203125
9132,2864500,4870,50565.3125
9133,2864500,4900,50635.609375
9134,2864500,4930,50671.796875
9135,2864500,4960,50488.59375
9136,2864500,4990,50393.5
9137,2864500,5020,50317.109375
9138,2864500,5050,50449.1875
9139,2864500,5080,50651.40625
9140,2864500,5110,50418.0
9141,2864500,5140,50901.0
9142,2864500,5170,50739.109375
9143,2864500,5200,50592.1875
9144,2864500,5230,50480.6875
9145,2864500,5260,50432.609375
9146,2864500,5290,50439.890625
9147,2864500,5320,50580.09375
9148,2864500,5350,50687.8125
9149,2864500,5380,50345.59375
9150,2864500,5410,50688.796875
9151,2864500,5440,50657.3125
9152,2864500,5470,50641.5
9153,2864500,5500,50662.0
9154,2864500,5530,50610.09375
9155,2864500,5560,50764.390625
9156,2864500,5590,50752.109375
9157,2864500,5620,50665.5
9158,2864500,5650,50514.390625
9159,2864500,5680,50340.5
9160,2864500,5710,50400.984375
9161,2864500,5740,50359.5
9162,2864500,5770,51008.609375
9163,2864500,5800,51066.109375
9164,2864500,5830,50776.890625
9165,2864500,5860,50484.984375
9166,2864500,5890,50246.296875
9167,2864500,5920,50408.90625
9168,2864500,5950,50791.515625
9169,2864500,5980,50946.984375
9170,2864500,6010,50837.6875
9171,2864500,6040,50198.296875
9172,2864500,6070,50434.796875
9173,2864500,6100,50559.40625
9174,2864500,6130,50772.609375
9175,2864500,6160,50807.109375
9176,2864500,6190,50745.0
9177,2864500,6220,50674.890625
9178,2864500,6250,50632.796875
9179,2864500,6280,50722.984375
9180,2864500,6310,50305.0
9181,2864500,6340,50703.890625
9182,2864500,6370,50647.0
9183,2864500,6400,50700.0
9184,2864500,6430,50890.59375
9185,2864500,6460,50985.40625
9186,2864500,6490,50890.109375
9187,2864500,6520,50532.59375
9188,2864500,6550,50307.890625
9189,2864500,6580,50511.6875
9190,2864500,6610,50909.8125
9191,2864500,6640,51124.71875
9192,2864500,6670,50942.203125
9193,2864500,6700,50247.390625
9194,2864500,6730,50413.59375
9195,2864500,6760,50455.28125
9196,2864500,6790,50836.40625
9197,2864500,6820,51091.390625
9198,2864500,6850,50947.796875
9199,2864500,6880,50700.484375
9200,2864500,6910,50451.0
9201,2864500,6940,50096.5
9202,2864500,6970,50754.28125
9203,2864500,7000,50922.796875
9204,2864500,7030,50927.609375
9205,2864500,7060,50760.890625
9206,2864500,7090,50747.40625
9207,2864500,7120,50766.109375
9208,2864500,7150,50802.1875
9209,2864500,7180,50730.609375
9210,2864500,7210,50587.1875
9211,2864500,7240,50549.90625
9212,2864500,7270,50807.703125
9213,2864500,7300,50660.0
9214,2864500,7330,50913.6875
9215,2864500,7360,50777.703125
9216,2864500,7390,50584.3125
9217,2864500,7420,50603.390625
9218,2864500,7450,50879.8125
9219,2864500,7480,51034.296875
9220,2864500,7510,50954.109375
9221,2864500,7540,50736.5
9222,2864500,7570,50430.296875
9223,2864500,7600,50133.109375
9224,2864500,7630,50770.1875
9225,2864500,7660,50968.0
9226,2864500,7690,50969.40625
9227,2864500,7720,50869.09375
9228,2864500,7750,50715.71875
9229,2864500,7780,50641.59375
9230,2864500,7810,50706.5
9231,2864500,7840,50767.109375
9232,2864500,7870,50478.0
9233,2864500,7900,50842.609375
9234,2864500,7930,50828.8125
9235,2864500,7960,50846.796875
9236,2864500,7990,50684.59375
9237,2864500,8020,50786.296875
9238,2864500,8050,50896.203125
9239,2864500,8080,50840.59375
9240,2864500,8110,50958.90625
9241,2864500,8140,50889.8125
9242,2864500,8170,50773.09375
9243,2864500,8200,50763.390625
9244,2864500,8230,50334.59375
9245,2864500,8260,50705.390625
9246,2864500,8290,50801.390625
9247,2864500,8320,50939.796875
9248,2864500,8350,50952.09375
9249,2864500,8380,50912.40625
9250,2864500,8410,50779.78125
9251,2864500,8440,50755.90625
9252,2864500,8470,50670.5
9253,2864500,8500,50399.5
9254,2864500,8530,50875.203125
9255,2864500,8560,50875.5
9256,2864500,8590,50836.3125
9257,2864500,8620,50736.5
9258,2864500,8650,50668.390625
9259,2864500,8680,50716.796875
9260,2864500,8710,50958.09375
9261,2864500,8740,51059.109375
9262,2864500,8770,51028.703125
9263,2864500,8800,50918.09375
9264,2864500,8830,50660.796875
9265,2864500,8860,50264.40625
9266,2864500,8890,50824.3125
9267,2864500,8920,50898.40625
9268,2864500,8950,50959.203125
9269,2864500,8980,50838.40625
9270,2864500,9010,50783.90625
9271,2864500,9040,50817.90625
9272,2864500,9070,50899.1875
9273,2864500,9100,50959.296875
9274,2864500,9130,50511.40625
9275,2864500,9160,50810.8125
9276,2864500,9190,50824.390625
9277,2864500,9220,50801.8125
9278,2864500,9250,50920.40625
9279,2864500,9280,50955.984375
9280,2864500,9310,50770.390625
9281,2864500,9340,50784.5
9282,2864500,9370,50851.09375
9283,2864500,9400,50937.09375
9284,2864500,9430,50986.296875
9285,2864500,9460,50898.890625
9286,2864500,9490,50336.484375
9287,2864500,9520,50607.5
9288,2864500,9550,50815.203125
9289,2864500,9580,51044.5
9290,2864500,9610,51044.5
9291,2864500,9640,50935.1875
9292,2864500,9670,50751.8125
9293,2864500,9700,50704.3125
9294,2864500,9730,50873.78125
9295,2864500,9760,50601.09375
9296,2864500,9790,50990.703125
9297,2864500,9820,50898.203125
9298,2864500,9850,50736.28125
9299,2864500,9880,50738.09375
9300,2864500,9910,50929.3125
9301,2864500,9940,50987.109375
9302,2864500,9970,50931.390625
9303,2864500,10000,50842.8125
9304,2864500,10030,50834.6875
9305,2864500,10060,50473.203125
9306,2864500,10090,50942.1875
9307,2864500,10120,50926.59375
9308,2864500,10150,50865.515625
9309,2864500,10180,50793.90625
9310,2864500,10210,50816.21875
9311,2864500,10240,50927.515625
9312,2864500,10270,51046.5
9313,2864500,10300,51016.59375
9314,2864500,10330,50841.296875
9315,2864500,10360,50764.5
9316,2864500,10390,50456.984375
9317,2864500,10420,50963.609375
9318,2864500,10450,51048.6875
9319,2864500,10480,51005.109375
9320,2864500,10510,50816.796875
9321,2864500,10540,50755.8125
9322,2864500,10570,50850.71875
9323,2864500,10600,50989.59375
9324,2864500,10630,51034.390625
9325,2864500,10660,50919.1875
9326,2864500,10690,50508.40625
9327,2864500,10720,50872.40625
9328,2864500,10750,50870.1875
9329,2864500,10780,50928.3125
9330,2864500,10810,50966.0
9331,2864500,10840,50852.40625
9332,2864500,10870,50866.78125
9333,2864500,10900,50860.09375
9334,2864500,10930,50985.015625
9335,2864500,10960,50986.390625
9336,2864500,10990,50909.59375
9337,2864500,11020,50868.28125
9338,2864500,11050,50507.203125
9339,2864500,11080,50901.59375
9340,2864500,11110,50948.890625
9341,2864500,11140,50946.109375
9342,2864500,11170,50935.296875
9343,2864500,11200,50856.8125
9344,2864500,11230,50926.78125
9345,2864500,11260,50899.796875
9346,2864500,11290,50978.8125
9347,2864500,11320,50560.40625
9348,2864500,11350,50959.90625
9349,2864500,11380,50923.796875
9350,2864500,11410,50980.28125
9351,2864500,11440,50981.40625
9352,2864500,11470,50990.796875
9353,2864500,11500,50997.109375
9354,2864500,11530,50919.203125
9355,2864500,11560,50926.109375
9356,2864500,11590,50943.890625
9357,2864500,11620,50913.5
9358,2864500,11650,50980.890625
9359,2864500,11680,50615.203125
9360,2864500,11710,50958.71875
9361,2864500,11740,50851.5
9362,2864500,11770,50938.40625
9363,2864500,11800,50923.0
9364,2864500,11830,50945.984375
9365,2864500,11860,50931.40625
9366,2864500,11890,50982.28125
9367,2864500,11920,50974.5
9368,2864500,11950,50562.609375
9369,2864500,11980,50922.109375
9370,2864500,12010,50923.515625
9371,2864500,12040,50972.3125
9372,2864500,12070,51009.203125
9373,2864500,12100,50943.3125
9374,2864500,12130,50929.796875
9375,2864500,12160,50943.984375
9376,2864500,12190,50991.5
9377,2864500,12220,50985.984375
9378,2864500,12250,50604.5
9379,2864500,12280,51019.0
9380,2864500,12310,50981.5
9381,2864500,12340,50960.90625
9382,2864500,12370,50957.40625
9383,2864500,12400,50961.390625
9384,2864500,12430,50966.796875
9385,2864500,12460,50930.21875
9386,2864500,12490,50976.703125
9387,2864500,12520,50988.0
9388,2864500,12550,51020.0
9389,2864500,12580,50975.796875
9390,2864500,12610,50615.5
9391,2864500,12640,50921.703125
9392,2864500,12670,50952.5
9393,2864500,12700,50984.09375
9394,2864500,12730,50990.5
9395,2864500,12760,50954.59375
9396,2864500,12790,50958.1875
9397,2864500,12820,50923.1875
9398,2864500,12850,50963.484375
9399,2864500,12880,50587.984375
9400,2864500,12910,51067.8125
9401,2864500,12940,50959.0
9402,2864500,12970,50974.1875
9403,2864500,13000,50890.296875
9404,2864500,13030,50942.3125
9405,2864500,13060,50959.59375
9406,2864500,13090,50963.1875
9407,2864500,13120,50972.5
9408,2864500,13150,50953.5
9409,2864500,13180,50932.796875
9410,2864500,13210,50955.09375
9411,2864500,13240,50629.21875
9412,2864500,13270,50967.09375
9413,2864500,13300,50934.703125
9414,2864500,13330,50976.71875
9415,2864500,13360,50991.515625
9416,2864500,13390,50951.6875
9417,2864500,13420,50978.109375
9418,2864500,13450,50922.09375
9419,2864500,13480,50977.90625
9420,2864500,13510,50622.703125
9421,2864500,13540,51043.796875
9422,2864500,13570,51011.40625
9423,2864500,13600,50928.09375
9424,2864500,13630,50955.71875
9425,2864500,13660,50896.6875
9426,2864500,13690,50976.609375
9427,2864500,13720,51011.109375
9428,2864500,13750,50995.609375
9429,2864500,13780,50963.8125
9430,2864500,13810,50997.1875
9431,2864500,13840,51023.1875
9432,2864500,13870,50570.203125
9433,2864500,13900,51010.1875
9434,2864500,13930,51029.3125
9435,2864500,13960,51057.8125
9436,2864500,13990,51011.109375
9437,2864500,14020,51003.5
9438,2864500,14050,50954.6875
9439,2864500,14080,50994.3125
9440,2864500,14110,50991.109375
9441,2864500,14140,50654.09375
9442,2864500,14170,50989.3125
9443,2864500,14200,50961.40625
9444,2864500,14230,50970.296875
9445,2864500,14260,51019.1875
9446,2864500,14290,50924.109375
9447,2864500,14320,50987.8125
9448,2864500,14350,50989.1875
9449,2864500,14380,50968.78125
9450,2864500,14410,50999.296875
9451,2864500,14440,50636.40625
9452,2864500,14470,51008.109375
9453,2864500,14500,51012.21875
9454,2864500,14530,51022.09375
9455,2864500,14560,51063.296875
9456,2864500,14590,51017.78125
9457,2864500,14620,51001.59375
9458,2864500,14650,51040.5
9459,2864500,14680,50937.390625
9460,2864500,14710,51007.0
9461,2864500,14740,50991.0
9462,2864500,14770,51062.90625
9463,2864500,14800,50591.984375
9464,2864500,14830,51047.90625
9465,2864500,14860,50992.8125
9466,2864500,14890,51000.90625
9467,2864500,14920,51050.890625
9468,2864500,14950,50955.6875
9469,2864500,14980,50969.3125
9470,2864500,15010,51009.71875
9471,2864500,15040,50981.203125
9472,2864500,15070,50610.109375
9473,2864500,15100,50945.71875
9474,2864500,15130,50967.90625
9475,2864500,15160,50998.390625
9476,2864500,15190,51031.390625
9477,2864500,15220,51057.890625
9478,2864500,15250,50970.296875
9479,2864500,15280,51094.203125
9480,2864500,15310,50960.109375
9481,2864500,15340,50944.015625
9482,2864500,15370,51069.296875
9483,2864500,15400,51029.203125
9484,2864500,15430,51064.21875
9485,2864500,15460,50619.59375
9486,2864500,15490,50998.890625
9487,2864500,15520,51026.515625
9488,2864500,15550,51003.390625
9489,2864500,15580,51012.703125
9490,2864500,15610,51017.59375
9491,2864500,15640,51008.796875
9492,2864500,15670,51106.09375
9493,2864500,15700,50650.1875
9494,2864500,15730,50976.796875
9495,2864500,15760,51022.109375
9496,2864500,15790,51039.21875
9497,2864500,15820,51007.109375
9498,2864500,15850,51016.09375
9499,2864500,15880,51049.1875
9500,2864500,15910,51028.8125
9501,2864500,15940,51047.296875
9502,2864500,15970,51015.5
9503,2864500,16000,51028.5
9504,2864500,16030,51040.390625
9505,2864500,16060,50690.5
9506,2864500,16090,51005.109375
9507,2864500,16120,51049.5
9508,2864500,16150,50998.21875
9509,2864500,16180,51045.296875
9510,2864500,16210,51066.1875
9511,2864500,16240,51043.390625
9512,2864500,16270,51048.09375
9513,2864500,16300,51007.09375
9514,2864500,16330,50668.8125
9515,2864500,16360,51051.40625
9516,2864500,16390,51009.40625
9517,2864500,16420,51034.984375
9518,2864500,16450,51057.890625
9519,2864500,16480,50997.703125
9520,2864500,16510,51046.203125
9521,2864500,16540,51035.90625
9522,2864500,16570,51126.015625
9523,2864500,16600,51101.484375
9524,2864500,16630,51039.3125
9525,2864500,16660,51069.09375
9526,2864500,16690,50644.703125
9527,2864500,16720,51052.90625
9528,2864500,16750,51103.796875
9529,2864500,16780,51044.5
9530,2864500,16810,51076.609375
9531,2864500,16840,51072.0
9532,2864500,16870,51087.0
9533,2864500,16900,51016.296875
9534,2864500,16930,51073.3125
9535,2864500,16960,51098.296875
9536,2864500,16990,51059.3125
9537,2864500,17020,50618.5
9538,2864500,17050,51054.90625
9539,2864500,17080,50988.703125
9540,2864500,17110,51041.484375
9541,2864500,17140,51029.0
9542,2864500,17170,51091.78125
9543,2864500,17200,51028.1875
9544,2864500,17230,50999.796875
9545,2864500,17260,50726.390625
9546,2864500,17290,51068.3125
9547,2864500,17320,51054.203125
9548,2864500,17350,51031.21875
9549,2864500,17380,51040.90625
9550,2864500,17410,51075.21875
9551,2864500,17440,51078.203125
9552,2864500,17470,51029.0
9553,2864500,17500,51075.90625
9554,2864500,17530,51069.984375
9555,2864500,17560,51072.8125
9556,2864500,17590,50963.40625
9557,2864500,17620,50663.21875
9558,2864500,17650,51019.21875
9559,2864500,17680,51038.703125
9560,2864500,17710,51077.984375
9561,2864500,17740,51043.3125
9562,2864500,17770,51072.6875
9563,2864500,17800,51055.0
9564,2864500,17830,51094.59375
9565,2864500,17860,50995.296875
9566,2864500,17890,50658.90625
9567,2864500,17920,51049.109375
9568,2864500,17950,51026.40625
9569,2864500,17980,51055.40625
9570,2864500,18010,51068.90625
9571,2864500,18040,51061.109375
9572,2864500,18070,51039.1875
9573,2864500,18100,51108.8125
9574,2864500,18130,51042.203125
9575,2864500,18160,51065.1875
9576,2864500,18190,51050.1875
9577,2864500,18220,51074.90625
9578,2864500,18250,50644.6875
9579,2864500,18280,51057.40625
9580,2864500,18310,51093.59375
9581,2864500,18340,51118.296875
9582,2864500,18370,51070.6875
9583,2864500,18400,51078.109375
9584,2864500,18430,51037.296875
9585,2864500,18460,51093.796875
9586,2864500,18490,51058.28125
9587,2864500,18520,50671.109375
9588,2864500,18550,51061.09375
9589,2864500,18580,51081.8125
9590,2864500,18610,51043.3125
9591,2864500,18640,51068.0
9592,2864500,18670,51065.984375
9593,2864500,18700,51061.6875
9594,2864500,18730,51087.5
9595,2864500,18760,51069.796875
9596,2864500,18790,51089.59375
9597,2864500,18820,51142.890625
9598,2864500,18850,51060.0
9599,2864500,18880,50748.484375
9600,2864500,18910,51105.109375
9601,2864500,18940,51091.59375
9602,2864500,18970,51066.109375
9603,2864500,19000,51079.90625
9604,2864500,19030,51106.5
9605,2864500,19060,51078.609375
9606,2864500,19090,51058.78125
9607,2864500,19120,51092.40625
9608,2864500,19150,51056.609375
9609,2864500,19180,50708.890625
9610,2864500,19210,51067.796875
9611,2864500,19240,51088.703125
9612,2864500,19270,51078.609375
9613,2864500,19300,51094.1875
9614,2864500,19330,51088.796875
9615,2864500,19360,51076.8125
9616,2864500,19390,51068.609375
9617,2864500,19420,51076.109375
9618,2864500,19450,50712.09375
9619,2864500,19480,51077.703125
9620,2864500,19510,51102.28125
9621,2864500,19540,51082.21875
9622,2864500,19570,51032.984375
9623,2864500,19600,51078.015625
9624,2864500,19630,51076.203125
9625,2864500,19660,51084.5
9626,2864500,19690,51141.703125
9627,2864500,19720,51063.3125
9628,2864500,19750,51118.6875
9629,2864500,19780,51104.0
9630,2864500,19810,50712.296875
9631,2864500,19840,51122.8125
9632,2864500,19870,51116.8125
9633,2864500,19900,51062.109375
9634,2864500,19930,51076.09375
9635,2864500,19960,51096.6875
9636,2864500,19990,51049.015625
9637,2864500,20020,51041.59375
9638,2864500,20050,51099.8125
9639,2864500,20080,50666.703125
9640,2864500,20110,51100.59375
9641,2864500,20140,51087.90625
9642,2864500,20170,51077.09375
9643,2864500,20200,51046.78125
9644,2864500,20230,51024.296875
9645,2864500,20260,51066.515625
9646,2864500,20290,51115.09375
9647,2864500,20320,51085.59375
9648,2864500,20350,51055.296875
9649,2864500,20380,51070.0
9650,2864500,20410,51093.890625
9651,2864500,20440,51058.609375
9652,2864500,20470,51060.90625
9653,2864500,20500,51040.21875
9654,2864500,20530,50694.21875
9655,2864500,20560,51068.109375
9656,2864500,20590,51045.40625
9657,2864500,20620,51114.59375
9658,2864500,20650,51102.90625
9659,2864500,20680,51120.984375
9660,2864500,20710,50692.8125
9661,2864500,20740,51094.90625
9662,2864500,20770,51063.90625
9663,2864500,20800,51063.890625
9664,2864500,20830,51112.890625
9665,2864500,20860,51062.703125
9666,2864500,20890,51179.6875
9667,2864500,20920,51052.59375
9668,2864500,20950,51079.90625
9669,2864500,20980,51094.296875
9670,2864500,21010,51105.796875
9671,2864500,21040,51078.390625
9672,2864500,21070,50730.21875
9673,2864500,21100,51138.21875
9674,2864500,21130,51072.0
9675,2864500,21160,51094.5
9676,2864500,21190,51032.703125
9677,2864500,21220,51038.71875
9678,2864500,21250,51095.5
9679,2864500,21280,51067.703125
9680,2864500,21310,51069.0
9681,2864500,21340,50689.296875
9682,2864500,21370,51081.21875
9683,2864500,21400,51086.3125
9684,2864500,21430,51060.890625
9685,2864500,21460,51131.296875
9686,2864500,21490,51094.703125
9687,2864500,21520,51049.5
9688,2864500,21550,51116.1875
9689,2864500,21580,51113.109375
9690,2864500,21610,51083.015625
9691,2864500,21640,50689.609375
9692,2864500,21670,51147.515625
9693,2864500,21700,51129.6875
9694,2864500,21730,51122.890625
9695,2864500,21760,51112.390625
9696,2864500,21790,51101.015625
9697,2864500,21820,51159.703125
9698,2864500,21850,51101.59375
9699,2864500,21880,51116.703125
9700,2864500,21910,51098.78125
9701,2864500,21940,51145.703125
9702,2864500,21970,51090.40625
9703,2864500,22000,50717.8125
9704,2864500,22030,51107.71875
9705,2864500,22060,51102.90625
9706,2864500,22090,51083.6875
9707,2864500,22120,51076.28125
9708,2864500,22150,51135.78125
9709,2864500,22180,51121.8125
9710,2864500,22210,51108.0
9711,2864500,22240,51078.390625
9712,2864500,22270,50734.609375
9713,2864500,22300,51083.015625
9714,2864500,22330,51104.796875
9715,2864500,22360,51076.09375
9716,2864500,22390,51104.703125
9717,2864500,22420,51086.390625
9718,2864500,22450,51066.90625
9719,2864500,22480,51100.5
9720,2864500,22510,51151.984375
9721,2864500,22540,51107.0
9722,2864500,22570,51128.21875
9723,2864500,22600,51096.09375
9724,2864500,22630,50759.21875
9725,2864500,22660,51161.296875
9726,2864500,22690,51146.109375
9727,2864500,22720,51098.1875
9728,2864500,22750,51174.5
9729,2864500,22780,51136.890625
9730,2864500,22810,51192.609375
9731,2864500,22840,51121.5
9732,2864500,22870,51026.71875
9733,2864500,22900,50705.1875
9734,2864500,22930,51143.890625
9735,2864500,22960,51114.203125
9736,2864500,22990,51179.984375
9737,2864500,23020,51116.484375
9738,2864500,23050,51076.8125
9739,2864500,23080,51117.203125
9740,2864500,23110,51091.78125
9741,2864500,23140,51084.59375
9742,2864500,23170,51156.3125
9743,2864500,23200,51051.203125
9744,2864500,23230,51094.796875
9745,2864500,23260,51139.890625
9746,2864500,23290,50712.796875
9747,2864500,23320,51121.21875
9748,2864500,23350,51081.40625
9749,2864500,23380,51135.390625
9750,2864500,23410,51115.296875
9751,2864500,23440,51128.71875
9752,2864500,23470,51139.28125
9753,2864500,23500,51167.40625
9754,2864500,23530,50734.09375
9755,2864500,23560,51120.71875
9756,2864500,23590,51109.90625
9757,2864500,23620,51143.59375
9758,2864500,23650,51079.515625
9759,2864500,23680,51150.59375
9760,2864500,23710,51149.015625
9761,2864500,23740,51143.71875
9762,2864500,23770,51170.296875
9763,2864500,23800,51162.21875
9764,2864500,23830,51114.8125
9765,2864500,23860,51121.015625
9766,2864500,23890,50759.40625
9767,2864500,23920,51106.8125
9768,2864500,23950,51056.3125
9769,2864500,23980,51158.609375
9770,2864500,24010,51121.890625
9771,2864500,24040,51109.796875
9772,2864500,24070,51117.90625
9773,2864500,24100,51135.0
9774,2864500,24130,51117.0
9775,2864500,24160,51081.40625
9776,2864500,24190,51096.390625
9777,2864500,24220,51116.296875
9778,2864500,24250,50818.609375
9779,2864500,24280,51074.21875
9780,2864500,24310,51113.6875
9781,2864500,24340,51077.09375
9782,2864500,24370,51082.40625
9783,2864500,24400,51081.796875
9784,2864500,24430,51105.390625
9785,2864500,24460,50748.90625
9786,2864500,24490,51072.71875
9787,2864500,24520,51055.203125
9788,2864500,24550,51128.59375
9789,2864500,24580,51155.59375
9790,2864500,24610,51109.109375
9791,2864500,24640,51075.796875
9792,2864500,24670,51128.09375
9793,2864500,24700,51107.40625
9794,2864500,24730,51080.40625
9795,2864500,24760,51091.09375
9796,2864500,24790,51161.3125
9797,2864500,24820,50726.0
9798,2864500,24850,51158.5
9799,2864500,24880,51140.390625
9800,2864500,24910,51141.890625
9801,2864500,24940,51042.609375
9802,2864500,24970,51144.796875
9803,2864500,25000,51095.0
9804,2864500,25030,51097.90625
9805,2864500,25060,51116.6875
9806,2864500,25090,50664.984375
9807,2864500,25120,51159.40625
9808,2864500,25150,51077.796875
9809,2864500,25180,51063.59375
9810,2864500,25210,51162.796875
9811,2864500,25240,51138.484375
9812,2864500,25270,51095.5
9813,2864500,25300,51091.484375
9814,2864500,25330,51142.09375
9815,2864500,25360,51141.109375
9816,2864500,25390,50684.09375
9817,2864500,25420,51112.609375
9818,2864500,25450,51120.90625
9819,2864500,25480,51128.515625
9820,2864500,25510,51095.6875
9821,2864500,25540,51065.3125
9822,2864500,25570,51193.1875
9823,2864500,25600,51146.296875
9824,2864500,25630,51156.6875
9825,2864500,25660,51153.296875
9826,2864500,25690,51096.40625
9827,2864500,25720,50745.203125
9828,2864500,25750,51157.1875
9829,2864500,25780,51074.515625
9830,2864500,25810,51169.984375
9831,2864500,25840,51106.40625
9832,2864500,25870,51121.09375
9833,2864500,25900,51095.1875
9834,2864500,25930,51100.59375
9835,2864500,25960,51147.8125
9836,2864500,25990,51118.609375
9837,2864500,26020,50710.984375
9838,2864500,26050,51157.890625
9839,2864500,26080,51134.8125
9840,2864500,26110,51151.0
9841,2864500,26140,51137.6875
9842,2864500,26170,51141.390625
9843,2864500,26200,51100.296875
9844,2864500,26230,51110.40625
9845,2864500,26260,51149.8125
9846,2864500,26290,51118.59375
9847,2864500,26320,51082.71875
9848,2864500,26350,51073.28125
9849,2864500,26380,50756.3125
9850,2864500,26410,51165.0
9851,2864500,26440,51116.90625
9852,2864500,26470,51148.984375
9853,2864500,26500,51078.28125
9854,2864500,26530,51100.40625
9855,2864500,26560,51159.109375
9856,2864500,26590,51094.40625
9857,2864500,26620,51137.390625
9858,2864500,26650,50731.296875
9859,2864500,26680,51110.09375
9860,2864500,26710,51146.109375
9861,2864500,26740,51114.40625
9862,2864500,26770,51090.90625
9863,2864500,26800,51108.8125
9864,2864500,26830,51173.21875
9865,2864500,26860,51069.59375
9866,2864500,26890,51141.890625
9867,2864500,26920,51168.890625
9868,2864500,26950,51152.28125
9869,2864500,26980,51167.109375
9870,2864500,27010,50688.484375
9871,2864500,27040,51126.984375
9872,2864500,27070,51126.59375
9873,2864500,27100,51113.1875
9874,2864500,27130,51139.40625
9875,2864500,27160,51066.09375
9876,2864500,27190,51092.015625
9877,2864500,27220,51128.203125
9878,2864500,27250,51148.40625
9879,2864500,27280,50786.796875
9880,2864500,27310,51148.515625
9881,2864500,27340,51112.515625
9882,2864500,27370,51148.890625
9883,2864500,27400,51113.296875
9884,2864500,27430,51107.203125
9885,2864500,27460,51145.984375
9886,2864500,27490,51166.6875
9887,2864500,27520,51111.1875
9888,2864500,27550,51106.09375
9889,2864500,27580,51133.203125
9890,2864500,27610,51165.40625
9891,2864500,27640,50790.09375
9892,2864500,27670,51123.40625
9893,2864500,27700,51049.71875
9894,2864500,27730,51144.0
9895,2864500,27760,51060.609375
9896,2864500,27790,51108.09375
9897,2864500,27820,51118.40625
9898,2864500,27850,51070.21875
9899,2864500,27880,51115.0
9900,2864500,27910,50710.5
9901,2864500,27940,51127.703125
9902,2864500,27970,51144.390625
9903,2864500,28000,51138.390625
9904,2864500,28030,51155.109375
9905,2864500,28060,51105.8125
9906,2864500,28090,51162.890625
9907,2864500,28120,51132.6875
9908,2864500,28150,51130.890625
9909,2864500,28180,51076.1875
9910,2864500,28210,50738.484375
9911,2864500,28240,51175.28125
9912,2864500,28270,51153.015625
9913,2864500,28300,51168.09375
9914,2864500,28330,51142.59375
9915,2864500,28360,51089.703125
9916,2864500,28390,51093.703125
9917,2864500,28420,51106.6875
9918,2864500,28450,51149.796875
9919,2864500,28480,51097.1875
9920,2864500,28510,51150.90625
9921,2864500,28540,51097.59375
9922,2864500,28570,50733.21875
9923,2864500,28600,51134.3125
9924,2864500,28630,51127.40625
9925,2864500,28660,51118.1875
9926,2864500,28690,51092.5
9927,2864500,28720,51139.890625
9928,2864500,28750,51147.0
9929,2864500,28780,51088.203125
9930,2864500,28810,51102.0
9931,2864500,28840,50771.5
9932,2864500,28870,51106.109375
9933,2864500,28900,51185.40625
9934,2864500,28930,51083.3125
9935,2864500,28960,51117.796875
9936,2864500,28990,51126.21875
9937,2864500,29020,51127.8125
9938,2864500,29050,51117.59375
9939,2864500,29080,51105.609375
9940,2864500,29110,51105.3125
9941,2864500,29140,51114.90625
9942,2864500,29170,51135.6875
9943,2864500,29200,51091.6875
9944,2864500,29230,50752.59375
9945,2864500,29260,51119.609375
9946,2864500,29290,51104.109375
9947,2864500,29320,51139.203125
9948,2864500,29350,51136.78125
9949,2864500,29380,51093.984375
9950,2864500,29410,51161.1875
9951,2864500,29440,51177.390625
9952,2864500,29470,50732.90625
9953,2864500,29500,51091.796875
9954,2864500,29530,51105.0
9955,2864500,29560,51149.40625
9956,2864500,29590,51105.609375
9957,2864500,29620,51138.3125
9958,2864500,29650,51117.3125
9959,2864500,29680,51141.0
9960,2864500,29710,51110.8125
9961,2864500,29740,51132.6875
9962,2864500,29770,51055.09375
9963,2864500,29800,51140.0
9964,2864500,29830,50709.59375
9965,2864500,29860,51143.5
9966,2864500,29890,51088.109375
9967,2864500,29920,51139.8125
9968,2864500,29950,51127.09375
9969,2864500,29980,51126.109375
9970,2865000,100,11345.40625
9971,2865000,130,51787.609375
9972,2865000,160,53397.0
9973,2865000,190,51545.0
9974,2865000,220,44666.59375
9975,2865000,250,48115.796875
9976,2865000,280,51175.390625
9977,2865000,310,52393.203125
9978,2865000,340,49187.8125
9979,2865000,370,42712.90625
9980,2865000,400,43817.5
9981,2865000,430,48483.609375
9982,2865000,460,49192.0
9983,2865000,490,48957.21875
9984,2865000,520,47963.0
9985,2865000,550,47736.90625
9986,2865000,580,50145.28125
9987,2865000,610,50652.203125
9988,2865000,640,48673.796875
9989,2865000,670,43919.59375
9990,2865000,700,42642.1875
9991,2865000,730,46069.0
9992,2865000,760,48819.609375
9993,2865000,790,50840.0
9994,2865000,820,49495.40625
9995,2865000,850,46674.984375
9996,2865000,880,46075.609375
9997,2865000,910,48391.40625
9998,2865000,940,50454.8125
9999,2865000,970,50208.8125
10000,2865000,1000,48458.6875
10001,2865000,1030,46002.28125
10002,2865000,1060,45445.09375
10003,2865000,1090,46353.90625
10004,2865000,1120,47605.09375
10005,2865000,1150,49161.703125
10006,2865000,1180,48881.890625
10007,2865000,1210,48712.90625
10008,2865000,1240,48574.09375
10009,2865000,1270,48345.6875
10010,2865000,1300,47990.90625
10011,2865000,1330,47357.5
10012,2865000,1360,47560.8125
10013,2865000,1390,48052.0
10014,2865000,1420,48477.3125
10015,2865000,1450,48431.703125
10016,2865000,1480,47944.5
10017,2865000,1510,47267.703125
10018,2865000,1540,47908.1875
10019,2865000,1570,48963.609375
10020,2865000,1600,49256.203125
10021,2865000,1630,49124.6875
10022,2865000,1660,48138.6875
10023,2865000,1690,47265.5
10024,2865000,1720,47220.296875
10025,2865000,1750,47059.890625
10026,2865000,1780,47946.40625
10027,2865000,1810,48532.703125
10028,2865000,1840,48645.0
10029,2865000,1870,48727.890625
10030,2865000,1900,48410.5
10031,2865000,1930,47567.0
10032,2865000,1960,47465.203125
10033,2865000,1990,48087.984375
10034,2865000,2020,48813.015625
10035,2865000,2050,48949.390625
10036,2865000,2080,48791.90625
10037,2865000,2110,47592.59375
10038,2865000,2140,47065.796875
10039,2865000,2170,47649.40625
10040,2865000,2200,48315.1875
10041,2865000,2230,49237.59375
10042,2865000,2260,48865.8125
10043,2865000,2290,47839.40625
10044,2865000,2320,46966.59375
10045,2865000,2350,47799.984375
10046,2865000,2380,48602.59375
10047,2865000,2410,48764.0
10048,2865000,2440,48614.515625
10049,2865000,2470,48091.1875
10050,2865000,2500,48006.90625
10051,2865000,2530,48351.3125
10052,2865000,2560,48554.015625
10053,2865000,2590,48116.203125
10054,2865000,2620,47533.1875
10055,2865000,2650,47596.0
10056,2865000,2680,48309.296875
10057,2865000,2710,48872.296875
10058,2865000,2740,49049.984375
10059,2865000,2770,48177.484375
10060,2865000,2800,47633.71875
10061,2865000,2830,47711.0
10062,2865000,2860,48515.3125
10063,2865000,2890,49192.296875
10064,2865000,2920,48813.09375
10065,2865000,2950,47189.015625
10066,2865000,2980,46949.890625
10067,2865000,3010,47547.609375
10068,2865000,3040,48518.59375
10069,2865000,3070,49302.6875
10070,2865000,3100,49142.6875
10071,2865000,3130,48229.890625
10072,2865000,3160,47914.5
10073,2865000,3190,48132.59375
10074,2865000,3220,48630.59375
10075,2865000,3250,48354.28125
10076,2865000,3280,48098.296875
10077,2865000,3310,47504.3125
10078,2865000,3340,47691.6875
10079,2865000,3370,48315.609375
10080,2865000,3400,48821.09375
10081,2865000,3430,48925.609375
10082,2865000,3460,48456.203125
10083,2865000,3490,48136.015625
10084,2865000,3520,48410.390625
10085,2865000,3550,48839.609375
10086,2865000,3580,48360.09375
10087,2865000,3610,47945.8125
10088,2865000,3640,47529.90625
10089,2865000,3670,47596.1875
10090,2865000,3700,48139.3125
10091,2865000,3730,48790.71875
10092,2865000,3760,49027.90625
10093,2865000,3790,48552.90625
10094,2865000,3820,48213.484375
10095,2865000,3850,48404.5
10096,2865000,3880,48692.3125
10097,2865000,3910,48688.78125
10098,2865000,3940,48401.1875
10099,2865000,3970,47507.984375
10100,2865000,4000,47561.5
10101,2865000,4030,47950.796875
10102,2865000,4060,48472.90625
10103,2865000,4090,48850.796875
10104,2865000,4120,48727.109375
10105,2865000,4150,48594.390625
10106,2865000,4180,48499.109375
10107,2865000,4210,48583.890625
10108,2865000,4240,48270.90625
10109,2865000,4270,48463.296875
10110,2865000,4300,48241.1875
10111,2865000,4330,48061.296875
10112,2865000,4360,48037.3125
10113,2865000,4390,48239.8125
10114,2865000,4420,48486.90625
10115,2865000,4450,48518.6875
10116,2865000,4480,48562.484375
10117,2865000,4510,48380.90625
10118,2865000,4540,48830.90625
10119,2865000,4570,48713.109375
10120,2865000,4600,48463.59375
10121,2865000,4630,48030.40625
10122,2865000,4660,47971.390625
10123,2865000,4690,48122.5
10124,2865000,4720,48418.984375
10125,2865000,4750,48656.609375
10126,2865000,4780,48577.015625
10127,2865000,4810,48471.0
10128,2865000,4840,48424.609375
10129,2865000,4870,48178.5
10130,2865000,4900,48644.203125
10131,2865000,4930,48721.6875
10132,2865000,4960,48601.796875
10133,2865000,4990,48440.703125
10134,2865000,5020,48161.78125
10135,2865000,5050,48098.796875
10136,2865000,5080,48228.609375
10137,2865000,5110,48470.6875
10138,2865000,5140,48344.59375
10139,2865000,5170,48740.3125
10140,2865000,5200,48701.40625
10141,2865000,5230,48558.109375
10142,2865000,5260,48450.984375
10143,2865000,5290,48378.796875
10144,2865000,5320,48343.890625
10145,2865000,5350,48494.6875
10146,2865000,5380,48516.8125
10147,2865000,5410,48505.890625
10148,2865000,5440,48460.40625
10149,2865000,5470,48443.28125
10150,2865000,5500,48096.09375
10151,2865000,5530,48520.390625
10152,2865000,5560,48663.390625
10153,2865000,5590,48727.59375
10154,2865000,5620,48794.390625
10155,2865000,5650,48447.890625
10156,2865000,5680,48277.890625
10157,2865000,5710,48125.5
10158,2865000,5740,48292.015625
10159,2865000,5770,48277.109375
10160,2865000,5800,48852.6875
10161,2865000,5830,48844.0
10162,2865000,5860,48500.796875
10163,2865000,5890,48238.703125
10164,2865000,5920,48238.59375
10165,2865000,5950,48538.015625
10166,2865000,5980,48844.59375
10167,2865000,6010,48770.296875
10168,2865000,6040,48630.09375
10169,2865000,6070,47952.984375
10170,2865000,6100,48310.09375
10171,2865000,6130,48488.703125
10172,2865000,6160,48657.8125
10173,2865000,6190,48687.609375
10174,2865000,6220,48586.109375
10175,2865000,6250,48566.09375
10176,2865000,6280,48581.90625
10177,2865000,6310,48627.90625
10178,2865000,6340,48457.390625
10179,2865000,6370,48298.203125
10180,2865000,6400,48364.5
10181,2865000,6430,48334.296875
10182,2865000,6460,48908.1875
10183,2865000,6490,48884.984375
10184,2865000,6520,48616.0
10185,2865000,6550,48131.40625
10186,2865000,6580,48175.484375
10187,2865000,6610,48483.0
10188,2865000,6640,48902.1875
10189,2865000,6670,48939.203125
10190,2865000,6700,48603.5
10191,2865000,6730,48264.296875
10192,2865000,6760,47826.703125
10193,2865000,6790,48489.40625
10194,2865000,6820,48890.78125
10195,2865000,6850,48947.703125
10196,2865000,6880,48726.6875
10197,2865000,6910,48399.1875
10198,2865000,6940,48355.515625
10199,2865000,6970,48517.984375
10200,2865000,7000,48627.390625
10201,2865000,7030,48626.484375
10202,2865000,7060,48273.609375
10203,2865000,7090,48587.40625
10204,2865000,7120,48686.09375
10205,2865000,7150,48826.796875
10206,2865000,7180,48697.71875
10207,2865000,7210,48480.703125
10208,2865000,7240,48306.59375
10209,2865000,7270,48555.984375
10210,2865000,7300,48783.59375
10211,2865000,7330,48504.59375
10212,2865000,7360,48772.703125
10213,2865000,7390,48355.59375
10214,2865000,7420,48303.40625
10215,2865000,7450,48531.703125
10216,2865000,7480,48844.3125
10217,2865000,7510,49012.8125
10218,2865000,7540,48832.515625
10219,2865000,7570,48549.609375
10220,2865000,7600,48335.203125
10221,2865000,7630,48345.390625
10222,2865000,7660,48598.203125
10223,2865000,7690,48497.109375
10224,2865000,7720,48847.78125
10225,2865000,7750,48714.21875
10226,2865000,7780,48532.40625
10227,2865000,7810,48599.59375
10228,2865000,7840,48666.390625
10229,2865000,7870,48715.5
10230,2865000,7900,48700.703125
10231,2865000,7930,48696.1875
10232,2865000,7960,48346.1875
10233,2865000,7990,48625.609375
10234,2865000,8020,48526.296875
10235,2865000,8050,48547.109375
10236,2865000,8080,48578.5
10237,2865000,8110,48691.203125
10238,2865000,8140,48762.796875
10239,2865000,8170,48773.28125
10240,2865000,8200,48735.203125
10241,2865000,8230,48604.71875
10242,2865000,8260,48525.90625
10243,2865000,8290,48553.609375
10244,2865000,8320,48251.78125
10245,2865000,8350,48669.484375
10246,2865000,8380,48790.109375
10247,2865000,8410,48773.796875
10248,2865000,8440,48683.296875
10249,2865000,8470,48617.28125
10250,2865000,8500,48608.21875
10251,2865000,8530,48652.8125
10252,2865000,8560,48776.0
10253,2865000,8590,48867.3125
10254,2865000,8620,48459.609375
10255,2865000,8650,48547.0
10256,2865000,8680,48443.90625
10257,2865000,8710,48479.59375
10258,2865000,8740,48723.5
10259,2865000,8770,48900.703125
10260,2865000,8800,48834.796875
10261,2865000,8830,48702.6875
10262,2865000,8860,48509.109375
10263,2865000,8890,48239.796875
10264,2865000,8920,48690.09375
10265,2865000,8950,48768.90625
10266,2865000,8980,48828.5
10267,2865000,9010,48606.78125
10268,2865000,9040,48580.71875
10269,2865000,9070,48714.203125
10270,2865000,9100,48793.1875
10271,2865000,9130,48783.90625
10272,2865000,9160,48715.109375
10273,2865000,9190,48639.5
10274,2865000,9220,48646.28125
10275,2865000,9250,48481.296875
10276,2865000,9280,48888.703125
10277,2865000,9310,48646.296875
10278,2865000,9340,48497.0
10279,2865000,9370,48487.59375
10280,2865000,9400,48700.984375
10281,2865000,9430,48918.609375
10282,2865000,9460,48968.703125
10283,2865000,9490,48727.90625
10284,2865000,9520,48240.09375
10285,2865000,9550,48535.015625
10286,2865000,9580,48632.0
10287,2865000,9610,48911.09375
10288,2865000,9640,48824.984375
10289,2865000,9670,48666.609375
10290,2865000,9700,48491.203125
10291,2865000,9730,48583.609375
10292,2865000,9760,48708.40625
10293,2865000,9790,48903.90625
10294,2865000,9820,48890.203125
10295,2865000,9850,48700.6875
10296,2865000,9880,48238.390625
10297,2865000,9910,48663.90625
10298,2865000,9940,48830.890625
10299,2865000,9970,48811.609375
10300,2865000,10000,48757.890625
10301,2865000,10030,48584.28125
10302,2865000,10060,48612.40625
10303,2865000,10090,48755.78125
10304,2865000,10120,48812.09375
10305,2865000,10150,48457.8125
10306,2865000,10180,48774.59375
10307,2865000,10210,48611.59375
10308,2865000,10240,48639.203125
10309,2865000,10270,48852.8125
10310,2865000,10300,48911.796875
10311,2865000,10330,48782.78125
10312,2865000,10360,48706.5
10313,2865000,10390,48611.71875
10314,2865000,10420,48710.015625
10315,2865000,10450,48925.90625
10316,2865000,10480,48892.203125
10317,2865000,10510,48497.8125
10318,2865000,10540,48660.703125
10319,2865000,10570,48626.6875
10320,2865000,10600,48712.90625
10321,2865000,10630,48806.09375
10322,2865000,10660,48806.8125
10323,2865000,10690,48821.203125
10324,2865000,10720,48667.1875
10325,2865000,10750,48744.3125
10326,2865000,10780,48757.0
10327,2865000,10810,48500.40625
10328,2865000,10840,48843.5
10329,2865000,10870,48794.28125
10330,2865000,10900,48757.796875
10331,2865000,10930,48755.296875
10332,2865000,10960,48801.5
10333,2865000,10990,48866.109375
10334,2865000,11020,48859.609375
10335,2865000,11050,48676.8125
10336,2865000,11080,48436.59375
10337,2865000,11110,48812.984375
10338,2865000,11140,48832.09375
10339,2865000,11170,48809.90625
10340,2865000,11200,48813.28125
10341,2865000,11230,48749.09375
10342,2865000,11260,48733.796875
10343,2865000,11290,48803.5
10344,2865000,11320,48857.0
10345,2865000,11350,48812.3125
10346,2865000,11380,48688.09375
10347,2865000,11410,48782.59375
10348,2865000,11440,48800.21875
10349,2865000,11470,48468.21875
10350,2865000,11500,48838.109375
10351,2865000,11530,48774.109375
10352,2865000,11560,48798.6875
10353,2865000,11590,48721.59375
10354,2865000,11620,48764.390625
10355,2865000,11650,48709.1875
10356,2865000,11680,48841.390625
10357,2865000,11710,48524.890625
10358,2865000,11740,48758.5
10359,2865000,11770,48849.59375
10360,2865000,11800,48781.109375
10361,2865000,11830,48831.203125
10362,2865000,11860,48768.8125
10363,2865000,11890,48769.1875
10364,2865000,11920,48816.0
10365,2865000,11950,48750.296875
10366,2865000,11980,48784.90625
10367,2865000,12010,48819.40625
10368,2865000,12040,48768.203125
10369,2865000,12070,48523.515625
10370,2865000,12100,48817.6875
10371,2865000,12130,48772.203125
10372,2865000,12160,48815.5
10373,2865000,12190,48816.28125
10374,2865000,12220,48810.78125
10375,2865000,12250,48810.8125
10376,2865000,12280,48781.8125
10377,2865000,12310,48744.59375
10378,2865000,12340,48431.8125
10379,2865000,12370,48830.1875
10380,2865000,12400,48846.28125
10381,2865000,12430,48823.59375
10382,2865000,12460,48767.203125
10383,2865000,12490,48754.40625
10384,2865000,12520,48850.09375
10385,2865000,12550,48829.484375
10386,2865000,12580,48821.703125
10387,2865000,12610,48770.40625
10388,2865000,12640,48812.390625
10389,2865000,12670,48788.796875
10390,2865000,12700,48455.515625
10391,2865000,12730,48884.109375
10392,2865000,12760,48906.203125
10393,2865000,12790,48823.59375
10394,2865000,12820,48758.203125
10395,2865000,12850,48769.59375
10396,2865000,12880,48845.0
10397,2865000,12910,48818.3125
10398,2865000,12940,48833.5
10399,2865000,12970,48844.015625
10400,2865000,13000,48509.203125
10401,2865000,13030,48828.609375
10402,2865000,13060,48856.8125
10403,2865000,13090,48851.28125
10404,2865000,13120,48861.8125
10405,2865000,13150,48830.71875
10406,2865000,13180,48826.796875
10407,2865000,13210,48789.6875
10408,2865000,13240,48833.5
10409,2865000,13270,48510.0
10410,2865000,13300,48741.40625
10411,2865000,13330,48825.109375
10412,2865000,13360,48853.21875
10413,2865000,13390,48884.296875
10414,2865000,13420,48840.78125
10415,2865000,13450,48868.8125
10416,2865000,13480,48845.40625
10417,2865000,13510,48805.109375
10418,2865000,13540,48812.1875
10419,2865000,13570,48875.09375
10420,2865000,13600,48877.0
10421,2865000,13630,48481.0
10422,2865000,13660,48816.890625
10423,2865000,13690,48812.28125
10424,2865000,13720,48829.40625
10425,2865000,13750,48847.796875
10426,2865000,13780,48894.703125
10427,2865000,13810,48765.609375
10428,2865000,13840,48829.984375
10429,2865000,13870,48869.1875
10430,2865000,13900,48512.890625
10431,2865000,13930,48843.015625
10432,2865000,13960,48820.203125
10433,2865000,13990,48867.90625
10434,2865000,14020,48840.796875
10435,2865000,14050,48802.8125
10436,2865000,14080,48802.890625
10437,2865000,14110,48851.8125
10438,2865000,14140,48832.015625
10439,2865000,14170,48897.296875
10440,2865000,14200,48840.40625
10441,2865000,14230,48923.6875
10442,2865000,14260,48490.0
10443,2865000,14290,48860.59375
10444,2865000,14320,48797.984375
10445,2865000,14350,48814.40625
10446,2865000,14380,48867.109375
10447,2865000,14410,48901.390625
10448,2865000,14440,48910.28125
10449,2865000,14470,48814.0
10450,2865000,14500,48815.59375
10451,2865000,14530,48494.59375
10452,2865000,14560,48816.5
10453,2865000,14590,48891.6875
10454,2865000,14620,48865.390625
10455,2865000,14650,48838.40625
10456,2865000,14680,48924.90625
10457,2865000,14710,48842.390625
10458,2865000,14740,48913.890625
10459,2865000,14770,48866.390625
10460,2865000,14800,48909.6875
10461,2865000,14830,48540.609375
10462,2865000,14860,48858.703125
10463,2865000,14890,48852.984375
10464,2865000,14920,48817.796875
10465,2865000,14950,48832.796875
10466,2865000,14980,48842.015625
10467,2865000,15010,48881.59375
10468,2865000,15040,48813.984375
10469,2865000,15070,48843.796875
10470,2865000,15100,48886.296875
10471,2865000,15130,48853.59375
10472,2865000,15160,48903.59375
10473,2865000,15190,48459.09375
10474,2865000,15220,48856.609375
10475,2865000,15250,48884.484375
10476,2865000,15280,48885.21875
10477,2865000,15310,48906.0
10478,2865000,15340,48842.390625
10479,2865000,15370,48802.390625
10480,2865000,15400,48884.5
10481,2865000,15430,48912.3125
10482,2865000,15460,48879.8125
10483,2865000,15490,48812.609375
10484,2865000,15520,48531.6875
10485,2865000,15550,48842.90625
10486,2865000,15580,48891.796875
10487,2865000,15610,48857.28125
10488,2865000,15640,48875.296875
10489,2865000,15670,48867.484375
10490,2865000,15700,48903.515625
10491,2865000,15730,48928.5
10492,2865000,15760,48949.890625
10493,2865000,15790,48891.015625
10494,2865000,15820,48522.8125
10495,2865000,15850,48849.296875
10496,2865000,15880,48869.59375
10497,2865000,15910,48915.6875
10498,2865000,15940,48888.015625
10499,2865000,15970,48826.90625
10500,2865000,16000,48846.515625
10501,2865000,16030,48866.203125
10502,2865000,16060,48897.5
10503,2865000,16090,48564.09375
10504,2865000,16120,48912.0
10505,2865000,16150,48850.8125
10506,2865000,16180,48821.21875
10507,2865000,16210,48852.203125
10508,2865000,16240,48879.796875
10509,2865000,16270,48858.0
10510,2865000,16300,48919.0
10511,2865000,16330,48922.8125
10512,2865000,16360,48863.890625
10513,2865000,16390,48875.203125
10514,2865000,16420,48888.609375
10515,2865000,16450,48536.09375
10516,2865000,16480,48869.90625
10517,2865000,16510,48861.984375
10518,2865000,16540,48886.109375
10519,2865000,16570,48866.703125
10520,2865000,16600,48901.390625
10521,2865000,16630,48934.59375
10522,2865000,16660,48858.515625
10523,2865000,16690,48903.484375
10524,2865000,16720,48578.90625
10525,2865000,16750,48882.703125
10526,2865000,16780,48910.1875
10527,2865000,16810,48916.296875
10528,2865000,16840,48901.71875
10529,2865000,16870,48889.515625
10530,2865000,16900,48907.09375
10531,2865000,16930,48895.90625
10532,2865000,16960,48869.40625
10533,2865000,16990,48889.296875
10534,2865000,17020,48881.8125
10535,2865000,17050,48934.109375
10536,2865000,17080,48537.28125
10537,2865000,17110,48914.6875
10538,2865000,17140,48843.390625
10539,2865000,17170,48870.390625
10540,2865000,17200,48901.796875
10541,2865000,17230,48939.59375
10542,2865000,17260,48921.8125
10543,2865000,17290,48862.40625
10544,2865000,17320,48926.796875
10545,2865000,17350,48601.6875
10546,2865000,17380,48926.296875
10547,2865000,17410,48887.796875
10548,2865000,17440,48938.5
10549,2865000,17470,48888.5
10550,2865000,17500,48920.8125
10551,2865000,17530,48892.390625
10552,2865000,17560,48889.703125
10553,2865000,17590,48945.8125
10554,2865000,17620,48906.21875
10555,2865000,17650,48570.09375
10556,2865000,17680,48912.5
10557,2865000,17710,48922.40625
10558,2865000,17740,48940.109375
10559,2865000,17770,48918.796875
10560,2865000,17800,48904.1875
10561,2865000,17830,48905.703125
10562,2865000,17860,48907.703125
10563,2865000,17890,48890.6875
10564,2865000,17920,48897.296875
10565,2865000,17950,48846.40625
10566,2865000,17980,48892.890625
10567,2865000,18010,48575.0
10568,2865000,18040,48927.8125
10569,2865000,18070,48937.203125
10570,2865000,18100,48906.890625
10571,2865000,18130,48882.484375
10572,2865000,18160,48922.609375
10573,2865000,18190,48939.3125
10574,2865000,18220,48958.59375
10575,2865000,18250,48793.28125
10576,2865000,18280,48589.703125
10577,2865000,18310,48900.5
10578,2865000,18340,48926.09375
10579,2865000,18370,48876.59375
10580,2865000,18400,48894.890625
10581,2865000,18430,48857.71875
10582,2865000,18460,48904.0
10583,2865000,18490,48934.8125
10584,2865000,18520,48890.8125
10585,2865000,18550,48890.109375
10586,2865000,18580,48961.484375
10587,2865000,18610,48901.5
10588,2865000,18640,48592.390625
10589,2865000,18670,48900.09375
10590,2865000,18700,48938.890625
10591,2865000,18730,48928.109375
10592,2865000,18760,48898.015625
10593,2865000,18790,48915.0
10594,2865000,18820,48944.484375
10595,2865000,18850,48968.09375
10596,2865000,18880,48900.6875
10597,2865000,18910,48605.109375
10598,2865000,18940,48884.703125
10599,2865000,18970,48861.6875
10600,2865000,19000,48946.203125
10601,2865000,19030,48908.09375
10602,2865000,19060,48975.3125
10603,2865000,19090,48867.6875
10604,2865000,19120,48937.71875
10605,2865000,19150,48877.1875
10606,2865000,19180,48896.390625
10607,2865000,19210,48935.484375
10608,2865000,19240,48882.0
10609,2865000,19270,48577.109375
10610,2865000,19300,48892.90625
10611,2865000,19330,48828.0
10612,2865000,19360,48918.890625
10613,2865000,19390,48921.609375
10614,2865000,19420,48908.390625
10615,2865000,19450,48901.1875
10616,2865000,19480,48951.40625
10617,2865000,19510,48982.71875
10618,2865000,19540,48598.71875
10619,2865000,19570,48884.5
10620,2865000,19600,48868.6875
10621,2865000,19630,48920.796875
10622,2865000,19660,48897.40625
10623,2865000,19690,48923.203125
10624,2865000,19720,48963.5
10625,2865000,19750,48935.390625
10626,2865000,19780,48903.109375
10627,2865000,19810,48957.59375
10628,2865000,19840,48577.109375
10629,2865000,19870,48954.90625
10630,2865000,19900,48921.8125
10631,2865000,19930,48860.8125
10632,2865000,19960,48973.09375
10633,2865000,19990,48931.703125
10634,2865000,20020,48899.6875
10635,2865000,20050,48942.09375
10636,2865000,20080,48970.484375
10637,2865000,20110,48898.390625
10638,2865000,20140,48872.3125
10639,2865000,20170,48969.390625
10640,2865000,20200,48622.1875
10641,2865000,20230,48934.390625
10642,2865000,20260,48933.515625
10643,2865000,20290,48933.296875
10644,2865000,20320,48976.1875
10645,2865000,20350,48955.390625
10646,2865000,20380,48891.6875
10647,2865000,20410,48863.203125
10648,2865000,20440,48939.609375
10649,2865000,20470,48940.71875
10650,2865000,20500,48895.703125
10651,2865000,20530,48615.8125
10652,2865000,20560,48951.484375
10653,2865000,20590,48909.09375
10654,2865000,20620,48909.3125
10655,2865000,20650,48907.109375
10656,2865000,20680,48882.09375
10657,2865000,20710,48978.40625
10658,2865000,20740,48942.59375
10659,2865000,20770,48970.09375
10660,2865000,20800,48907.609375
10661,2865000,20830,48584.09375
10662,2865000,20860,48917.203125
10663,2865000,20890,48946.703125
10664,2865000,20920,48977.6875
10665,2865000,20950,48896.015625
10666,2865000,20980,48943.09375
10667,2865000,21010,48905.90625
10668,2865000,21040,48904.203125
10669,2865000,21070,48908.703125
10670,2865000,21100,48648.0
10671,2865000,21130,48919.0
10672,2865000,21160,48966.59375
10673,2865000,21190,48878.78125
10674,2865000,21220,48908.515625
10675,2865000,21250,48905.390625
10676,2865000,21280,48981.71875
10677,2865000,21310,48918.40625
10678,2865000,21340,48900.5
10679,2865000,21370,48978.6875
10680,2865000,21400,48947.0
10681,2865000,21430,48927.59375
10682,2865000,21460,48601.09375
10683,2865000,21490,48922.5
10684,2865000,21520,48961.609375
10685,2865000,21550,48943.59375
10686,2865000,21580,48953.90625
10687,2865000,21610,48942.6875
10688,2865000,21640,48945.015625
10689,2865000,21670,48940.5
10690,2865000,21700,48939.3125
10691,2865000,21730,48625.8125
10692,2865000,21760,48931.1875
10693,2865000,21790,48924.296875
10694,2865000,21820,48893.6875
10695,2865000,21850,48958.8125
10696,2865000,21880,48973.703125
10697,2865000,21910,48972.3125
10698,2865000,21940,48897.59375
10699,2865000,21970,48920.609375
10700,2865000,22000,48932.203125
10701,2865000,22030,48637.109375
10702,2865000,22060,48970.09375
10703,2865000,22090,48941.703125
10704,2865000,22120,48899.203125
10705,2865000,22150,48963.8125
10706,2865000,22180,48949.40625
10707,2865000,22210,48931.09375
10708,2865000,22240,48908.8125
10709,2865000,22270,49020.890625
10710,2865000,22300,48948.390625
10711,2865000,22330,48945.5
10712,2865000,22360,48940.0
10713,2865000,22390,48613.09375
10714,2865000,22420,48916.90625
10715,2865000,22450,48926.8125
10716,2865000,22480,48963.703125
10717,2865000,22510,48891.515625
10718,2865000,22540,48956.703125
10719,2865000,22570,48903.21875
10720,2865000,22600,48933.703125
10721,2865000,22630,48972.3125
10722,2865000,22660,48588.3125
10723,2865000,22690,48968.59375
10724,2865000,22720,48951.09375
10725,2865000,22750,48956.71875
10726,2865000,22780,48986.71875
10727,2865000,22810,48933.59375
10728,2865000,22840,48936.3125
10729,2865000,22870,48966.09375
10730,2865000,22900,48915.5
10731,2865000,22930,48975.796875
10732,2865000,22960,48985.109375
10733,2865000,22990,49035.015625
10734,2865000,23020,48602.203125
10735,2865000,23050,48908.703125
10736,2865000,23080,48928.09375
10737,2865000,23110,48900.1875
10738,2865000,23140,48942.8125
10739,2865000,23170,48966.296875
10740,2865000,23200,48902.1875
10741,2865000,23230,48873.5
10742,2865000,23260,48913.703125
10743,2865000,23290,48608.109375
10744,2865000,23320,48948.09375
10745,2865000,23350,48985.984375
10746,2865000,23380,48945.59375
10747,2865000,23410,48915.90625
10748,2865000,23440,48890.28125
10749,2865000,23470,48921.703125
10750,2865000,23500,49022.109375
10751,2865000,23530,48959.09375
10752,2865000,23560,48944.3125
10753,2865000,23590,48908.890625
10754,2865000,23620,48963.296875
10755,2865000,23650,48624.0
10756,2865000,23680,49033.28125
10757,2865000,23710,48943.90625
10758,2865000,23740,48923.0
10759,2865000,23770,48944.3125
10760,2865000,23800,48895.0
10761,2865000,23830,48934.59375
10762,2865000,23860,48915.703125
10763,2865000,23890,48958.09375
10764,2865000,23920,48570.5
10765,2865000,23950,48926.71875
10766,2865000,23980,48944.390625
10767,2865000,24010,48968.5
10768,2865000,24040,48962.703125
10769,2865000,24070,48965.703125
10770,2865000,24100,48948.59375
10771,2865000,24130,48953.1875
10772,2865000,24160,48986.09375
10773,2865000,24190,48904.3125
10774,2865000,24220,48946.0
10775,2865000,24250,48939.40625
10776,2865000,24280,48643.0
10777,2865000,24310,48917.703125
10778,2865000,24340,48991.203125
10779,2865000,24370,48926.1875
10780,2865000,24400,48920.296875
10781,2865000,24430,48866.984375
10782,2865000,24460,48906.0
10783,2865000,24490,48921.09375
10784,2865000,24520,48945.484375
10785,2865000,24550,48922.296875
10786,2865000,24580,48596.59375
10787,2865000,24610,48911.0
10788,2865000,24640,49016.0
10789,2865000,24670,48921.8125
10790,2865000,24700,48933.3125
10791,2865000,24730,48951.890625
10792,2865000,24760,48921.5
10793,2865000,24790,48951.3125
10794,2865000,24820,48949.484375
10795,2865000,24850,48905.609375
10796,2865000,24880,48879.40625
10797,2865000,24910,48581.78125
10798,2865000,24940,48981.203125
10799,2865000,24970,48921.59375
10800,2865000,25000,48893.5
10801,2865000,25030,48942.390625
10802,2865000,25060,48879.59375
10803,2865000,25090,48967.015625
10804,2865000,25120,48994.6875
10805,2865000,25150,48982.109375
10806,2865000,25180,48870.8125
10807,2865000,25210,48606.40625
10808,2865000,25240,48999.796875
10809,2865000,25270,48955.890625
10810,2865000,25300,48925.703125
10811,2865000,25330,48965.0
10812,2865000,25360,48939.109375
10813,2865000,25390,48919.890625
10814,2865000,25420,48925.515625
10815,2865000,25450,48951.8125
10816,2865000,25480,48600.515625
10817,2865000,25510,48975.28125
10818,2865000,25540,48939.1875
10819,2865000,25570,48975.0
10820,2865000,25600,48925.203125
10821,2865000,25630,48992.796875
10822,2865000,25660,49009.71875
10823,2865000,25690,48949.703125
10824,2865000,25720,48946.09375
10825,2865000,25750,48937.296875
10826,2865000,25780,48977.09375
10827,2865000,25810,48978.984375
10828,2865000,25840,48635.5
10829,2865000,25870,48961.90625
10830,2865000,25900,48967.109375
10831,2865000,25930,48951.0
10832,2865000,25960,48957.8125
10833,2865000,25990,48943.796875
10834,2865000,26020,48909.515625
10835,2865000,26050,48971.8125
10836,2865000,26080,48902.78125
10837,2865000,26110,48587.5
10838,2865000,26140,48942.703125
10839,2865000,26170,48936.0
10840,2865000,26200,48974.40625
10841,2865000,26230,48943.109375
10842,2865000,26260,48926.703125
10843,2865000,26290,48970.109375
10844,2865000,26320,48965.296875
10845,2865000,26350,48927.984375
10846,2865000,26380,48951.59375
10847,2865000,26410,48640.609375
10848,2865000,26440,48894.0
10849,2865000,26470,49010.609375
10850,2865000,26500,48887.0
10851,2865000,26530,48953.59375
10852,2865000,26560,48970.5
10853,2865000,26590,48949.390625
10854,2865000,26620,48937.6875
10855,2865000,26650,48949.296875
10856,2865000,26680,48970.90625
10857,2865000,26710,48915.3125
10858,2865000,26740,48914.78125
10859,2865000,26770,48603.3125
10860,2865000,26800,48932.890625
10861,2865000,26830,48973.796875
10862,2865000,26860,48920.40625
10863,2865000,26890,48962.40625
10864,2865000,26920,48940.015625
10865,2865000,26950,48908.09375
10866,2865000,26980,48966.5
10867,2865000,27010,48960.703125
10868,2865000,27040,48973.59375
10869,2865000,27070,48915.609375
10870,2865000,27100,48608.40625
10871,2865000,27130,48951.3125
10872,2865000,27160,48962.40625
10873,2865000,27190,48953.8125
10874,2865000,27220,48960.109375
10875,2865000,27250,48954.59375
10876,2865000,27280,48934.1875
10877,2865000,27310,48950.6875
10878,2865000,27340,48902.796875
10879,2865000,27370,48912.40625
10880,2865000,27400,48607.59375
10881,2865000,27430,48962.21875
10882,2865000,27460,48990.0
10883,2865000,27490,48979.5
10884,2865000,27520,48970.203125
10885,2865000,27550,48974.78125
10886,2865000,27580,48941.796875
10887,2865000,27610,48970.484375
10888,2865000,27640,48942.59375
10889,2865000,27670,48548.90625
10890,2865000,27700,48954.703125
10891,2865000,27730,48997.609375
10892,2865000,27760,48950.0
10893,2865000,27790,48973.09375
10894,2865000,27820,48955.609375
10895,2865000,27850,48958.796875
10896,2865000,27880,48947.015625
10897,2865000,27910,48945.0
10898,2865000,27940,48970.796875
10899,2865000,27970,48986.609375
10900,2865000,28000,48934.203125
10901,2865000,28030,48565.1875
10902,2865000,28060,48960.8125
10903,2865000,28090,48991.40625
10904,2865000,28120,48961.390625
10905,2865000,28150,48943.296875
10906,2865000,28180,48924.0
10907,2865000,28210,48957.703125
10908,2865000,28240,48941.40625
10909,2865000,28270,48925.203125
10910,2865000,28300,48687.296875
10911,2865000,28330,48909.5
10912,2865000,28360,48895.296875
10913,2865000,28390,48980.703125
10914,2865000,28420,48981.59375
10915,2865000,28450,48907.0
10916,2865000,28480,48986.5
10917,2865000,28510,48942.0
10918,2865000,28540,48949.28125
10919,2865000,28570,48960.890625
10920,2865000,28600,48621.90625
10921,2865000,28630,48967.78125
10922,2865000,28660,48998.796875
10923,2865000,28690,48981.71875
10924,2865000,28720,48990.0
10925,2865000,28750,48912.28125
10926,2865000,28780,48989.09375
10927,2865000,28810,48976.90625
10928,2865000,28840,48973.015625
10929,2865000,28870,48958.609375
10930,2865000,28900,48982.09375
10931,2865000,28930,48901.90625
10932,2865000,28960,48611.09375
10933,2865000,28990,48948.109375
10934,2865000,29020,48954.40625
10935,2865000,29050,48945.609375
10936,2865000,29080,48949.71875
10937,2865000,29110,48929.90625
10938,2865000,29140,48908.40625
10939,2865000,29170,48955.296875
10940,2865000,29200,48929.109375
10941,2865000,29230,48890.703125
10942,2865000,29260,48973.90625
10943,2865000,29290,48573.28125
10944,2865000,29320,48921.3125
10945,2865000,29350,48964.890625
10946,2865000,29380,48999.1875
10947,2865000,29410,48905.3125
10948,2865000,29440,48974.5
10949,2865000,29470,48985.28125
10950,2865000,29500,48927.0
10951,2865000,29530,48942.5
10952,2865000,29560,48909.90625
10953,2865000,29590,48625.015625
10954,2865000,29620,48964.015625
10955,2865000,29650,48915.90625
10956,2865000,29680,48970.015625
10957,2865000,29710,48945.78125
10958,2865000,29740,48951.6875
10959,2865000,29770,48949.6875
10960,2865000,29800,48910.984375
10961,2865000,29830,48899.0
10962,2865000,29860,48599.09375
10963,2865000,29890,48928.609375
10964,2865000,29920,48958.71875
10965,2865000,29950,48923.59375
10966,2865000,29980,48918.296875
10967,2865500,100,10421.0
10968,2865500,130,47350.0
10969,2865500,160,49460.484375
10970,2865500,190,47814.015625
10971,2865500,220,41394.390625
10972,2865500,250,44276.6875
10973,2865500,280,47427.203125
10974,2865500,310,48716.703125
10975,2865500,340,45733.5
10976,2865500,370,39495.59375
10977,2865500,400,40271.71875
10978,2865500,430,44696.609375
10979,2865500,460,45675.59375
10980,2865500,490,45544.09375
10981,2865500,520,44489.015625
10982,2865500,550,44389.5
10983,2865500,580,46678.109375
10984,2865500,610,47311.21875
10985,2865500,640,45415.984375
10986,2865500,670,40706.59375
10987,2865500,700,39124.0
10988,2865500,730,41897.6875
10989,2865500,760,45129.890625
10990,2865500,790,46926.59375
10991,2865500,820,45917.40625
10992,2865500,850,43220.1875
10993,2865500,880,42595.0
10994,2865500,910,44840.90625
10995,2865500,940,46897.3125
10996,2865500,970,46783.78125
10997,2865500,1000,45207.796875
10998,2865500,1030,42762.296875
10999,2865500,1060,41897.40625
11000,2865500,1090,42783.203125
11001,2865500,1120,44151.296875
11002,2865500,1150,45303.6875
11003,2865500,1180,45270.09375
11004,2865500,1210,45282.703125
11005,2865500,1240,45164.59375
11006,2865500,1270,45012.09375
11007,2865500,1300,44630.09375
11008,2865500,1330,43880.796875
11009,2865500,1360,43730.109375
11010,2865500,1390,44758.109375
11011,2865500,1420,44964.8125
11012,2865500,1450,44875.890625
11013,2865500,1480,44287.90625
11014,2865500,1510,43615.6875
11015,2865500,1540,44258.703125
11016,2865500,1570,45316.0
11017,2865500,1600,45774.3125
11018,2865500,1630,45478.40625
11019,2865500,1660,44952.90625
11020,2865500,1690,44013.21875
11021,2865500,1720,43823.109375
11022,2865500,1750,43788.5
11023,2865500,1780,44196.203125
11024,2865500,1810,44924.703125
11025,2865500,1840,44984.203125
11026,2865500,1870,45118.109375
11027,2865500,1900,44955.09375
11028,2865500,1930,43988.90625
11029,2865500,1960,44018.203125
11030,2865500,1990,44476.609375
11031,2865500,2020,45252.203125
11032,2865500,2050,45685.0
11033,2865500,2080,45393.0
11034,2865500,2110,44175.703125
11035,2865500,2140,43618.40625
11036,2865500,2170,43955.515625
11037,2865500,2200,44595.203125
11038,2865500,2230,45538.015625
11039,2865500,2260,45422.8125
11040,2865500,2290,44211.703125
11041,2865500,2320,44003.59375
11042,2865500,2350,44307.6875
11043,2865500,2380,44916.90625
11044,2865500,2410,45176.71875
11045,2865500,2440,44987.78125
11046,2865500,2470,44636.390625
11047,2865500,2500,44597.015625
11048,2865500,2530,44944.703125
11049,2865500,2560,44808.21875
11050,2865500,2590,44628.390625
11051,2865500,2620,43993.3125
11052,2865500,2650,43960.109375
11053,2865500,2680,44577.0
11054,2865500,2710,45567.296875
11055,2865500,2740,45647.109375
11056,2865500,2770,44758.1875
11057,2865500,2800,44078.890625
11058,2865500,2830,44205.0
11059,2865500,2860,44871.890625
11060,2865500,2890,45698.390625
11061,2865500,2920,45345.1875
11062,2865500,2950,44365.984375
11063,2865500,2980,43468.6875
11064,2865500,3010,43768.703125
11065,2865500,3040,44642.390625
11066,2865500,3070,45532.703125
11067,2865500,3100,45591.3125
11068,2865500,3130,44841.796875
11069,2865500,3160,44467.1875
11070,2865500,3190,44407.0
11071,2865500,3220,45169.59375
11072,2865500,3250,45337.890625
11073,2865500,3280,44826.609375
11074,2865500,3310,43990.296875
11075,2865500,3340,44121.09375
11076,2865500,3370,44624.296875
11077,2865500,3400,45141.09375
11078,2865500,3430,45245.6875
11079,2865500,3460,44842.5
11080,2865500,3490,44673.59375
11081,2865500,3520,44846.90625
11082,2865500,3550,45085.90625
11083,2865500,3580,45544.703125
11084,2865500,3610,44899.703125
11085,2865500,3640,44246.3125
11086,2865500,3670,43976.609375
11087,2865500,3700,44229.09375
11088,2865500,3730,44880.5
11089,2865500,3760,45312.90625
11090,2865500,3790,44963.484375
11091,2865500,3820,44389.8125
11092,2865500,3850,44871.203125
11093,2865500,3880,45176.796875
11094,2865500,3910,45397.90625
11095,2865500,3940,45199.59375
11096,2865500,3970,44679.90625
11097,2865500,4000,44212.015625
11098,2865500,4030,44203.796875
11099,2865500,4060,44580.09375
11100,2865500,4090,44932.21875
11101,2865500,4120,45078.90625
11102,2865500,4150,44928.78125
11103,2865500,4180,44631.296875
11104,2865500,4210,45191.40625
11105,2865500,4240,45307.1875
11106,2865500,4270,45169.40625
11107,2865500,4300,44990.3125
11108,2865500,4330,44607.0
11109,2865500,4360,44484.0
11110,2865500,4390,44472.5
11111,2865500,4420,44679.1875
11112,2865500,4450,44489.40625
11113,2865500,4480,44806.0
11114,2865500,4510,45001.3125
11115,2865500,4540,45316.796875
11116,2865500,4570,45422.109375
11117,2865500,4600,45210.90625
11118,2865500,4630,44935.6875
11119,2865500,4660,44695.0
11120,2865500,4690,44544.59375
11121,2865500,4720,44661.390625
11122,2865500,4750,44638.78125
11123,2865500,4780,44846.90625
11124,2865500,4810,44767.3125
11125,2865500,4840,44840.890625
11126,2865500,4870,44920.703125
11127,2865500,4900,45191.5
11128,2865500,4930,45354.28125
11129,2865500,4960,45289.015625
11130,2865500,4990,45125.40625
11131,2865500,5020,44809.890625
11132,2865500,5050,44589.3125
11133,2865500,5080,44606.5
11134,2865500,5110,44431.0
11135,2865500,5140,44929.8125
11136,2865500,5170,45145.6875
11137,2865500,5200,45170.21875
11138,2865500,5230,45059.5
11139,2865500,5260,45045.59375
11140,2865500,5290,44953.59375
11141,2865500,5320,44963.203125
11142,2865500,5350,45017.90625
11143,2865500,5380,44692.8125
11144,2865500,5410,44979.59375
11145,2865500,5440,44938.0
11146,2865500,5470,44815.0
11147,2865500,5500,44776.40625
11148,2865500,5530,44858.5
11149,2865500,5560,45031.90625
11150,2865500,5590,45285.78125
11151,2865500,5620,45385.296875
11152,2865500,5650,45211.71875
11153,2865500,5680,44904.5
11154,2865500,5710,44654.1875
11155,2865500,5740,44392.890625
11156,2865500,5770,44945.59375
11157,2865500,5800,45221.59375
11158,2865500,5830,45177.203125
11159,2865500,5860,45060.296875
11160,2865500,5890,44808.59375
11161,2865500,5920,44683.3125
11162,2865500,5950,45025.984375
11163,2865500,5980,45288.109375
11164,2865500,6010,45327.09375
11165,2865500,6040,44847.8125
11166,2865500,6070,44905.40625
11167,2865500,6100,44790.015625
11168,2865500,6130,44859.296875
11169,2865500,6160,44982.515625
11170,2865500,6190,45032.8125
11171,2865500,6220,45035.390625
11172,2865500,6250,45111.1875
11173,2865500,6280,45177.5
11174,2865500,6310,45195.296875
11175,2865500,6340,45009.984375
11176,2865500,6370,44415.3125
11177,2865500,6400,44688.28125
11178,2865500,6430,45024.28125
11179,2865500,6460,45286.984375
11180,2865500,6490,45414.109375
11181,2865500,6520,45171.40625
11182,2865500,6550,44707.3125
11183,2865500,6580,44603.09375
11184,2865500,6610,44949.71875
11185,2865500,6640,45000.1875
11186,2865500,6670,45498.703125
11187,2865500,6700,45200.390625
11188,2865500,6730,44795.71875
11189,2865500,6760,44607.5
11190,2865500,6790,44779.796875
11191,2865500,6820,45194.984375
11192,2865500,6850,45400.5
11193,2865500,6880,45299.3125
11194,2865500,6910,45018.59375
11195,2865500,6940,44617.0
11196,2865500,6970,44950.09375
11197,2865500,7000,45090.59375
11198,2865500,7030,45050.109375
11199,2865500,7060,44956.3125
11200,2865500,7090,45048.1875
11201,2865500,7120,45131.3125
11202,2865500,7150,45307.5
11203,2865500,7180,45194.0
11204,2865500,7210,44961.390625
11205,2865500,7240,44795.78125
11206,2865500,7270,44992.296875
11207,2865500,7300,44989.109375
11208,2865500,7330,45466.5
11209,2865500,7360,45297.015625
11210,2865500,7390,44859.59375
11211,2865500,7420,44666.0
11212,2865500,7450,44765.90625
11213,2865500,7480,45036.78125
11214,2865500,7510,45501.09375
11215,2865500,7540,45461.90625
11216,2865500,7570,44968.8125
11217,2865500,7600,44976.796875
11218,2865500,7630,44821.296875
11219,2865500,7660,45000.109375
11220,2865500,7690,45196.1875
11221,2865500,7720,45213.484375
11222,2865500,7750,45191.59375
11223,2865500,7780,44997.109375
11224,2865500,7810,45015.3125
11225,2865500,7840,45005.484375
11226,2865500,7870,45105.484375
11227,2865500,7900,45137.90625
11228,2865500,7930,44990.6875
11229,2865500,7960,45235.90625
11230,2865500,7990,45216.296875
11231,2865500,8020,45106.5
11232,2865500,8050,44986.703125
11233,2865500,8080,44878.609375
11234,2865500,8110,45043.703125
11235,2865500,8140,45170.78125
11236,2865500,8170,45321.796875
11237,2865500,8200,44995.8125
11238,2865500,8230,45248.703125
11239,2865500,8260,45066.09375
11240,2865500,8290,44966.59375
11241,2865500,8320,45027.59375
11242,2865500,8350,45097.609375
11243,2865500,8380,45277.5
11244,2865500,8410,45262.484375
11245,2865500,8440,45221.609375
11246,2865500,8470,45001.203125
11247,2865500,8500,44890.5
11248,2865500,8530,44983.28125
11249,2865500,8560,44921.59375
11250,2865500,8590,45414.1875
11251,2865500,8620,45403.390625
11252,2865500,8650,45170.6875
11253,2865500,8680,44970.390625
11254,2865500,8710,44897.0
11255,2865500,8740,45074.1875
11256,2865500,8770,45286.09375
11257,2865500,8800,45339.296875
11258,2865500,8830,44906.5
11259,2865500,8860,45066.390625
11260,2865500,8890,45055.40625
11261,2865500,8920,45116.390625
11262,2865500,8950,45281.796875
11263,2865500,8980,45238.09375
11264,2865500,9010,45155.40625
11265,2865500,9040,45051.09375
11266,2865500,9070,45136.21875
11267,2865500,9100,45254.203125
11268,2865500,9130,45206.3125
11269,2865500,9160,45091.1875
11270,2865500,9190,44743.0
11271,2865500,9220,45111.59375
11272,2865500,9250,45314.5
11273,2865500,9280,45446.5
11274,2865500,9310,45319.609375
11275,2865500,9340,45011.40625
11276,2865500,9370,44830.609375
11277,2865500,9400,45016.0
11278,2865500,9430,45336.515625
11279,2865500,9460,45471.1875
11280,2865500,9490,45280.703125
11281,2865500,9520,44799.5
11282,2865500,9550,44894.109375
11283,2865500,9580,45100.703125
11284,2865500,9610,45373.015625
11285,2865500,9640,45493.09375
11286,2865500,9670,45387.015625
11287,2865500,9700,45054.90625
11288,2865500,9730,44982.90625
11289,2865500,9760,45110.109375
11290,2865500,9790,45322.8125
11291,2865500,9820,45078.78125
11292,2865500,9850,45136.703125
11293,2865500,9880,45024.3125
11294,2865500,9910,45119.796875
11295,2865500,9940,45298.40625
11296,2865500,9970,45393.40625
11297,2865500,10000,45242.296875
11298,2865500,10030,45027.609375
11299,2865500,10060,45006.09375
11300,2865500,10090,45181.40625
11301,2865500,10120,45115.09375
11302,2865500,10150,45354.09375
11303,2865500,10180,45237.21875
11304,2865500,10210,45073.1875
11305,2865500,10240,45036.21875
11306,2865500,10270,45350.484375
11307,2865500,10300,45510.609375
11308,2865500,10330,45389.5
11309,2865500,10360,45186.59375
11310,2865500,10390,44792.09375
11311,2865500,10420,45163.203125
11312,2865500,10450,45263.296875
11313,2865500,10480,45378.59375
11314,2865500,10510,45327.0
11315,2865500,10540,45170.09375
11316,2865500,10570,45140.703125
11317,2865500,10600,45149.0
11318,2865500,10630,45287.703125
11319,2865500,10660,45335.703125
11320,2865500,10690,44983.296875
11321,2865500,10720,45181.59375
11322,2865500,10750,45148.1875
11323,2865500,10780,45304.296875
11324,2865500,10810,45373.0
11325,2865500,10840,45311.203125
11326,2865500,10870,45231.0
11327,2865500,10900,45154.90625
11328,2865500,10930,45251.609375
11329,2865500,10960,45275.203125
11330,2865500,10990,45306.0
11331,2865500,11020,45293.59375
11332,2865500,11050,44858.890625
11333,2865500,11080,45195.109375
11334,2865500,11110,45194.40625
11335,2865500,11140,45265.40625
11336,2865500,11170,45353.0
11337,2865500,11200,45337.59375
11338,2865500,11230,45181.1875
11339,2865500,11260,45181.0
11340,2865500,11290,45258.0
11341,2865500,11320,45316.8125
11342,2865500,11350,45361.5
11343,2865500,11380,44991.1875
11344,2865500,11410,45203.890625
11345,2865500,11440,45202.0
11346,2865500,11470,45243.0
11347,2865500,11500,45266.984375
11348,2865500,11530,45278.109375
11349,2865500,11560,45251.390625
11350,2865500,11590,45280.6875
11351,2865500,11620,45198.203125
11352,2865500,11650,45233.09375
11353,2865500,11680,44991.609375
11354,2865500,11710,45243.109375
11355,2865500,11740,45265.703125
11356,2865500,11770,45321.890625
11357,2865500,11800,45303.0
11358,2865500,11830,45218.015625
11359,2865500,11860,45218.09375
11360,2865500,11890,45256.6875
11361,2865500,11920,45304.296875
11362,2865500,11950,44986.8125
11363,2865500,11980,45276.40625
11364,2865500,12010,45248.8125
11365,2865500,12040,45232.09375
11366,2865500,12070,45223.1875
11367,2865500,12100,45327.1875
11368,2865500,12130,45297.484375
11369,2865500,12160,45324.28125
11370,2865500,12190,45276.1875
11371,2865500,12220,45205.984375
11372,2865500,12250,45353.0
11373,2865500,12280,45294.703125
11374,2865500,12310,44970.90625
11375,2865500,12340,45268.3125
11376,2865500,12370,45286.09375
11377,2865500,12400,45254.40625
11378,2865500,12430,45286.59375
11379,2865500,12460,45326.40625
11380,2865500,12490,45242.796875
11381,2865500,12520,45190.28125
11382,2865500,12550,45280.890625
11383,2865500,12580,45073.0
11384,2865500,12610,45330.0
11385,2865500,12640,45223.0
11386,2865500,12670,45220.390625
11387,2865500,12700,45243.609375
11388,2865500,12730,45300.59375
11389,2865500,12760,45374.203125
11390,2865500,12790,45388.40625
11391,2865500,12820,45307.296875
11392,2865500,12850,45228.09375
11393,2865500,12880,44905.3125
11394,2865500,12910,45315.609375
11395,2865500,12940,45314.1875
11396,2865500,12970,45337.390625
11397,2865500,13000,45307.703125
11398,2865500,13030,45254.890625
11399,2865500,13060,45268.015625
11400,2865500,13090,45297.015625
11401,2865500,13120,45281.390625
11402,2865500,13150,45280.21875
11403,2865500,13180,45301.796875
11404,2865500,13210,44977.484375
11405,2865500,13240,45311.390625
11406,2865500,13270,45301.796875
11407,2865500,13300,45319.6875
11408,2865500,13330,45308.09375
11409,2865500,13360,45260.90625
11410,2865500,13390,45290.203125
11411,2865500,13420,45352.59375
11412,2865500,13450,45377.8125
11413,2865500,13480,45290.609375
11414,2865500,13510,44947.0
11415,2865500,13540,45263.5
11416,2865500,13570,45314.109375
11417,2865500,13600,45355.203125
11418,2865500,13630,45386.0
11419,2865500,13660,45297.203125
11420,2865500,13690,45240.515625
11421,2865500,13720,45300.71875
11422,2865500,13750,45286.21875
11423,2865500,13780,45297.109375
11424,2865500,13810,45357.40625
11425,2865500,13840,45329.890625
11426,2865500,13870,45000.984375
11427,2865500,13900,45317.59375
11428,2865500,13930,45327.203125
11429,2865500,13960,45316.1875
11430,2865500,13990,45323.59375
11431,2865500,14020,45335.21875
11432,2865500,14050,45315.109375
11433,2865500,14080,45335.109375
11434,2865500,14110,45315.8125
11435,2865500,14140,45051.5
11436,2865500,14170,45280.609375
11437,2865500,14200,45319.28125
11438,2865500,14230,45331.3125
11439,2865500,14260,45445.984375
11440,2865500,14290,45391.796875
11441,2865500,14320,45376.515625
11442,2865500,14350,45260.0
11443,2865500,14380,45306.609375
11444,2865500,14410,45358.90625
11445,2865500,14440,45359.0
11446,2865500,14470,45343.0
11447,2865500,14500,45327.09375
11448,2865500,14530,45366.3125
11449,2865500,14560,45332.703125
11450,2865500,14590,45040.1875
11451,2865500,14620,45372.8125
11452,2865500,14650,45335.5
11453,2865500,14680,45328.0
11454,2865500,14710,45273.1875
11455,2865500,14740,45301.609375
11456,2865500,14770,45333.5
11457,2865500,14800,45066.71875
11458,2865500,14830,45282.90625
11459,2865500,14860,45341.5
11460,2865500,14890,45321.203125
11461,2865500,14920,45405.015625
11462,2865500,14950,45413.90625
11463,2865500,14980,45318.5
11464,2865500,15010,45298.40625
11465,2865500,15040,45305.59375
11466,2865500,15070,45396.296875
11467,2865500,15100,45417.90625
11468,2865500,15130,45062.8125
11469,2865500,15160,45226.71875
11470,2865500,15190,45330.484375
11471,2865500,15220,45323.90625
11472,2865500,15250,45353.90625
11473,2865500,15280,45391.40625
11474,2865500,15310,45412.90625
11475,2865500,15340,45369.109375
11476,2865500,15370,45326.109375
11477,2865500,15400,45097.71875
11478,2865500,15430,45283.3125
11479,2865500,15460,45359.296875
11480,2865500,15490,45337.78125
11481,2865500,15520,45336.90625
11482,2865500,15550,45330.203125
11483,2865500,15580,45355.28125
11484,2865500,15610,45362.890625
11485,2865500,15640,45386.09375
11486,2865500,15670,45342.296875
11487,2865500,15700,45066.59375
11488,2865500,15730,45343.1875
11489,2865500,15760,45359.1875
11490,2865500,15790,45405.3125
11491,2865500,15820,45335.0
11492,2865500,15850,45265.78125
11493,2865500,15880,45368.203125
11494,2865500,15910,45362.3125
11495,2865500,15940,45373.203125
11496,2865500,15970,45374.90625
11497,2865500,16000,45342.984375
11498,2865500,16030,45313.609375
11499,2865500,16060,45040.296875
11500,2865500,16090,45372.015625
11501,2865500,16120,45408.203125
11502,2865500,16150,45388.90625
11503,2865500,16180,45285.609375
11504,2865500,16210,45329.296875
11505,2865500,16240,45369.796875
11506,2865500,16270,45383.09375
11507,2865500,16300,45317.1875
11508,2865500,16330,45051.109375
11509,2865500,16360,45336.6875
11510,2865500,16390,45309.40625
11511,2865500,16420,45387.5
11512,2865500,16450,45359.890625
11513,2865500,16480,45371.6875
11514,2865500,16510,45313.59375
11515,2865500,16540,45295.1875
11516,2865500,16570,45304.609375
11517,2865500,16600,45399.90625
11518,2865500,16630,45400.109375
11519,2865500,16660,45292.796875
11520,2865500,16690,44994.90625
11521,2865500,16720,45325.1875
11522,2865500,16750,45351.8125
11523,2865500,16780,45376.09375
11524,2865500,16810,45421.109375
11525,2865500,16840,45360.3125
11526,2865500,16870,45334.0
11527,2865500,16900,45367.609375
11528,2865500,16930,45324.09375
11529,2865500,16960,45032.6875
11530,2865500,16990,45354.8125
11531,2865500,17020,45409.59375
11532,2865500,17050,45351.484375
11533,2865500,17080,45331.3125
11534,2865500,17110,45370.21875
11535,2865500,17140,45299.40625
11536,2865500,17170,45379.984375
11537,2865500,17200,45387.390625
11538,2865500,17230,45415.90625
11539,2865500,17260,45427.71875
11540,2865500,17290,45362.5
11541,2865500,17320,45107.609375
11542,2865500,17350,45329.890625
11543,2865500,17380,45336.40625
11544,2865500,17410,45610.59375
11545,2865500,17440,45333.09375
11546,2865500,17470,45418.09375
11547,2865500,17500,45350.6875
11548,2865500,17530,45387.484375
11549,2865500,17560,45376.59375
11550,2865500,17590,45359.796875
11551,2865500,17620,45336.390625
11552,2865500,17650,45436.703125
11553,2865500,17680,45393.09375
11554,2865500,17710,45426.59375
11555,2865500,17740,45087.796875
11556,2865500,17770,45361.0
11557,2865500,17800,45377.515625
11558,2865500,17830,45384.8125
11559,2865500,17860,45421.296875
11560,2865500,17890,45447.484375
11561,2865500,17920,45447.8125
11562,2865500,17950,45360.890625
11563,2865500,17980,45407.390625
11564,2865500,18010,45419.109375
11565,2865500,18040,45388.0
11566,2865500,18070,45319.40625
11567,2865500,18100,45324.890625
11568,2865500,18130,45083.8125
11569,2865500,18160,45348.203125
11570,2865500,18190,45390.0
11571,2865500,18220,45356.78125
11572,2865500,18250,45338.0
11573,2865500,18280,45397.296875
11574,2865500,18310,45433.296875
11575,2865500,18340,45312.21875
11576,2865500,18370,45072.5
11577,2865500,18400,45422.015625
11578,2865500,18430,45314.390625
11579,2865500,18460,45411.40625
11580,2865500,18490,45388.09375
11581,2865500,18520,45396.296875
11582,2865500,18550,45412.296875
11583,2865500,18580,45378.8125
11584,2865500,18610,45382.390625
11585,2865500,18640,45389.40625
11586,2865500,18670,45417.1875
11587,2865500,18700,45383.796875
11588,2865500,18730,45027.90625
11589,2865500,18760,45376.6875
11590,2865500,18790,45355.296875
11591,2865500,18820,45406.890625
11592,2865500,18850,45415.984375
11593,2865500,18880,45363.609375
11594,2865500,18910,45348.890625
11595,2865500,18940,45361.0
11596,2865500,18970,45409.890625
11597,2865500,19000,45106.0
11598,2865500,19030,45389.71875
11599,2865500,19060,45389.703125
11600,2865500,19090,45397.390625
11601,2865500,19120,45378.109375
11602,2865500,19150,45378.296875
11603,2865500,19180,45395.109375
11604,2865500,19210,45390.09375
11605,2865500,19240,45439.59375
11606,2865500,19270,45349.21875
11607,2865500,19300,45339.6875
11608,2865500,19330,45416.0
11609,2865500,19360,45068.390625
11610,2865500,19390,45412.484375
11611,2865500,19420,45352.6875
11612,2865500,19450,45360.1875
11613,2865500,19480,45421.8125
11614,2865500,19510,45428.703125
11615,2865500,19540,45395.890625
11616,2865500,19570,45443.484375
11617,2865500,19600,45386.90625
11618,2865500,19630,45349.515625
11619,2865500,19660,45110.203125
11620,2865500,19690,45420.515625
11621,2865500,19720,45366.109375
11622,2865500,19750,45371.3125
11623,2865500,19780,45432.78125
11624,2865500,19810,45386.40625
11625,2865500,19840,45395.703125
11626,2865500,19870,45414.796875
11627,2865500,19900,45359.09375
11628,2865500,19930,45091.1875
11629,2865500,19960,45351.5
11630,2865500,19990,45398.09375
11631,2865500,20020,45417.5
11632,2865500,20050,45405.8125
11633,2865500,20080,45399.296875
11634,2865500,20110,45386.6875
11635,2865500,20140,45364.1875
11636,2865500,20170,45384.5
11637,2865500,20200,45422.703125
11638,2865500,20230,45455.484375
11639,2865500,20260,45091.09375
11640,2865500,20290,45427.40625
11641,2865500,20320,45441.90625
11642,2865500,20350,45393.90625
11643,2865500,20380,45453.6875
11644,2865500,20410,45357.59375
11645,2865500,20440,45406.3125
11646,2865500,20470,45407.59375
11647,2865500,20500,45382.0
11648,2865500,20530,45367.984375
11649,2865500,20560,45140.78125
11650,2865500,20590,45382.71875
11651,2865500,20620,45393.6875
11652,2865500,20650,45369.09375
11653,2865500,20680,45371.296875
11654,2865500,20710,45374.6875
11655,2865500,20740,45382.0
11656,2865500,20770,45422.984375
11657,2865500,20800,45398.8125
11658,2865500,20830,45417.78125
11659,2865500,20860,45377.71875
11660,2865500,20890,45342.09375
11661,2865500,20920,45103.0
11662,2865500,20950,45370.5
11663,2865500,20980,45389.1875
11664,2865500,21010,45402.78125
11665,2865500,21040,45376.5
11666,2865500,21070,45385.390625
11667,2865500,21100,45410.59375
11668,2865500,21130,45450.0
11669,2865500,21160,45394.796875
11670,2865500,21190,45090.609375
11671,2865500,21220,45369.90625
11672,2865500,21250,45431.90625
11673,2865500,21280,45386.5
11674,2865500,21310,45424.484375
11675,2865500,21340,45403.3125
11676,2865500,21370,45357.984375
11677,2865500,21400,45398.703125
11678,2865500,21430,45331.390625
11679,2865500,21460,45372.09375
11680,2865500,21490,45390.1875
11681,2865500,21520,45392.5
11682,2865500,21550,45178.296875
11683,2865500,21580,45415.5
11684,2865500,21610,45437.8125
11685,2865500,21640,45382.703125
11686,2865500,21670,45457.6875
11687,2865500,21700,45408.703125
11688,2865500,21730,45419.40625
11689,2865500,21760,45436.203125
11690,2865500,21790,45379.296875
11691,2865500,21820,45129.71875
11692,2865500,21850,45366.109375
11693,2865500,21880,45443.515625
11694,2865500,21910,45429.1875
11695,2865500,21940,45387.515625
11696,2865500,21970,45429.796875
11697,2865500,22000,45410.1875
11698,2865500,22030,45455.390625
11699,2865500,22060,45422.59375
11700,2865500,22090,45383.5
11701,2865500,22120,45384.109375
11702,2865500,22150,45427.109375
11703,2865500,22180,45123.109375
11704,2865500,22210,45408.59375
11705,2865500,22240,45439.609375
11706,2865500,22270,45419.6875
11707,2865500,22300,45439.5
11708,2865500,22330,45396.8125
11709,2865500,22360,45362.1875
11710,2865500,22390,45405.203125
11711,2865500,22420,45421.296875
11712,2865500,22450,45442.3125
11713,2865500,22480,45072.109375
11714,2865500,22510,45360.703125
11715,2865500,22540,45403.703125
11716,2865500,22570,45392.203125
11717,2865500,22600,45416.59375
11718,2865500,22630,45434.6875
11719,2865500,22660,45398.28125
11720,2865500,22690,45422.5
11721,2865500,22720,45439.90625
11722,2865500,22750,45106.6875
11723,2865500,22780,45347.890625
11724,2865500,22810,45367.5
11725,2865500,22840,45442.21875
11726,2865500,22870,45452.390625
11727,2865500,22900,45384.203125
11728,2865500,22930,45408.296875
11729,2865500,22960,45369.890625
11730,2865500,22990,45384.015625
11731,2865500,23020,45373.09375
11732,2865500,23050,45380.203125
11733,2865500,23080,45365.8125
11734,2865500,23110,45376.296875
11735,2865500,23140,45070.796875
11736,2865500,23170,45465.515625
11737,2865500,23200,45404.703125
11738,2865500,23230,45418.109375
11739,2865500,23260,45396.609375
11740,2865500,23290,45396.390625
11741,2865500,23320,45417.296875
11742,2865500,23350,45391.90625
11743,2865500,23380,45444.8125
11744,2865500,23410,45440.0
11745,2865500,23440,45096.296875
11746,2865500,23470,45373.609375
11747,2865500,23500,45403.890625
11748,2865500,23530,45322.0
11749,2865500,23560,45380.1875
11750,2865500,23590,45439.09375
11751,2865500,23620,45404.3125
11752,2865500,23650,45366.609375
11753,2865500,23680,45368.484375
11754,2865500,23710,45385.5
11755,2865500,23740,45063.59375
11756,2865500,23770,45343.984375
11757,2865500,23800,45401.609375
11758,2865500,23830,45442.890625
11759,2865500,23860,45396.609375
11760,2865500,23890,45353.203125
11761,2865500,23920,45422.59375
11762,2865500,23950,45384.90625
11763,2865500,23980,45448.890625
11764,2865500,24010,45132.1875
11765,2865500,24040,45441.90625
11766,2865500,24070,45400.203125
11767,2865500,24100,45416.90625
11768,2865500,24130,45419.90625
11769,2865500,24160,45422.59375
11770,2865500,24190,45408.5
11771,2865500,24220,45340.796875
11772,2865500,24250,45396.5
11773,2865500,24280,45411.203125
11774,2865500,24310,45410.90625
11775,2865500,24340,45411.71875
11776,2865500,24370,45372.390625
11777,2865500,24400,45134.0
11778,2865500,24430,45437.1875
11779,2865500,24460,45452.0
11780,2865500,24490,45402.203125
11781,2865500,24520,45415.90625
11782,2865500,24550,45438.40625
11783,2865500,24580,45397.5
11784,2865500,24610,45366.3125
11785,2865500,24640,45476.984375
11786,2865500,24670,45085.3125
11787,2865500,24700,45384.59375
11788,2865500,24730,45401.3125
11789,2865500,24760,45402.40625
11790,2865500,24790,45392.5
11791,2865500,24820,45405.09375
11792,2865500,24850,45381.203125
11793,2865500,24880,45440.0
11794,2865500,24910,45383.59375
11795,2865500,24940,45063.1875
11796,2865500,24970,45444.09375
11797,2865500,25000,45402.484375
11798,2865500,25030,45395.40625
11799,2865500,25060,45394.609375
11800,2865500,25090,45399.5
11801,2865500,25120,45416.796875
11802,2865500,25150,45464.984375
11803,2865500,25180,45336.484375
11804,2865500,25210,45398.203125
11805,2865500,25240,45361.59375
11806,2865500,25270,45432.8125
11807,2865500,25300,45096.515625
11808,2865500,25330,45419.5
11809,2865500,25360,45310.890625
11810,2865500,25390,45461.796875
11811,2865500,25420,45416.0
11812,2865500,25450,45454.6875
11813,2865500,25480,45404.109375
11814,2865500,25510,45417.484375
11815,2865500,25540,45376.90625
11816,2865500,25570,45087.109375
11817,2865500,25600,45432.8125
11818,2865500,25630,45397.203125
11819,2865500,25660,45366.0
11820,2865500,25690,45382.1875
11821,2865500,25720,45381.71875
11822,2865500,25750,45405.203125
11823,2865500,25780,45402.78125
11824,2865500,25810,45431.5
11825,2865500,25840,45403.203125
11826,2865500,25870,45415.5
11827,2865500,25900,45425.390625
11828,2865500,25930,45142.296875
11829,2865500,25960,45404.609375
11830,2865500,25990,45435.296875
11831,2865500,26020,45372.59375
11832,2865500,26050,45440.890625
11833,2865500,26080,45427.71875
11834,2865500,26110,45374.6875
11835,2865500,26140,45407.609375
11836,2865500,26170,45400.28125
11837,2865500,26200,45109.1875
11838,2865500,26230,45408.5
11839,2865500,26260,45419.796875
11840,2865500,26290,45434.90625
11841,2865500,26320,45378.203125
11842,2865500,26350,45442.40625
11843,2865500,26380,45384.203125
11844,2865500,26410,45374.21875
11845,2865500,26440,45409.296875
11846,2865500,26470,45437.6875
11847,2865500,26500,45429.28125
11848,2865500,26530,45400.0
11849,2865500,26560,45137.390625
11850,2865500,26590,45393.09375
11851,2865500,26620,45392.78125
11852,2865500,26650,45395.984375
11853,2865500,26680,45385.28125
11854,2865500,26710,45371.90625
11855,2865500,26740,45358.890625
11856,2865500,26770,45445.296875
11857,2865500,26800,45415.8125
11858,2865500,26830,45129.0
11859,2865500,26860,45374.09375
11860,2865500,26890,45407.1875
11861,2865500,26920,45440.09375
11862,2865500,26950,45404.015625
11863,2865500,26980,45372.09375
11864,2865500,27010,45404.40625
11865,2865500,27040,45428.8125
11866,2865500,27070,45390.109375
11867,2865500,27100,45405.90625
11868,2865500,27130,45074.5
11869,2865500,27160,45343.609375
11870,2865500,27190,45380.015625
11871,2865500,27220,45421.703125
11872,2865500,27250,45382.796875
11873,2865500,27280,45444.09375
11874,2865500,27310,45343.40625
11875,2865500,27340,45365.296875
11876,2865500,27370,45425.703125
11877,2865500,27400,45412.90625
11878,2865500,27430,45413.90625
11879,2865500,27460,45122.515625
11880,2865500,27490,45334.90625
11881,2865500,27520,45351.984375
11882,2865500,27550,45419.28125
11883,2865500,27580,45401.109375
11884,2865500,27610,45432.78125
11885,2865500,27640,45416.984375
11886,2865500,27670,45399.09375
11887,2865500,27700,45400.203125
11888,2865500,27730,45432.984375
11889,2865500,27760,45328.203125
11890,2865500,27790,45336.90625
11891,2865500,27820,45064.890625
11892,2865500,27850,45392.71875
11893,2865500,27880,45372.796875
11894,2865500,27910,45368.796875
11895,2865500,27940,45346.90625
11896,2865500,27970,45349.5
11897,2865500,28000,45385.609375
11898,2865500,28030,45386.59375
11899,2865500,28060,45391.203125
11900,2865500,28090,45407.59375
11901,2865500,28120,45382.90625
11902,2865500,28150,45111.109375
11903,2865500,28180,45403.3125
11904,2865500,28210,45359.40625
11905,2865500,28240,45411.8125
11906,2865500,28270,45461.09375
11907,2865500,28300,45390.09375
11908,2865500,28330,45399.796875
11909,2865500,28360,45350.90625
11910,2865500,28390,45365.203125
11911,2865500,28420,45382.21875
11912,2865500,28450,45140.40625
11913,2865500,28480,45349.796875
11914,2865500,28510,45382.796875
11915,2865500,28540,45393.203125
11916,2865500,28570,45391.796875
11917,2865500,28600,45402.5
11918,2865500,28630,45467.59375
11919,2865500,28660,45483.609375
11920,2865500,28690,45394.296875
11921,2865500,28720,45415.59375
11922,2865500,28750,45092.90625
11923,2865500,28780,45412.203125
11924,2865500,28810,45357.390625
11925,2865500,28840,45337.90625
11926,2865500,28870,45447.90625
11927,2865500,28900,45360.0
11928,2865500,28930,45387.703125
11929,2865500,28960,45361.09375
11930,2865500,28990,45445.09375
11931,2865500,29020,45071.109375
11932,2865500,29050,45361.703125
11933,2865500,29080,45405.984375
11934,2865500,29110,45381.109375
11935,2865500,29140,45391.703125
11936,2865500,29170,45357.21875
11937,2865500,29200,45377.296875
11938,2865500,29230,45390.1875
11939,2865500,29260,45364.890625
11940,2865500,29290,45447.515625
11941,2865500,29320,45088.390625
11942,2865500,29350,45395.0
11943,2865500,29380,45398.109375
11944,2865500,29410,45382.0
11945,2865500,29440,45422.90625
11946,2865500,29470,45393.6875
11947,2865500,29500,45421.28125
11948,2865500,29530,45357.984375
11949,2865500,29560,45355.90625
11950,2865500,29590,45385.3125
11951,2865500,29620,45394.40625
11952,2865500,29650,45129.890625
11953,2865500,29680,45401.390625
11954,2865500,29710,45403.390625
11955,2865500,29740,45422.78125
11956,2865500,29770,45444.609375
11957,2865500,29800,45371.6875
11958,2865500,29830,45351.703125
11959,2865500,29860,45402.609375
11960,2865500,29890,45407.59375
11961,2865500,29920,45414.0
11962,2865500,29950,45074.703125
11963,2865500,29980,45335.609375
11964,2866000,100,10030.0
11965,2866000,130,46100.09375
11966,2866000,160,48020.703125
11967,2866000,190,46508.109375
11968,2866000,220,40460.8125
11969,2866000,250,43546.6875
11970,2866000,280,46288.0
11971,2866000,310,47567.09375
11972,2866000,340,44291.6875
11973,2866000,370,38612.3125
11974,2866000,400,39335.8125
11975,2866000,430,43494.6875
11976,2866000,460,44243.59375
11977,2866000,490,44389.40625
11978,2866000,520,43377.78125
11979,2866000,550,43405.5
11980,2866000,580,45710.796875
11981,2866000,610,46054.09375
11982,2866000,640,44564.5
11983,2866000,670,40025.5
11984,2866000,700,38341.1875
11985,2866000,730,41068.40625
11986,2866000,760,43803.40625
11987,2866000,790,45530.5
11988,2866000,820,44578.296875
11989,2866000,850,42112.1875
11990,2866000,880,41555.3125
11991,2866000,910,43748.5
11992,2866000,940,45788.390625
11993,2866000,970,45468.3125
11994,2866000,1000,44132.703125
11995,2866000,1030,42315.0
11996,2866000,1060,41297.21875
11997,2866000,1090,41645.5
11998,2866000,1120,42982.40625
11999,2866000,1150,43958.0
12000,2866000,1180,44082.8125
12001,2866000,1210,44216.390625
12002,2866000,1240,44237.09375
12003,2866000,1270,44123.984375
12004,2866000,1300,43688.59375
12005,2866000,1330,42782.703125
12006,2866000,1360,42985.90625
12007,2866000,1390,43704.1875
12008,2866000,1420,43863.5
12009,2866000,1450,43395.09375
12010,2866000,1480,43191.796875
12011,2866000,1510,42348.515625
12012,2866000,1540,42923.8125
12013,2866000,1570,44259.203125
12014,2866000,1600,44715.71875
12015,2866000,1630,44683.890625
12016,2866000,1660,44005.71875
12017,2866000,1690,43121.296875
12018,2866000,1720,42695.3125
12019,2866000,1750,42850.21875
12020,2866000,1780,43187.40625
12021,2866000,1810,43782.5
12022,2866000,1840,43846.28125
12023,2866000,1870,43871.515625
12024,2866000,1900,43858.90625
12025,2866000,1930,43231.1875
12026,2866000,1960,42983.71875
12027,2866000,1990,43376.59375
12028,2866000,2020,44199.59375
12029,2866000,2050,44728.09375
12030,2866000,2080,44085.890625
12031,2866000,2110,43163.390625
12032,2866000,2140,42665.0
12033,2866000,2170,42885.09375
12034,2866000,2200,43526.59375
12035,2866000,2230,44409.484375
12036,2866000,2260,44240.390625
12037,2866000,2290,43462.390625
12038,2866000,2320,42979.3125
12039,2866000,2350,43061.09375
12040,2866000,2380,43995.8125
12041,2866000,2410,44054.0
12042,2866000,2440,43913.90625
12043,2866000,2470,43518.296875
12044,2866000,2500,43562.296875
12045,2866000,2530,43928.1875
12046,2866000,2560,44113.296875
12047,2866000,2590,43465.0
12048,2866000,2620,42945.0
12049,2866000,2650,42566.296875
12050,2866000,2680,43471.5
12051,2866000,2710,44510.0
12052,2866000,2740,44628.40625
12053,2866000,2770,43746.09375
12054,2866000,2800,43143.5
12055,2866000,2830,43079.90625
12056,2866000,2860,43703.8125
12057,2866000,2890,44667.296875
12058,2866000,2920,44573.59375
12059,2866000,2950,43372.890625
12060,2866000,2980,42467.78125
12061,2866000,3010,42362.8125
12062,2866000,3040,43488.796875
12063,2866000,3070,44399.8125
12064,2866000,3100,44356.5
12065,2866000,3130,43693.484375
12066,2866000,3160,43489.515625
12067,2866000,3190,43633.59375
12068,2866000,3220,44173.703125
12069,2866000,3250,44396.390625
12070,2866000,3280,43506.0
12071,2866000,3310,43055.71875
12072,2866000,3340,43051.5
12073,2866000,3370,43376.890625
12074,2866000,3400,43859.6875
12075,2866000,3430,44059.6875
12076,2866000,3460,43720.484375
12077,2866000,3490,43499.609375
12078,2866000,3520,43742.984375
12079,2866000,3550,44293.59375
12080,2866000,3580,44623.3125
12081,2866000,3610,44014.0
12082,2866000,3640,43100.109375
12083,2866000,3670,43073.40625
12084,2866000,3700,43202.59375
12085,2866000,3730,43615.40625
12086,2866000,3760,43929.203125
12087,2866000,3790,43835.0
12088,2866000,3820,43574.203125
12089,2866000,3850,43822.015625
12090,2866000,3880,44124.296875
12091,2866000,3910,44112.203125
12092,2866000,3940,44193.796875
12093,2866000,3970,43757.6875
12094,2866000,4000,43409.5
12095,2866000,4030,43297.28125
12096,2866000,4060,43492.0
12097,2866000,4090,43745.890625
12098,2866000,4120,43763.59375
12099,2866000,4150,43695.09375
12100,2866000,4180,43757.78125
12101,2866000,4210,44064.59375
12102,2866000,4240,44309.796875
12103,2866000,4270,43918.40625
12104,2866000,4300,44141.90625
12105,2866000,4330,43873.90625
12106,2866000,4360,43658.515625
12107,2866000,4390,43480.6875
12108,2866000,4420,43489.09375
12109,2866000,4450,43509.21875
12110,2866000,4480,43651.09375
12111,2866000,4510,43835.90625
12112,2866000,4540,43860.015625
12113,2866000,4570,44296.6875
12114,2866000,4600,44232.0
12115,2866000,4630,43996.78125
12116,2866000,4660,43836.0
12117,2866000,4690,43800.59375
12118,2866000,4720,43859.0
12119,2866000,4750,43881.203125
12120,2866000,4780,43609.703125
12121,2866000,4810,43522.5
12122,2866000,4840,43553.890625
12123,2866000,4870,43752.40625
12124,2866000,4900,43732.21875
12125,2866000,4930,44338.203125
12126,2866000,4960,44273.90625
12127,2866000,4990,44184.90625
12128,2866000,5020,43947.09375
12129,2866000,5050,43693.59375
12130,2866000,5080,43666.8125
12131,2866000,5110,43607.015625
12132,2866000,5140,43723.3125
12133,2866000,5170,43863.390625
12134,2866000,5200,43708.203125
12135,2866000,5230,43937.8125
12136,2866000,5260,43934.09375
12137,2866000,5290,43924.609375
12138,2866000,5320,44045.71875
12139,2866000,5350,44154.296875
12140,2866000,5380,44149.109375
12141,2866000,5410,44030.515625
12142,2866000,5440,43983.703125
12143,2866000,5470,43387.203125
12144,2866000,5500,43579.21875
12145,2866000,5530,43642.109375
12146,2866000,5560,43880.09375
12147,2866000,5590,44157.09375
12148,2866000,5620,44318.296875
12149,2866000,5650,44178.390625
12150,2866000,5680,43894.40625
12151,2866000,5710,43711.515625
12152,2866000,5740,43722.984375
12153,2866000,5770,43965.3125
12154,2866000,5800,44178.78125
12155,2866000,5830,43847.1875
12156,2866000,5860,43909.5
12157,2866000,5890,43664.59375
12158,2866000,5920,43690.609375
12159,2866000,5950,43943.09375
12160,2866000,5980,44118.1875
12161,2866000,6010,44255.59375
12162,2866000,6040,44107.3125
12163,2866000,6070,43989.28125
12164,2866000,6100,43701.71875
12165,2866000,6130,43942.90625
12166,2866000,6160,43952.09375
12167,2866000,6190,43872.390625
12168,2866000,6220,43931.890625
12169,2866000,6250,44011.109375
12170,2866000,6280,44171.390625
12171,2866000,6310,44167.40625
12172,2866000,6340,44000.3125
12173,2866000,6370,43697.890625
12174,2866000,6400,43642.296875
12175,2866000,6430,43973.0
12176,2866000,6460,43988.1875
12177,2866000,6490,44417.90625
12178,2866000,6520,44180.09375
12179,2866000,6550,43632.59375
12180,2866000,6580,43559.59375
12181,2866000,6610,43749.796875
12182,2866000,6640,44213.1875
12183,2866000,6670,44388.5
12184,2866000,6700,44229.3125
12185,2866000,6730,43636.109375
12186,2866000,6760,43678.28125
12187,2866000,6790,43808.296875
12188,2866000,6820,44107.59375
12189,2866000,6850,44254.890625
12190,2866000,6880,44248.703125
12191,2866000,6910,43943.40625
12192,2866000,6940,44001.015625
12193,2866000,6970,44057.8125
12194,2866000,7000,44011.09375
12195,2866000,7030,43976.5
12196,2866000,7060,43835.390625
12197,2866000,7090,43573.59375
12198,2866000,7120,44140.609375
12199,2866000,7150,44259.109375
12200,2866000,7180,44229.484375
12201,2866000,7210,43911.1875
12202,2866000,7240,43717.484375
12203,2866000,7270,43845.40625
12204,2866000,7300,44192.1875
12205,2866000,7330,44401.1875
12206,2866000,7360,44338.28125
12207,2866000,7390,43656.109375
12208,2866000,7420,43643.890625
12209,2866000,7450,43627.109375
12210,2866000,7480,43939.6875
12211,2866000,7510,44330.8125
12212,2866000,7540,44324.21875
12213,2866000,7570,44199.1875
12214,2866000,7600,43988.3125
12215,2866000,7630,43843.90625
12216,2866000,7660,43702.09375
12217,2866000,7690,44072.015625
12218,2866000,7720,44140.5
12219,2866000,7750,44085.296875
12220,2866000,7780,44064.484375
12221,2866000,7810,44032.40625
12222,2866000,7840,43989.0
12223,2866000,7870,43943.3125
12224,2866000,7900,44025.296875
12225,2866000,7930,44031.984375
12226,2866000,7960,44227.109375
12227,2866000,7990,44276.515625
12228,2866000,8020,43878.1875
12229,2866000,8050,44005.0
12230,2866000,8080,43902.390625
12231,2866000,8110,43877.0
12232,2866000,8140,44004.796875
12233,2866000,8170,44191.609375
12234,2866000,8200,44267.5
12235,2866000,8230,44192.09375
12236,2866000,8260,44120.0
12237,2866000,8290,43735.59375
12238,2866000,8320,43932.3125
12239,2866000,8350,44007.609375
12240,2866000,8380,44203.703125
12241,2866000,8410,44226.6875
12242,2866000,8440,44223.984375
12243,2866000,8470,44072.0
12244,2866000,8500,43852.890625
12245,2866000,8530,43886.703125
12246,2866000,8560,44027.390625
12247,2866000,8590,44298.28125
12248,2866000,8620,44413.703125
12249,2866000,8650,44293.296875
12250,2866000,8680,43756.109375
12251,2866000,8710,43868.3125
12252,2866000,8740,43975.59375
12253,2866000,8770,44175.390625
12254,2866000,8800,44207.71875
12255,2866000,8830,44130.1875
12256,2866000,8860,44009.8125
12257,2866000,8890,43978.28125
12258,2866000,8920,43775.6875
12259,2866000,8950,44175.109375
12260,2866000,8980,44173.6875
12261,2866000,9010,44060.0
12262,2866000,9040,44049.296875
12263,2866000,9070,44170.90625
12264,2866000,9100,44292.6875
12265,2866000,9130,44241.1875
12266,2866000,9160,44102.203125
12267,2866000,9190,43860.0
12268,2866000,9220,43930.8125
12269,2866000,9250,44200.484375
12270,2866000,9280,44100.890625
12271,2866000,9310,44334.796875
12272,2866000,9340,44097.71875
12273,2866000,9370,43854.796875
12274,2866000,9400,43907.015625
12275,2866000,9430,44185.203125
12276,2866000,9460,44373.5
12277,2866000,9490,44315.3125
12278,2866000,9520,44078.09375
12279,2866000,9550,43834.90625
12280,2866000,9580,43682.3125
12281,2866000,9610,44243.6875
12282,2866000,9640,44259.40625
12283,2866000,9670,44306.203125
12284,2866000,9700,44082.796875
12285,2866000,9730,43963.390625
12286,2866000,9760,44124.0
12287,2866000,9790,44271.59375
12288,2866000,9820,44188.609375
12289,2866000,9850,43781.015625
12290,2866000,9880,43991.609375
12291,2866000,9910,44062.203125
12292,2866000,9940,44194.609375
12293,2866000,9970,44342.890625
12294,2866000,10000,44256.09375
12295,2866000,10030,44060.71875
12296,2866000,10060,43914.0
12297,2866000,10090,44142.5
12298,2866000,10120,44304.203125
12299,2866000,10150,44361.609375
12300,2866000,10180,44159.5
12301,2866000,10210,43678.390625
12302,2866000,10240,43942.484375
12303,2866000,10270,44104.015625
12304,2866000,10300,44284.90625
12305,2866000,10330,44341.90625
12306,2866000,10360,44277.015625
12307,2866000,10390,44003.40625
12308,2866000,10420,44080.1875
12309,2866000,10450,44223.1875
12310,2866000,10480,43943.296875
12311,2866000,10510,44248.90625
12312,2866000,10540,44132.59375
12313,2866000,10570,44061.796875
12314,2866000,10600,44125.890625
12315,2866000,10630,44259.609375
12316,2866000,10660,44228.609375
12317,2866000,10690,44143.5
12318,2866000,10720,44140.984375
12319,2866000,10750,44106.5
12320,2866000,10780,44198.09375
12321,2866000,10810,44285.1875
12322,2866000,10840,44032.90625
12323,2866000,10870,44120.59375
12324,2866000,10900,44088.203125
12325,2866000,10930,44160.390625
12326,2866000,10960,44218.90625
12327,2866000,10990,44253.21875
12328,2866000,11020,44227.09375
12329,2866000,11050,44176.8125
12330,2866000,11080,44152.40625
12331,2866000,11110,43888.6875
12332,2866000,11140,44210.703125
12333,2866000,11170,44243.203125
12334,2866000,11200,44232.296875
12335,2866000,11230,44191.703125
12336,2866000,11260,44164.890625
12337,2866000,11290,44156.984375
12338,2866000,11320,44213.90625
12339,2866000,11350,44283.90625
12340,2866000,11380,44253.90625
12341,2866000,11410,44145.90625
12342,2866000,11440,44246.390625
12343,2866000,11470,43921.703125
12344,2866000,11500,44238.203125
12345,2866000,11530,44161.515625
12346,2866000,11560,44184.59375
12347,2866000,11590,44199.90625
12348,2866000,11620,44220.515625
12349,2866000,11650,44238.1875
12350,2866000,11680,44173.59375
12351,2866000,11710,44218.5
12352,2866000,11740,44196.59375
12353,2866000,11770,43934.484375
12354,2866000,11800,44156.109375
12355,2866000,11830,44138.5
12356,2866000,11860,44190.703125
12357,2866000,11890,44213.296875
12358,2866000,11920,44241.984375
12359,2866000,11950,44304.40625
12360,2866000,11980,44184.0
12361,2866000,12010,44131.984375
12362,2866000,12040,43907.6875
12363,2866000,12070,44203.390625
12364,2866000,12100,44267.8125
12365,2866000,12130,44267.8125
12366,2866000,12160,44192.796875
12367,2866000,12190,44140.296875
12368,2866000,12220,44213.5
12369,2866000,12250,44276.90625
12370,2866000,12280,44286.015625
12371,2866000,12310,44231.703125
12372,2866000,12340,44217.390625
12373,2866000,12370,44215.40625
12374,2866000,12400,43933.890625
12375,2866000,12430,44263.3125
12376,2866000,12460,44211.59375
12377,2866000,12490,44168.109375
12378,2866000,12520,44126.5
12379,2866000,12550,44135.796875
12380,2866000,12580,44302.09375
12381,2866000,12610,44255.015625
12382,2866000,12640,44205.390625
12383,2866000,12670,43914.90625
12384,2866000,12700,44168.90625
12385,2866000,12730,44266.484375
12386,2866000,12760,44298.609375
12387,2866000,12790,44256.984375
12388,2866000,12820,44249.6875
12389,2866000,12850,44196.515625
12390,2866000,12880,44157.90625
12391,2866000,12910,44258.71875
12392,2866000,12940,44323.0
12393,2866000,12970,44333.609375
12394,2866000,13000,44271.0
12395,2866000,13030,43902.515625
12396,2866000,13060,44223.984375
12397,2866000,13090,44257.0
12398,2866000,13120,44275.90625
12399,2866000,13150,44261.1875
12400,2866000,13180,44178.6875
12401,2866000,13210,44190.109375
12402,2866000,13240,44234.5
12403,2866000,13270,44278.09375
12404,2866000,13300,43988.90625
12405,2866000,13330,44258.890625
12406,2866000,13360,44227.390625
12407,2866000,13390,44198.90625
12408,2866000,13420,44293.5
12409,2866000,13450,44293.609375
12410,2866000,13480,44281.8125
12411,2866000,13510,44185.21875
12412,2866000,13540,44204.90625
12413,2866000,13570,44177.78125
12414,2866000,13600,44285.40625
12415,2866000,13630,44346.21875
12416,2866000,13660,44057.40625
12417,2866000,13690,44276.109375
12418,2866000,13720,44213.5
12419,2866000,13750,44153.90625
12420,2866000,13780,44244.90625
12421,2866000,13810,44294.203125
12422,2866000,13840,44324.40625
12423,2866000,13870,44309.890625
12424,2866000,13900,44254.296875
12425,2866000,13930,43978.59375
12426,2866000,13960,44247.1875
12427,2866000,13990,44226.28125
12428,2866000,14020,44341.984375
12429,2866000,14050,44235.3125
12430,2866000,14080,44304.1875
12431,2866000,14110,44298.5
12432,2866000,14140,44234.796875
12433,2866000,14170,44231.0
12434,2866000,14200,44177.609375
12435,2866000,14230,43973.6875
12436,2866000,14260,44305.09375
12437,2866000,14290,44257.0
12438,2866000,14320,44259.1875
12439,2866000,14350,44284.90625
12440,2866000,14380,44264.890625
12441,2866000,14410,44271.109375
12442,2866000,14440,44259.6875
12443,2866000,14470,44298.109375
12444,2866000,14500,44249.09375
12445,2866000,14530,44286.609375
12446,2866000,14560,44255.796875
12447,2866000,14590,43931.3125
12448,2866000,14620,44311.1875
12449,2866000,14650,44219.59375
12450,2866000,14680,44306.3125
12451,2866000,14710,44325.203125
12452,2866000,14740,44320.90625
12453,2866000,14770,44299.390625
12454,2866000,14800,44299.40625
12455,2866000,14830,44211.703125
12456,2866000,14860,44017.5
12457,2866000,14890,44301.59375
12458,2866000,14920,44353.890625
12459,2866000,14950,44392.59375
12460,2866000,14980,44324.796875
12461,2866000,15010,44271.015625
12462,2866000,15040,44219.0
12463,2866000,15070,44241.703125
12464,2866000,15100,44303.0
12465,2866000,15130,44350.6875
12466,2866000,15160,44292.890625
12467,2866000,15190,44266.0
12468,2866000,15220,43967.40625
12469,2866000,15250,44266.296875
12470,2866000,15280,44290.21875
12471,2866000,15310,44276.3125
12472,2866000,15340,44285.5
12473,2866000,15370,44319.0
12474,2866000,15400,44305.515625
12475,2866000,15430,44289.09375
12476,2866000,15460,44315.09375
12477,2866000,15490,43951.890625
12478,2866000,15520,44257.703125
12479,2866000,15550,44232.0
12480,2866000,15580,44336.09375
12481,2866000,15610,44339.5
12482,2866000,15640,44335.5
12483,2866000,15670,44246.59375
12484,2866000,15700,44243.609375
12485,2866000,15730,44291.296875
12486,2866000,15760,44292.296875
12487,2866000,15790,44378.6875
12488,2866000,15820,44323.59375
12489,2866000,15850,43932.09375
12490,2866000,15880,44183.40625
12491,2866000,15910,44304.40625
12492,2866000,15940,44316.609375
12493,2866000,15970,44391.796875
12494,2866000,16000,44317.203125
12495,2866000,16030,44215.0
12496,2866000,16060,44268.796875
12497,2866000,16090,44317.78125
12498,2866000,16120,44016.390625
12499,2866000,16150,44295.3125
12500,2866000,16180,44251.796875
12501,2866000,16210,44289.1875
12502,2866000,16240,44307.0
12503,2866000,16270,44342.3125
12504,2866000,16300,44332.71875
12505,2866000,16330,44256.984375
12506,2866000,16360,44298.90625
12507,2866000,16390,44328.984375
12508,2866000,16420,44009.59375
12509,2866000,16450,44350.203125
12510,2866000,16480,44338.984375
12511,2866000,16510,44263.703125
12512,2866000,16540,44279.8125
12513,2866000,16570,44261.109375
12514,2866000,16600,44329.21875
12515,2866000,16630,44348.609375
12516,2866000,16660,44309.203125
12517,2866000,16690,44348.609375
12518,2866000,16720,44226.203125
12519,2866000,16750,44272.890625
12520,2866000,16780,44092.109375
12521,2866000,16810,44367.484375
12522,2866000,16840,44312.984375
12523,2866000,16870,44270.1875
12524,2866000,16900,44291.390625
12525,2866000,16930,44344.703125
12526,2866000,16960,44335.90625
12527,2866000,16990,44319.390625
12528,2866000,17020,44340.109375
12529,2866000,17050,44007.015625
12530,2866000,17080,44385.90625
12531,2866000,17110,44300.40625
12532,2866000,17140,44286.59375
12533,2866000,17170,44263.09375
12534,2866000,17200,44308.09375
12535,2866000,17230,44305.890625
12536,2866000,17260,44335.484375
12537,2866000,17290,44362.703125
12538,2866000,17320,44383.09375
12539,2866000,17350,44301.8125
12540,2866000,17380,44314.515625
12541,2866000,17410,44281.59375
12542,2866000,17440,44253.109375
12543,2866000,17470,44274.484375
12544,2866000,17500,43992.109375
12545,2866000,17530,44318.484375
12546,2866000,17560,44355.09375
12547,2866000,17590,44313.40625
12548,2866000,17620,44258.8125
12549,2866000,17650,44311.6875
12550,2866000,17680,44043.609375
12551,2866000,17710,44369.515625
12552,2866000,17740,44319.890625
12553,2866000,17770,44351.90625
12554,2866000,17800,44280.109375
12555,2866000,17830,44286.703125
12556,2866000,17860,44333.5
12557,2866000,17890,44362.796875
12558,2866000,17920,44360.203125
12559,2866000,17950,44352.0
12560,2866000,17980,44294.40625
12561,2866000,18010,44263.90625
12562,2866000,18040,44079.09375
12563,2866000,18070,44383.40625
12564,2866000,18100,44325.3125
12565,2866000,18130,44341.59375
12566,2866000,18160,44341.203125
12567,2866000,18190,44339.0
12568,2866000,18220,44345.5
12569,2866000,18250,44325.3125
12570,2866000,18280,44254.21875
12571,2866000,18310,43983.109375
12572,2866000,18340,44314.203125
12573,2866000,18370,44330.015625
12574,2866000,18400,44362.515625
12575,2866000,18430,44340.6875
12576,2866000,18460,44321.90625
12577,2866000,18490,44345.0
12578,2866000,18520,44306.109375
12579,2866000,18550,44366.6875
12580,2866000,18580,44370.90625
12581,2866000,18610,44083.984375
12582,2866000,18640,44297.6875
12583,2866000,18670,44314.203125
12584,2866000,18700,44357.5
12585,2866000,18730,44386.8125
12586,2866000,18760,44332.5
12587,2866000,18790,44338.90625
12588,2866000,18820,44370.71875
12589,2866000,18850,44356.71875
12590,2866000,18880,44283.109375
12591,2866000,18910,44367.984375
12592,2866000,18940,44288.703125
12593,2866000,18970,44297.09375
12594,2866000,19000,44042.796875
12595,2866000,19030,44340.90625
12596,2866000,19060,44294.015625
12597,2866000,19090,44318.09375
12598,2866000,19120,44309.09375
12599,2866000,19150,44383.5
12600,2866000,19180,44316.6875
12601,2866000,19210,44299.09375
12602,2866000,19240,44039.40625
12603,2866000,19270,44321.1875
12604,2866000,19300,44261.71875
12605,2866000,19330,44318.390625
12606,2866000,19360,44276.78125
12607,2866000,19390,44347.390625
12608,2866000,19420,44338.40625
12609,2866000,19450,44285.59375
12610,2866000,19480,44308.890625
12611,2866000,19510,44336.90625
12612,2866000,19540,44389.5
12613,2866000,19570,44375.90625
12614,2866000,19600,44052.296875
12615,2866000,19630,44264.59375
12616,2866000,19660,44346.59375
12617,2866000,19690,44327.90625
12618,2866000,19720,44342.3125
12619,2866000,19750,44341.796875
12620,2866000,19780,44315.984375
12621,2866000,19810,44322.78125
12622,2866000,19840,44354.0
12623,2866000,19870,44036.296875
12624,2866000,19900,44339.6875
12625,2866000,19930,44404.5
12626,2866000,19960,44366.59375
12627,2866000,19990,44364.59375
12628,2866000,20020,44304.90625
12629,2866000,20050,44296.890625
12630,2866000,20080,44365.6875
12631,2866000,20110,44411.390625
12632,2866000,20140,44359.8125
12633,2866000,20170,44324.5
12634,2866000,20200,44308.984375
12635,2866000,20230,44096.6875
12636,2866000,20260,44376.1875
12637,2866000,20290,44375.796875
12638,2866000,20320,44358.21875
12639,2866000,20350,44329.8125
12640,2866000,20380,44328.109375
12641,2866000,20410,44370.59375
12642,2866000,20440,44404.5
12643,2866000,20470,44335.890625
12644,2866000,20500,44099.09375
12645,2866000,20530,44350.609375
12646,2866000,20560,44365.890625
12647,2866000,20590,44330.296875
12648,2866000,20620,44348.3125
12649,2866000,20650,44314.015625
12650,2866000,20680,44322.90625
12651,2866000,20710,44347.203125
12652,2866000,20740,44320.71875
12653,2866000,20770,44380.90625
12654,2866000,20800,44035.015625
12655,2866000,20830,44351.0
12656,2866000,20860,44402.296875
12657,2866000,20890,44372.703125
12658,2866000,20920,44370.1875
12659,2866000,20950,44402.21875
12660,2866000,20980,44402.09375
12661,2866000,21010,44315.3125
12662,2866000,21040,44346.09375
12663,2866000,21070,44346.78125
12664,2866000,21100,44299.390625
12665,2866000,21130,44409.296875
12666,2866000,21160,44098.296875
12667,2866000,21190,44346.796875
12668,2866000,21220,44400.09375
12669,2866000,21250,44295.28125
12670,2866000,21280,44360.6875
12671,2866000,21310,44357.0
12672,2866000,21340,44359.609375
12673,2866000,21370,44392.109375
12674,2866000,21400,44359.59375
12675,2866000,21430,44173.609375
12676,2866000,21460,44426.0
12677,2866000,21490,44417.109375
12678,2866000,21520,44266.09375
12679,2866000,21550,44344.109375
12680,2866000,21580,44329.3125
12681,2866000,21610,44380.796875
12682,2866000,21640,44373.5
12683,2866000,21670,44394.1875
12684,2866000,21700,44381.515625
12685,2866000,21730,44358.296875
12686,2866000,21760,44337.296875
12687,2866000,21790,44107.984375
12688,2866000,21820,44357.796875
12689,2866000,21850,44381.703125
12690,2866000,21880,44313.71875
12691,2866000,21910,44397.515625
12692,2866000,21940,44336.515625
12693,2866000,21970,44364.484375
12694,2866000,22000,44353.40625
12695,2866000,22030,44403.609375
12696,2866000,22060,44111.6875
12697,2866000,22090,44396.296875
12698,2866000,22120,44362.8125
12699,2866000,22150,44351.78125
12700,2866000,22180,44345.3125
12701,2866000,22210,44404.21875
12702,2866000,22240,44402.390625
12703,2866000,22270,44315.5
12704,2866000,22300,44382.203125
12705,2866000,22330,44407.390625
12706,2866000,22360,44325.5
12707,2866000,22390,44351.5
12708,2866000,22420,44338.90625
12709,2866000,22450,44082.796875
12710,2866000,22480,44387.703125
12711,2866000,22510,44353.90625
12712,2866000,22540,44323.796875
12713,2866000,22570,44349.21875
12714,2866000,22600,44375.5
12715,2866000,22630,44351.90625
12716,2866000,22660,44392.90625
12717,2866000,22690,44083.90625
12718,2866000,22720,44426.109375
12719,2866000,22750,44362.515625
12720,2866000,22780,44345.40625
12721,2866000,22810,44397.5
12722,2866000,22840,44375.90625
12723,2866000,22870,44315.09375
12724,2866000,22900,44383.0
12725,2866000,22930,44405.59375
12726,2866000,22960,44366.109375
12727,2866000,22990,44341.296875
12728,2866000,23020,44426.390625
12729,2866000,23050,44094.40625
12730,2866000,23080,44348.78125
12731,2866000,23110,44346.515625
12732,2866000,23140,44339.703125
12733,2866000,23170,44339.78125
12734,2866000,23200,44357.90625
12735,2866000,23230,44344.0
12736,2866000,23260,44357.5
12737,2866000,23290,44642.109375
12738,2866000,23320,44394.59375
12739,2866000,23350,44327.515625
12740,2866000,23380,44340.390625
12741,2866000,23410,44371.40625
12742,2866000,23440,44415.703125
12743,2866000,23470,44346.71875
12744,2866000,23500,44341.390625
12745,2866000,23530,44108.984375
12746,2866000,23560,44320.609375
12747,2866000,23590,44377.5
12748,2866000,23620,44354.890625
12749,2866000,23650,44388.90625
12750,2866000,23680,44355.3125
12751,2866000,23710,44360.09375
12752,2866000,23740,44366.515625
12753,2866000,23770,44397.203125
12754,2866000,23800,44363.1875
12755,2866000,23830,44410.09375
12756,2866000,23860,44050.015625
12757,2866000,23890,44363.609375
12758,2866000,23920,44368.59375
12759,2866000,23950,44315.296875
12760,2866000,23980,44332.5
12761,2866000,24010,44359.609375
12762,2866000,24040,44341.3125
12763,2866000,24070,44323.796875
12764,2866000,24100,44103.21875
12765,2866000,24130,44363.3125
12766,2866000,24160,44393.1875
12767,2866000,24190,44388.609375
12768,2866000,24220,44331.1875
12769,2866000,24250,44345.515625
12770,2866000,24280,44354.484375
12771,2866000,24310,44346.90625
12772,2866000,24340,44407.90625
12773,2866000,24370,44334.390625
12774,2866000,24400,44403.09375
12775,2866000,24430,44370.609375
12776,2866000,24460,44101.40625
12777,2866000,24490,44377.5
12778,2866000,24520,44348.984375
12779,2866000,24550,44369.203125
12780,2866000,24580,44390.0
12781,2866000,24610,44423.109375
12782,2866000,24640,44359.390625
12783,2866000,24670,44379.296875
12784,2866000,24700,44391.984375
12785,2866000,24730,44022.8125
12786,2866000,24760,44342.296875
12787,2866000,24790,44388.796875
12788,2866000,24820,44388.8125
12789,2866000,24850,44393.1875
12790,2866000,24880,44306.90625
12791,2866000,24910,44377.5
12792,2866000,24940,44388.78125
12793,2866000,24970,44403.90625
12794,2866000,25000,44382.59375
12795,2866000,25030,44377.796875
12796,2866000,25060,44343.90625
12797,2866000,25090,44047.3125
12798,2866000,25120,44354.40625
12799,2866000,25150,44379.40625
12800,2866000,25180,44402.1875
12801,2866000,25210,44448.90625
12802,2866000,25240,44385.203125
12803,2866000,25270,44425.296875
12804,2866000,25300,44370.09375
12805,2866000,25330,44344.703125
12806,2866000,25360,44367.984375
12807,2866000,25390,44080.015625
12808,2866000,25420,44344.203125
12809,2866000,25450,44428.609375
12810,2866000,25480,44409.0
12811,2866000,25510,44389.8125
12812,2866000,25540,44382.09375
12813,2866000,25570,44412.59375
12814,2866000,25600,44379.59375
12815,2866000,25630,44341.203125
12816,2866000,25660,44378.1875
12817,2866000,25690,44420.890625
12818,2866000,25720,44034.390625
12819,2866000,25750,44364.59375
12820,2866000,25780,44422.59375
12821,2866000,25810,44388.796875
12822,2866000,25840,44377.609375
12823,2866000,25870,44332.78125
12824,2866000,25900,44383.390625
12825,2866000,25930,44361.0
12826,2866000,25960,44371.296875
12827,2866000,25990,44468.0
12828,2866000,26020,44108.1875
12829,2866000,26050,44377.609375
12830,2866000,26080,44368.203125
12831,2866000,26110,44361.09375
12832,2866000,26140,44388.390625
12833,2866000,26170,44332.890625
12834,2866000,26200,44377.78125
12835,2866000,26230,44398.296875
12836,2866000,26260,44365.28125
12837,2866000,26290,44103.203125
12838,2866000,26320,44458.5
12839,2866000,26350,44448.890625
12840,2866000,26380,44368.609375
12841,2866000,26410,44389.59375
12842,2866000,26440,44364.203125
12843,2866000,26470,44351.90625
12844,2866000,26500,44425.40625
12845,2866000,26530,44353.015625
12846,2866000,26560,44374.5
12847,2866000,26590,44281.8125
12848,2866000,26620,44346.8125
12849,2866000,26650,44145.890625
12850,2866000,26680,44413.09375
12851,2866000,26710,44371.203125
12852,2866000,26740,44414.890625
12853,2866000,26770,44424.3125
12854,2866000,26800,44353.59375
12855,2866000,26830,44395.484375
12856,2866000,26860,44376.703125
12857,2866000,26890,44399.09375
12858,2866000,26920,44075.71875
12859,2866000,26950,44430.28125
12860,2866000,26980,44339.40625
12861,2866000,27010,44333.59375
12862,2866000,27040,44387.609375
12863,2866000,27070,44410.890625
12864,2866000,27100,44399.09375
12865,2866000,27130,44402.71875
12866,2866000,27160,44402.5
12867,2866000,27190,44452.390625
12868,2866000,27220,44346.296875
12869,2866000,27250,44381.796875
12870,2866000,27280,44359.890625
12871,2866000,27310,44347.796875
12872,2866000,27340,44407.703125
12873,2866000,27370,44107.40625
12874,2866000,27400,44424.90625
12875,2866000,27430,44403.3125
12876,2866000,27460,44369.8125
12877,2866000,27490,44342.390625
12878,2866000,27520,44378.890625
12879,2866000,27550,44105.609375
12880,2866000,27580,44363.6875
12881,2866000,27610,44390.28125
12882,2866000,27640,44400.78125
12883,2866000,27670,44377.5
12884,2866000,27700,44419.8125
12885,2866000,27730,44377.59375
12886,2866000,27760,44377.5
12887,2866000,27790,44409.90625
12888,2866000,27820,44415.59375
12889,2866000,27850,44119.0
12890,2866000,27880,44431.78125
12891,2866000,27910,44440.09375
12892,2866000,27940,44330.40625
12893,2866000,27970,44382.90625
12894,2866000,28000,44400.90625
12895,2866000,28030,44398.515625
12896,2866000,28060,44415.6875
12897,2866000,28090,44367.40625
12898,2866000,28120,44466.59375
12899,2866000,28150,44328.984375
12900,2866000,28180,44385.5
12901,2866000,28210,44055.515625
12902,2866000,28240,44431.796875
12903,2866000,28270,44432.5
12904,2866000,28300,44389.40625
12905,2866000,28330,44404.6875
12906,2866000,28360,44424.609375
12907,2866000,28390,44393.8125
12908,2866000,28420,44336.5
12909,2866000,28450,44423.3125
12910,2866000,28480,44102.703125
12911,2866000,28510,44355.09375
12912,2866000,28540,44419.40625
12913,2866000,28570,44417.8125
12914,2866000,28600,44398.09375
12915,2866000,28630,44400.203125
12916,2866000,28660,44393.09375
12917,2866000,28690,44436.5
12918,2866000,28720,44396.015625
12919,2866000,28750,44396.40625
12920,2866000,28780,44385.09375
12921,2866000,28810,44411.1875
12922,2866000,28840,44148.40625
12923,2866000,28870,44415.6875
12924,2866000,28900,44400.890625
12925,2866000,28930,44371.71875
12926,2866000,28960,44447.59375
12927,2866000,28990,44385.203125
12928,2866000,29020,44387.1875
12929,2866000,29050,44391.90625
12930,2866000,29080,44390.203125
12931,2866000,29110,44075.40625
12932,2866000,29140,44417.796875
12933,2866000,29170,44356.109375
12934,2866000,29200,44362.609375
12935,2866000,29230,44371.6875
12936,2866000,29260,44358.6875
12937,2866000,29290,44327.5
12938,2866000,29320,44381.90625
12939,2866000,29350,44409.109375
12940,2866000,29380,44372.609375
12941,2866000,29410,44417.09375
12942,2866000,29440,44415.8125
12943,2866000,29470,44093.6875
12944,2866000,29500,44388.59375
12945,2866000,29530,44376.6875
12946,2866000,29560,44384.890625
12947,2866000,29590,44380.203125
12948,2866000,29620,44394.40625
12949,2866000,29650,44376.609375
12950,2866000,29680,44335.3125
12951,2866000,29710,44381.8125
12952,2866000,29740,44139.28125
12953,2866000,29770,44416.59375
12954,2866000,29800,44360.09375
12955,2866000,29830,44371.5
12956,2866000,29860,44350.703125
12957,2866000,29890,44403.015625
12958,2866000,29920,44319.0
12959,2866000,29950,44458.28125
12960,2866000,29980,44406.28125
12961,2866500,100,11956.59375
12962,2866500,130,56640.90625
12963,2866500,160,56971.8125
12964,2866500,190,55307.390625
12965,2866500,220,48855.5
12966,2866500,250,51883.09375
12967,2866500,280,55225.703125
12968,2866500,310,56685.203125
12969,2866500,340,53537.796875
12970,2866500,370,46893.59375
12971,2866500,400,47802.0
12972,2866500,430,52434.0
12973,2866500,460,53144.6875
12974,2866500,490,53417.203125
12975,2866500,520,52295.71875
12976,2866500,550,51963.40625
12977,2866500,580,54902.0
12978,2866500,610,55580.90625
12979,2866500,640,53646.703125
12980,2866500,670,48489.5
12981,2866500,700,46386.21875
12982,2866500,730,49611.890625
12983,2866500,760,52696.09375
12984,2866500,790,54525.296875
12985,2866500,820,53565.203125
12986,2866500,850,50823.0
12987,2866500,880,49917.203125
12988,2866500,910,52812.90625
12989,2866500,940,55167.0
12990,2866500,970,55073.203125
12991,2866500,1000,53335.40625
12992,2866500,1030,50724.609375
12993,2866500,1060,50095.6875
12994,2866500,1090,50741.90625
12995,2866500,1120,51891.0
12996,2866500,1150,52932.703125
12997,2866500,1180,52656.890625
12998,2866500,1210,53315.59375
12999,2866500,1240,53427.28125
13000,2866500,1270,53299.203125
13001,2866500,1300,52753.28125
13002,2866500,1330,51666.78125
13003,2866500,1360,51828.90625
13004,2866500,1390,52637.296875
13005,2866500,1420,52786.390625
13006,2866500,1450,52711.296875
13007,2866500,1480,52048.109375
13008,2866500,1510,51119.8125
13009,2866500,1540,51389.015625
13010,2866500,1570,53222.984375
13011,2866500,1600,53854.6875
13012,2866500,1630,54041.390625
13013,2866500,1660,53176.78125
13014,2866500,1690,52154.890625
13015,2866500,1720,51815.3125
13016,2866500,1750,51679.703125
13017,2866500,1780,52068.203125
13018,2866500,1810,52368.8125
13019,2866500,1840,52958.28125
13020,2866500,1870,53002.8125
13021,2866500,1900,52794.09375
13022,2866500,1930,52132.203125
13023,2866500,1960,51920.203125
13024,2866500,1990,52465.0
13025,2866500,2020,53321.5
13026,2866500,2050,53958.59375
13027,2866500,2080,53506.5
13028,2866500,2110,52070.40625
13029,2866500,2140,51439.609375
13030,2866500,2170,51472.09375
13031,2866500,2200,52562.109375
13032,2866500,2230,53458.890625
13033,2866500,2260,53334.59375
13034,2866500,2290,52483.703125
13035,2866500,2320,52000.796875
13036,2866500,2350,52272.09375
13037,2866500,2380,53044.484375
13038,2866500,2410,53091.90625
13039,2866500,2440,52423.296875
13040,2866500,2470,52440.28125
13041,2866500,2500,52615.6875
13042,2866500,2530,53143.09375
13043,2866500,2560,53292.59375
13044,2866500,2590,52647.28125
13045,2866500,2620,51781.609375
13046,2866500,2650,51648.6875
13047,2866500,2680,52459.0
13048,2866500,2710,53683.0
13049,2866500,2740,53684.296875
13050,2866500,2770,52604.5
13051,2866500,2800,51360.71875
13052,2866500,2830,51932.1875
13053,2866500,2860,52825.8125
13054,2866500,2890,54002.59375
13055,2866500,2920,53989.90625
13056,2866500,2950,52530.90625
13057,2866500,2980,51327.0
13058,2866500,3010,51494.890625
13059,2866500,3040,52418.390625
13060,2866500,3070,53023.609375
13061,2866500,3100,53410.703125
13062,2866500,3130,52687.90625
13063,2866500,3160,52317.984375
13064,2866500,3190,52665.6875
13065,2866500,3220,53461.484375
13066,2866500,3250,53801.21875
13067,2866500,3280,53149.3125
13068,2866500,3310,52049.90625
13069,2866500,3340,52088.984375
13070,2866500,3370,52401.296875
13071,2866500,3400,52925.609375
13072,2866500,3430,52553.71875
13073,2866500,3460,52535.484375
13074,2866500,3490,52272.5
13075,2866500,3520,52655.09375
13076,2866500,3550,53539.3125
13077,2866500,3580,53958.203125
13078,2866500,3610,53324.203125
13079,2866500,3640,52409.71875
13080,2866500,3670,52051.0
13081,2866500,3700,52261.40625
13082,2866500,3730,52216.515625
13083,2866500,3760,53014.609375
13084,2866500,3790,52656.0
13085,2866500,3820,52264.0
13086,2866500,3850,52475.515625
13087,2866500,3880,53050.0
13088,2866500,3910,53663.59375
13089,2866500,3940,53603.40625
13090,2866500,3970,52965.5
13091,2866500,4000,52212.984375
13092,2866500,4030,52405.1875
13093,2866500,4060,52542.40625
13094,2866500,4090,52737.203125
13095,2866500,4120,52704.8125
13096,2866500,4150,52482.71875
13097,2866500,4180,52561.109375
13098,2866500,4210,53008.796875
13099,2866500,4240,53427.5
13100,2866500,4270,53414.90625
13101,2866500,4300,53265.0
13102,2866500,4330,53101.8125
13103,2866500,4360,52475.1875
13104,2866500,4390,52750.71875
13105,2866500,4420,52641.09375
13106,2866500,4450,52443.390625
13107,2866500,4480,52301.90625
13108,2866500,4510,52561.09375
13109,2866500,4540,52941.796875
13110,2866500,4570,53331.390625
13111,2866500,4600,53293.28125
13112,2866500,4630,53149.6875
13113,2866500,4660,53095.09375
13114,2866500,4690,52482.703125
13115,2866500,4720,52934.78125
13116,2866500,4750,53107.78125
13117,2866500,4780,52827.0
13118,2866500,4810,52551.0
13119,2866500,4840,52410.09375
13120,2866500,4870,52540.390625
13121,2866500,4900,52857.90625
13122,2866500,4930,53212.890625
13123,2866500,4960,53371.59375
13124,2866500,4990,53048.484375
13125,2866500,5020,53300.0
13126,2866500,5050,52932.484375
13127,2866500,5080,52759.90625
13128,2866500,5110,52686.390625
13129,2866500,5140,52623.40625
13130,2866500,5170,52795.8125
13131,2866500,5200,52886.5
13132,2866500,5230,52937.609375
13133,2866500,5260,52530.890625
13134,2866500,5290,52963.109375
13135,2866500,5320,53077.09375
13136,2866500,5350,53222.984375
13137,2866500,5380,53259.890625
13138,2866500,5410,53233.796875
13139,2866500,5440,53171.40625
13140,2866500,5470,52867.0
13141,2866500,5500,52553.09375
13142,2866500,5530,52480.3125
13143,2866500,5560,52209.8125
13144,2866500,5590,52993.1875
13145,2866500,5620,53303.21875
13146,2866500,5650,53371.90625
13147,2866500,5680,53111.59375
13148,2866500,5710,52781.796875
13149,2866500,5740,52748.703125
13150,2866500,5770,53004.015625
13151,2866500,5800,53209.28125
13152,2866500,5830,53327.6875
13153,2866500,5860,52996.90625
13154,2866500,5890,52705.890625
13155,2866500,5920,52116.09375
13156,2866500,5950,52719.796875
13157,2866500,5980,53134.09375
13158,2866500,6010,53319.890625
13159,2866500,6040,53268.390625
13160,2866500,6070,53165.796875
13161,2866500,6100,53021.109375
13162,2866500,6130,52996.3125
13163,2866500,6160,52967.90625
13164,2866500,6190,52425.5
13165,2866500,6220,52845.109375
13166,2866500,6250,53025.28125
13167,2866500,6280,53182.09375
13168,2866500,6310,53284.890625
13169,2866500,6340,53136.390625
13170,2866500,6370,52735.703125
13171,2866500,6400,52638.59375
13172,2866500,6430,52914.28125
13173,2866500,6460,53347.515625
13174,2866500,6490,53565.90625
13175,2866500,6520,53344.609375
13176,2866500,6550,52311.5
13177,2866500,6580,52472.71875
13178,2866500,6610,52641.40625
13179,2866500,6640,53149.390625
13180,2866500,6670,53610.515625
13181,2866500,6700,53395.5
13182,2866500,6730,52988.59375
13183,2866500,6760,52699.015625
13184,2866500,6790,52778.515625
13185,2866500,6820,52618.5
13186,2866500,6850,53273.296875
13187,2866500,6880,53223.40625
13188,2866500,6910,53117.59375
13189,2866500,6940,53060.09375
13190,2866500,6970,53115.1875
13191,2866500,7000,53136.390625
13192,2866500,7030,52932.890625
13193,2866500,7060,52829.90625
13194,2866500,7090,52920.09375
13195,2866500,7120,53199.203125
13196,2866500,7150,53444.296875
13197,2866500,7180,52864.21875
13198,2866500,7210,52870.3125
13199,2866500,7240,52677.5
13200,2866500,7270,52768.703125
13201,2866500,7300,53225.796875
13202,2866500,7330,53675.0
13203,2866500,7360,53560.984375
13204,2866500,7390,53063.1875
13205,2866500,7420,52721.3125
13206,2866500,7450,52212.5
13207,2866500,7480,52911.390625
13208,2866500,7510,53359.390625
13209,2866500,7540,53467.28125
13210,2866500,7570,53251.28125
13211,2866500,7600,53063.6875
13212,2866500,7630,52929.6875
13213,2866500,7660,52957.0
13214,2866500,7690,53174.296875
13215,2866500,7720,53237.8125
13216,2866500,7750,52887.5
13217,2866500,7780,53243.203125
13218,2866500,7810,53106.09375
13219,2866500,7840,53078.609375
13220,2866500,7870,52897.59375
13221,2866500,7900,53029.109375
13222,2866500,7930,53104.296875
13223,2866500,7960,53264.203125
13224,2866500,7990,53405.1875
13225,2866500,8020,53360.3125
13226,2866500,8050,53220.390625
13227,2866500,8080,52945.59375
13228,2866500,8110,52470.984375
13229,2866500,8140,52985.40625
13230,2866500,8170,53155.40625
13231,2866500,8200,53326.296875
13232,2866500,8230,53242.5
13233,2866500,8260,53231.1875
13234,2866500,8290,53025.0
13235,2866500,8320,52928.09375
13236,2866500,8350,53040.890625
13237,2866500,8380,53371.28125
13238,2866500,8410,53461.59375
13239,2866500,8440,53067.5
13240,2866500,8470,53095.890625
13241,2866500,8500,52790.109375
13242,2866500,8530,52720.484375
13243,2866500,8560,52930.6875
13244,2866500,8590,53377.90625
13245,2866500,8620,53520.28125
13246,2866500,8650,53368.5
13247,2866500,8680,53090.40625
13248,2866500,8710,52913.1875
13249,2866500,8740,52665.203125
13250,2866500,8770,53332.5
13251,2866500,8800,53438.8125
13252,2866500,8830,53306.59375
13253,2866500,8860,53007.3125
13254,2866500,8890,53041.0
13255,2866500,8920,53044.0
13256,2866500,8950,53201.5
13257,2866500,8980,53215.5
13258,2866500,9010,52776.203125
13259,2866500,9040,53157.71875
13260,2866500,9070,53331.3125
13261,2866500,9100,53422.28125
13262,2866500,9130,53438.6875
13263,2866500,9160,53062.40625
13264,2866500,9190,52766.703125
13265,2866500,9220,52806.109375
13266,2866500,9250,53274.40625
13267,2866500,9280,53543.59375
13268,2866500,9310,53551.890625
13269,2866500,9340,53133.890625
13270,2866500,9370,52413.1875
13271,2866500,9400,52839.78125
13272,2866500,9430,53323.109375
13273,2866500,9460,53660.8125
13274,2866500,9490,53482.5
13275,2866500,9520,53172.59375
13276,2866500,9550,52808.6875
13277,2866500,9580,52876.78125
13278,2866500,9610,53271.40625
13279,2866500,9640,53396.78125
13280,2866500,9670,52979.109375
13281,2866500,9700,53151.78125
13282,2866500,9730,53038.515625
13283,2866500,9760,53203.203125
13284,2866500,9790,53393.203125
13285,2866500,9820,53377.484375
13286,2866500,9850,53152.90625
13287,2866500,9880,53017.5
13288,2866500,9910,53113.609375
13289,2866500,9940,53322.609375
13290,2866500,9970,53469.90625
13291,2866500,10000,52900.609375
13292,2866500,10030,53009.1875
13293,2866500,10060,52938.5
13294,2866500,10090,53186.59375
13295,2866500,10120,53442.09375
13296,2866500,10150,53618.390625
13297,2866500,10180,53326.796875
13298,2866500,10210,52931.59375
13299,2866500,10240,52900.984375
13300,2866500,10270,53137.40625
13301,2866500,10300,52996.8125
13302,2866500,10330,53470.0
13303,2866500,10360,53257.8125
13304,2866500,10390,53023.296875
13305,2866500,10420,53107.609375
13306,2866500,10450,53246.390625
13307,2866500,10480,53370.609375
13308,2866500,10510,53383.5
13309,2866500,10540,53249.109375
13310,2866500,10570,52689.8125
13311,2866500,10600,53120.90625
13312,2866500,10630,53286.09375
13313,2866500,10660,53359.09375
13314,2866500,10690,53196.015625
13315,2866500,10720,53167.8125
13316,2866500,10750,53207.390625
13317,2866500,10780,53247.40625
13318,2866500,10810,53386.40625
13319,2866500,10840,53414.296875
13320,2866500,10870,53187.8125
13321,2866500,10900,53086.796875
13322,2866500,10930,52810.703125
13323,2866500,10960,53309.5
13324,2866500,10990,53448.5
13325,2866500,11020,53345.515625
13326,2866500,11050,53283.109375
13327,2866500,11080,53136.5
13328,2866500,11110,53199.890625
13329,2866500,11140,53305.5
13330,2866500,11170,53372.609375
13331,2866500,11200,52973.015625
13332,2866500,11230,53260.09375
13333,2866500,11260,53246.703125
13334,2866500,11290,53229.59375
13335,2866500,11320,53267.515625
13336,2866500,11350,53258.296875
13337,2866500,11380,53329.21875
13338,2866500,11410,53299.296875
13339,2866500,11440,53283.203125
13340,2866500,11470,53282.3125
13341,2866500,11500,53243.609375
13342,2866500,11530,53333.296875
13343,2866500,11560,52849.296875
13344,2866500,11590,53323.09375
13345,2866500,11620,53319.59375
13346,2866500,11650,53292.59375
13347,2866500,11680,53289.1875
13348,2866500,11710,53355.1875
13349,2866500,11740,53301.984375
13350,2866500,11770,53307.0
13351,2866500,11800,53268.6875
13352,2866500,11830,52831.40625
13353,2866500,11860,53340.0
13354,2866500,11890,53359.59375
13355,2866500,11920,53348.90625
13356,2866500,11950,53296.203125
13357,2866500,11980,53194.703125
13358,2866500,12010,53220.59375
13359,2866500,12040,53263.390625
13360,2866500,12070,53345.5
13361,2866500,12100,53362.59375
13362,2866500,12130,53400.1875
13363,2866500,12160,53257.390625
13364,2866500,12190,52852.0
13365,2866500,12220,53301.8125
13366,2866500,12250,53359.90625
13367,2866500,12280,53366.8125
13368,2866500,12310,53294.40625
13369,2866500,12340,53284.796875
13370,2866500,12370,53308.296875
13371,2866500,12400,53319.703125
13372,2866500,12430,53451.5
13373,2866500,12460,52873.59375
13374,2866500,12490,53204.390625
13375,2866500,12520,53200.1875
13376,2866500,12550,53312.78125
13377,2866500,12580,53338.984375
13378,2866500,12610,53391.109375
13379,2866500,12640,53307.59375
13380,2866500,12670,53202.1875
13381,2866500,12700,53259.09375
13382,2866500,12730,53338.90625
13383,2866500,12760,53006.796875
13384,2866500,12790,53362.8125
13385,2866500,12820,53342.203125
13386,2866500,12850,53213.6875
13387,2866500,12880,53160.90625
13388,2866500,12910,53275.984375
13389,2866500,12940,53332.5
13390,2866500,12970,53320.984375
13391,2866500,13000,53324.796875
13392,2866500,13030,53246.78125
13393,2866500,13060,53325.1875
13394,2866500,13090,53427.890625
13395,2866500,13120,52933.40625
13396,2866500,13150,53304.703125
13397,2866500,13180,53287.09375
13398,2866500,13210,53239.109375
13399,2866500,13240,53279.3125
13400,2866500,13270,53367.0
13401,2866500,13300,53355.21875
13402,2866500,13330,53271.90625
13403,2866500,13360,53197.6875
13404,2866500,13390,53255.984375
13405,2866500,13420,53447.796875
13406,2866500,13450,53123.015625
13407,2866500,13480,53408.3125
13408,2866500,13510,53301.5
13409,2866500,13540,53193.109375
13410,2866500,13570,53263.90625
13411,2866500,13600,53321.015625
13412,2866500,13630,53392.796875
13413,2866500,13660,53383.09375
13414,2866500,13690,53257.3125
13415,2866500,13720,53287.40625
13416,2866500,13750,52895.09375
13417,2866500,13780,53398.1875
13418,2866500,13810,53408.890625
13419,2866500,13840,53394.203125
13420,2866500,13870,53326.296875
13421,2866500,13900,53363.1875
13422,2866500,13930,53358.71875
13423,2866500,13960,53321.59375
13424,2866500,13990,53352.59375
13425,2866500,14020,52842.5
13426,2866500,14050,53353.40625
13427,2866500,14080,53424.890625
13428,2866500,14110,53429.296875
13429,2866500,14140,53478.0
13430,2866500,14170,53301.015625
13431,2866500,14200,53274.609375
13432,2866500,14230,53312.71875
13433,2866500,14260,53373.109375
13434,2866500,14290,53482.203125
13435,2866500,14320,53375.5
13436,2866500,14350,53290.296875
13437,2866500,14380,53317.59375
13438,2866500,14410,52910.703125
13439,2866500,14440,53343.5
13440,2866500,14470,53374.5
13441,2866500,14500,53442.90625
13442,2866500,14530,53426.609375
13443,2866500,14560,53349.796875
13444,2866500,14590,53372.390625
13445,2866500,14620,53401.515625
13446,2866500,14650,52913.703125
13447,2866500,14680,53299.703125
13448,2866500,14710,53391.8125
13449,2866500,14740,53390.59375
13450,2866500,14770,53467.09375
13451,2866500,14800,53344.3125
13452,2866500,14830,53315.984375
13453,2866500,14860,53242.609375
13454,2866500,14890,53360.40625
13455,2866500,14920,53408.390625
13456,2866500,14950,53095.203125
13457,2866500,14980,53376.515625
13458,2866500,15010,53273.0
13459,2866500,15040,53237.5
13460,2866500,15070,53300.90625
13461,2866500,15100,53356.703125
13462,2866500,15130,53447.515625
13463,2866500,15160,53400.3125
13464,2866500,15190,53301.984375
13465,2866500,15220,53353.609375
13466,2866500,15250,53339.796875
13467,2866500,15280,53366.6875
13468,2866500,15310,52965.203125
13469,2866500,15340,53327.59375
13470,2866500,15370,53427.796875
13471,2866500,15400,53378.796875
13472,2866500,15430,53473.8125
13473,2866500,15460,53406.796875
13474,2866500,15490,53300.59375
13475,2866500,15520,53336.5
13476,2866500,15550,53408.890625
13477,2866500,15580,53059.109375
13478,2866500,15610,53475.609375
13479,2866500,15640,53442.09375
13480,2866500,15670,53325.703125
13481,2866500,15700,53312.5
13482,2866500,15730,53370.59375
13483,2866500,15760,53442.40625
13484,2866500,15790,53481.3125
13485,2866500,15820,53396.890625
13486,2866500,15850,53349.296875
13487,2866500,15880,53354.5
13488,2866500,15910,53398.5
13489,2866500,15940,52959.0
13490,2866500,15970,53412.90625
13491,2866500,16000,53378.1875
13492,2866500,16030,53338.484375
13493,2866500,16060,53330.78125
13494,2866500,16090,53331.09375
13495,2866500,16120,53393.109375
13496,2866500,16150,53328.90625
13497,2866500,16180,53332.109375
13498,2866500,16210,52982.015625
13499,2866500,16240,53403.515625
13500,2866500,16270,53451.609375
13501,2866500,16300,53449.59375
13502,2866500,16330,53355.40625
13503,2866500,16360,53349.890625
13504,2866500,16390,53380.109375
13505,2866500,16420,53469.09375
13506,2866500,16450,53483.09375
13507,2866500,16480,53446.59375
13508,2866500,16510,53381.890625
13509,2866500,16540,53302.28125
13510,2866500,16570,52983.78125
13511,2866500,16600,53356.609375
13512,2866500,16630,53415.609375
13513,2866500,16660,53417.59375
13514,2866500,16690,53417.609375
13515,2866500,16720,53306.59375
13516,2866500,16750,53397.609375
13517,2866500,16780,53374.390625
13518,2866500,16810,53411.59375
13519,2866500,16840,52984.703125
13520,2866500,16870,53514.40625
13521,2866500,16900,53404.5
13522,2866500,16930,53331.09375
13523,2866500,16960,53420.609375
13524,2866500,16990,53357.390625
13525,2866500,17020,53411.1875
13526,2866500,17050,53435.1875
13527,2866500,17080,53412.09375
13528,2866500,17110,53445.296875
13529,2866500,17140,53437.59375
13530,2866500,17170,53382.21875
13531,2866500,17200,53017.515625
13532,2866500,17230,53406.796875
13533,2866500,17260,53392.203125
13534,2866500,17290,53398.1875
13535,2866500,17320,53366.09375
13536,2866500,17350,53349.109375
13537,2866500,17380,53370.5
13538,2866500,17410,53371.90625
13539,2866500,17440,53416.5
13540,2866500,17470,53430.390625
13541,2866500,17500,53041.203125
13542,2866500,17530,53482.5
13543,2866500,17560,53468.6875
13544,2866500,17590,53355.3125
13545,2866500,17620,53340.0
13546,2866500,17650,53374.6875
13547,2866500,17680,53410.703125
13548,2866500,17710,53450.78125
13549,2866500,17740,53412.59375
13550,2866500,17770,52971.5
13551,2866500,17800,53359.609375
13552,2866500,17830,53464.890625
13553,2866500,17860,53414.40625
13554,2866500,17890,53481.0
13555,2866500,17920,53408.703125
13556,2866500,17950,53398.3125
13557,2866500,17980,53382.5
13558,2866500,18010,53383.390625
13559,2866500,18040,53478.09375
13560,2866500,18070,53467.984375
13561,2866500,18100,53340.5
13562,2866500,18130,53038.296875
13563,2866500,18160,53392.109375
13564,2866500,18190,53433.59375
13565,2866500,18220,53483.890625
13566,2866500,18250,53378.40625
13567,2866500,18280,53379.40625
13568,2866500,18310,53376.40625
13569,2866500,18340,53371.59375
13570,2866500,18370,53467.609375
13571,2866500,18400,53466.703125
13572,2866500,18430,53023.890625
13573,2866500,18460,53338.6875
13574,2866500,18490,53410.5
13575,2866500,18520,53429.984375
13576,2866500,18550,53472.203125
13577,2866500,18580,53434.3125
13578,2866500,18610,53398.390625
13579,2866500,18640,53331.890625
13580,2866500,18670,53434.71875
13581,2866500,18700,53456.59375
13582,2866500,18730,53475.015625
13583,2866500,18760,53045.515625
13584,2866500,18790,53369.90625
13585,2866500,18820,53434.109375
13586,2866500,18850,53412.609375
13587,2866500,18880,53473.6875
13588,2866500,18910,53468.0
13589,2866500,18940,53422.5
13590,2866500,18970,53475.1875
13591,2866500,19000,53397.0
13592,2866500,19030,53071.40625
13593,2866500,19060,53501.890625
13594,2866500,19090,53423.8125
13595,2866500,19120,53418.3125
13596,2866500,19150,53416.109375
13597,2866500,19180,53423.984375
13598,2866500,19210,53458.6875
13599,2866500,19240,53419.0
13600,2866500,19270,53433.1875
13601,2866500,19300,53403.09375
13602,2866500,19330,52989.6875
13603,2866500,19360,53442.890625
13604,2866500,19390,53430.484375
13605,2866500,19420,53427.59375
13606,2866500,19450,53420.3125
13607,2866500,19480,53437.90625
13608,2866500,19510,53410.109375
13609,2866500,19540,53447.0
13610,2866500,19570,53488.09375
13611,2866500,19600,53441.6875
13612,2866500,19630,53436.59375
13613,2866500,19660,53410.296875
13614,2866500,19690,53001.59375
13615,2866500,19720,53423.515625
13616,2866500,19750,53449.890625
13617,2866500,19780,53397.796875
13618,2866500,19810,53419.40625
13619,2866500,19840,53403.203125
13620,2866500,19870,53438.6875
13621,2866500,19900,53436.3125
13622,2866500,19930,53466.6875
13623,2866500,19960,53054.5
13624,2866500,19990,53415.6875
13625,2866500,20020,53417.0
13626,2866500,20050,53431.3125
13627,2866500,20080,53415.203125
13628,2866500,20110,53423.78125
13629,2866500,20140,53458.109375
13630,2866500,20170,53380.0
13631,2866500,20200,53375.203125
13632,2866500,20230,53433.3125
13633,2866500,20260,53475.90625
13634,2866500,20290,53449.890625
13635,2866500,20320,53055.015625
13636,2866500,20350,53446.515625
13637,2866500,20380,53459.90625
13638,2866500,20410,53430.0
13639,2866500,20440,53474.109375
13640,2866500,20470,53458.296875
13641,2866500,20500,53434.78125
13642,2866500,20530,53475.6875
13643,2866500,20560,53451.6875
13644,2866500,20590,53057.984375
13645,2866500,20620,53488.8125
13646,2866500,20650,53401.78125
13647,2866500,20680,53391.484375
13648,2866500,20710,53482.296875
13649,2866500,20740,53496.1875
13650,2866500,20770,53538.890625
13651,2866500,20800,53411.890625
13652,2866500,20830,53435.890625
13653,2866500,20860,53436.109375
13654,2866500,20890,53421.796875
13655,2866500,20920,53437.09375
13656,2866500,20950,53469.296875
13657,2866500,20980,52992.703125
13658,2866500,21010,53445.890625
13659,2866500,21040,53429.796875
13660,2866500,21070,53516.40625
13661,2866500,21100,53468.90625
13662,2866500,21130,53511.296875
13663,2866500,21160,53493.71875
13664,2866500,21190,53417.5
13665,2866500,21220,53038.609375
13666,2866500,21250,53398.109375
13667,2866500,21280,53423.40625
13668,2866500,21310,53397.796875
13669,2866500,21340,53379.5
13670,2866500,21370,53457.796875
13671,2866500,21400,53409.40625
13672,2866500,21430,53476.0
13673,2866500,21460,53468.28125
13674,2866500,21490,53496.0
13675,2866500,21520,53372.796875
13676,2866500,21550,53446.890625
13677,2866500,21580,53045.40625
13678,2866500,21610,53444.40625
13679,2866500,21640,53461.5
13680,2866500,21670,53445.8125
13681,2866500,21700,53457.0
13682,2866500,21730,53454.5
13683,2866500,21760,53451.40625
13684,2866500,21790,53457.1875
13685,2866500,21820,53527.484375
13686,2866500,21850,53455.78125
13687,2866500,21880,53019.484375
13688,2866500,21910,53507.8125
13689,2866500,21940,53442.3125
13690,2866500,21970,53428.90625
13691,2866500,22000,53405.5
13692,2866500,22030,53501.203125
13693,2866500,22060,53463.8125
13694,2866500,22090,53417.703125
13695,2866500,22120,53421.0
13696,2866500,22150,53438.796875
13697,2866500,22180,53431.5
13698,2866500,22210,53040.09375
13699,2866500,22240,53495.78125
13700,2866500,22270,53470.890625
13701,2866500,22300,53436.015625
13702,2866500,22330,53470.0
13703,2866500,22360,53422.0
13704,2866500,22390,53456.78125
13705,2866500,22420,53483.8125
13706,2866500,22450,53458.296875
13707,2866500,22480,53459.90625
13708,2866500,22510,53079.203125
13709,2866500,22540,53434.90625
13710,2866500,22570,53474.890625
13711,2866500,22600,53452.0
13712,2866500,22630,53460.015625
13713,2866500,22660,53509.90625
13714,2866500,22690,53475.0
13715,2866500,22720,53463.609375
13716,2866500,22750,53384.09375
13717,2866500,22780,53053.484375
13718,2866500,22810,53467.703125
13719,2866500,22840,53456.609375
13720,2866500,22870,53500.984375
13721,2866500,22900,53481.09375
13722,2866500,22930,53441.484375
13723,2866500,22960,53428.0
13724,2866500,22990,53486.796875
13725,2866500,23020,53507.296875
13726,2866500,23050,53469.28125
13727,2866500,23080,53436.296875
13728,2866500,23110,53487.28125
13729,2866500,23140,53054.8125
13730,2866500,23170,53545.8125
13731,2866500,23200,53412.40625
13732,2866500,23230,53520.984375
13733,2866500,23260,53453.203125
13734,2866500,23290,53454.890625
13735,2866500,23320,53439.703125
13736,2866500,23350,53484.90625
13737,2866500,23380,53539.1875
13738,2866500,23410,53033.796875
13739,2866500,23440,53445.390625
13740,2866500,23470,53490.6875
13741,2866500,23500,53555.3125
13742,2866500,23530,53444.1875
13743,2866500,23560,53473.5
13744,2866500,23590,53455.90625
13745,2866500,23620,53439.015625
13746,2866500,23650,53516.609375
13747,2866500,23680,53503.28125
13748,2866500,23710,53066.90625
13749,2866500,23740,53410.0
13750,2866500,23770,53405.984375
13751,2866500,23800,53451.609375
13752,2866500,23830,53508.5
13753,2866500,23860,53469.5
13754,2866500,23890,53489.6875
13755,2866500,23920,53370.3125
13756,2866500,23950,53417.609375
13757,2866500,23980,53466.1875
13758,2866500,24010,53430.0
13759,2866500,24040,53486.78125
13760,2866500,24070,53041.296875
13761,2866500,24100,53433.5
13762,2866500,24130,53471.09375
13763,2866500,24160,53477.59375
13764,2866500,24190,53503.6875
13765,2866500,24220,53455.90625
13766,2866500,24250,53522.890625
13767,2866500,24280,53527.28125
13768,2866500,24310,53469.890625
13769,2866500,24340,53085.6875
13770,2866500,24370,53491.40625
13771,2866500,24400,53526.0
13772,2866500,24430,53455.40625
13773,2866500,24460,53492.8125
13774,2866500,24490,53510.90625
13775,2866500,24520,53498.703125
13776,2866500,24550,53428.1875
13777,2866500,24580,53436.296875
13778,2866500,24610,53480.890625
13779,2866500,24640,53479.8125
13780,2866500,24670,53456.796875
13781,2866500,24700,53012.40625
13782,2866500,24730,53437.59375
13783,2866500,24760,53448.0
13784,2866500,24790,53482.78125
13785,2866500,24820,53490.984375
13786,2866500,24850,53478.390625
13787,2866500,24880,53440.3125
13788,2866500,24910,53475.0
13789,2866500,24940,53474.1875
13790,2866500,24970,53116.40625
13791,2866500,25000,53450.40625
13792,2866500,25030,53478.78125
13793,2866500,25060,53428.09375
13794,2866500,25090,53436.8125
13795,2866500,25120,53499.6875
13796,2866500,25150,53457.203125
13797,2866500,25180,53471.296875
13798,2866500,25210,53471.984375
13799,2866500,25240,53481.90625
13800,2866500,25270,53859.296875
13801,2866500,25300,53449.59375
13802,2866500,25330,53486.890625
13803,2866500,25360,53526.1875
13804,2866500,25390,53446.3125
13805,2866500,25420,53503.5
13806,2866500,25450,53052.390625
13807,2866500,25480,53460.0
13808,2866500,25510,53435.0
13809,2866500,25540,53442.09375
13810,2866500,25570,53475.109375
13811,2866500,25600,53445.59375
13812,2866500,25630,53436.90625
13813,2866500,25660,53512.984375
13814,2866500,25690,53475.71875
13815,2866500,25720,53485.59375
13816,2866500,25750,53491.5
13817,2866500,25780,53418.390625
13818,2866500,25810,53050.90625
13819,2866500,25840,53477.796875
13820,2866500,25870,53439.890625
13821,2866500,25900,53441.71875
13822,2866500,25930,53498.609375
13823,2866500,25960,53486.71875
13824,2866500,25990,53431.703125
13825,2866500,26020,53482.796875
13826,2866500,26050,53531.796875
13827,2866500,26080,53115.984375
13828,2866500,26110,53456.609375
13829,2866500,26140,53497.09375
13830,2866500,26170,53475.40625
13831,2866500,26200,53396.390625
13832,2866500,26230,53491.3125
13833,2866500,26260,53515.1875
13834,2866500,26290,53488.78125
13835,2866500,26320,53509.90625
13836,2866500,26350,53540.8125
13837,2866500,26380,53081.609375
13838,2866500,26410,53455.3125
13839,2866500,26440,53447.09375
13840,2866500,26470,53461.5
13841,2866500,26500,53429.1875
13842,2866500,26530,53454.703125
13843,2866500,26560,53444.40625
13844,2866500,26590,53438.390625
13845,2866500,26620,53480.890625
13846,2866500,26650,53504.390625
13847,2866500,26680,53480.703125
13848,2866500,26710,53462.90625
13849,2866500,26740,53486.203125
13850,2866500,26770,53070.28125
13851,2866500,26800,53472.90625
13852,2866500,26830,53482.09375
13853,2866500,26860,53451.609375
13854,2866500,26890,53451.5
13855,2866500,26920,53511.3125
13856,2866500,26950,53473.703125
13857,2866500,26980,53424.40625
13858,2866500,27010,53515.09375
13859,2866500,27040,53424.296875
13860,2866500,27070,53063.515625
13861,2866500,27100,53505.203125
13862,2866500,27130,53480.71875
13863,2866500,27160,53526.8125
13864,2866500,27190,53483.109375
13865,2866500,27220,53495.796875
13866,2866500,27250,53500.28125
13867,2866500,27280,53504.09375
13868,2866500,27310,53508.6875
13869,2866500,27340,53459.90625
13870,2866500,27370,53027.109375
13871,2866500,27400,53520.40625
13872,2866500,27430,53501.109375
13873,2866500,27460,53502.890625
13874,2866500,27490,53444.484375
13875,2866500,27520,53485.3125
13876,2866500,27550,53490.90625
13877,2866500,27580,53523.5
13878,2866500,27610,53424.09375
13879,2866500,27640,53045.59375
13880,2866500,27670,53483.59375
13881,2866500,27700,53487.09375
13882,2866500,27730,53431.609375
13883,2866500,27760,53515.8125
13884,2866500,27790,53475.796875
13885,2866500,27820,53456.609375
13886,2866500,27850,53537.8125
13887,2866500,27880,53499.59375
13888,2866500,27910,53454.71875
13889,2866500,27940,53488.0
13890,2866500,27970,53476.203125
13891,2866500,28000,53087.109375
13892,2866500,28030,53467.90625
13893,2866500,28060,53470.3125
13894,2866500,28090,53489.59375
13895,2866500,28120,53482.703125
13896,2866500,28150,53458.390625
13897,2866500,28180,53472.09375
13898,2866500,28210,53454.59375
13899,2866500,28240,53462.203125
13900,2866500,28270,53077.5
13901,2866500,28300,53436.703125
13902,2866500,28330,53467.40625
13903,2866500,28360,53553.609375
13904,2866500,28390,53514.203125
13905,2866500,28420,53507.09375
13906,2866500,28450,53498.5
13907,2866500,28480,53448.09375
13908,2866500,28510,53524.0
13909,2866500,28540,53453.890625
13910,2866500,28570,53492.59375
13911,2866500,28600,53500.390625
13912,2866500,28630,53110.796875
13913,2866500,28660,53451.609375
13914,2866500,28690,53506.796875
13915,2866500,28720,53490.28125
13916,2866500,28750,53458.28125
13917,2866500,28780,53453.09375
13918,2866500,28810,53457.109375
13919,2866500,28840,53460.390625
13920,2866500,28870,53500.5
13921,2866500,28900,53515.984375
13922,2866500,28930,53082.0
13923,2866500,28960,53466.59375
13924,2866500,28990,53455.0
13925,2866500,29020,53471.1875
13926,2866500,29050,53497.5
13927,2866500,29080,53520.015625
13928,2866500,29110,53463.890625
13929,2866500,29140,53467.203125
13930,2866500,29170,53474.703125
13931,2866500,29200,53065.484375
13932,2866500,29230,53494.6875
13933,2866500,29260,53466.203125
13934,2866500,29290,53463.109375
13935,2866500,29320,53454.40625
13936,2866500,29350,53495.890625
13937,2866500,29380,53502.71875
13938,2866500,29410,53471.1875
13939,2866500,29440,53473.5
13940,2866500,29470,53466.3125
13941,2866500,29500,53464.78125
13942,2866500,29530,53420.09375
13943,2866500,29560,53042.015625
13944,2866500,29590,53423.296875
13945,2866500,29620,53496.390625
13946,2866500,29650,53435.3125
13947,2866500,29680,53473.5
13948,2866500,29710,53457.78125
13949,2866500,29740,53463.609375
13950,2866500,29770,53497.3125
13951,2866500,29800,53534.90625
13952,2866500,29830,53086.90625
13953,2866500,29860,53466.40625
13954,2866500,29890,53512.59375
13955,2866500,29920,53435.0
13956,2866500,29950,53437.90625
13957,2866500,29980,53448.703125
13958,2867000,100,12589.3125
13959,2867000,130,59200.203125
13960,2867000,160,58281.71875
13961,2867000,190,57148.703125
13962,2867000,220,50677.09375
13963,2867000,250,54103.5
13964,2867000,280,57142.71875
13965,2867000,310,58623.515625
13966,2867000,340,55029.1875
13967,2867000,370,48692.1875
13968,2867000,400,49665.609375
13969,2867000,430,54316.3125
13970,2867000,460,54942.390625
13971,2867000,490,55307.109375
13972,2867000,520,54276.203125
13973,2867000,550,54364.203125
13974,2867000,580,56975.890625
13975,2867000,610,57720.09375
13976,2867000,640,55778.40625
13977,2867000,670,50407.203125
13978,2867000,700,47787.109375
13979,2867000,730,51337.90625
13980,2867000,760,54502.796875
13981,2867000,790,56357.40625
13982,2867000,820,55436.390625
13983,2867000,850,52709.796875
13984,2867000,880,52126.59375
13985,2867000,910,54761.1875
13986,2867000,940,57151.8125
13987,2867000,970,56674.0
13988,2867000,1000,55286.21875
13989,2867000,1030,52747.609375
13990,2867000,1060,52023.90625
13991,2867000,1090,52694.1875
13992,2867000,1120,53892.484375
13993,2867000,1150,54853.1875
13994,2867000,1180,54924.59375
13995,2867000,1210,55335.0
13996,2867000,1240,55421.21875
13997,2867000,1270,55313.3125
13998,2867000,1300,54738.8125
13999,2867000,1330,53187.8125
14000,2867000,1360,53787.09375
14001,2867000,1390,54560.5
14002,2867000,1420,54664.796875
14003,2867000,1450,54678.59375
14004,2867000,1480,53927.90625
14005,2867000,1510,52890.90625
14006,2867000,1540,53657.09375
14007,2867000,1570,55142.296875
14008,2867000,1600,55427.90625
14009,2867000,1630,56094.390625
14010,2867000,1660,55288.984375
14011,2867000,1690,54276.515625
14012,2867000,1720,53883.5
14013,2867000,1750,53590.5
14014,2867000,1780,53959.109375
14015,2867000,1810,54799.984375
14016,2867000,1840,54942.1875
14017,2867000,1870,54983.890625
14018,2867000,1900,54739.609375
14019,2867000,1930,54019.90625
14020,2867000,1960,53389.703125
14021,2867000,1990,54473.609375
14022,2867000,2020,55380.015625
14023,2867000,2050,56011.296875
14024,2867000,2080,55466.609375
14025,2867000,2110,53835.0
14026,2867000,2140,53241.21875
14027,2867000,2170,53734.390625
14028,2867000,2200,54568.609375
14029,2867000,2230,55511.015625
14030,2867000,2260,55292.5
14031,2867000,2290,53936.1875
14032,2867000,2320,54006.296875
14033,2867000,2350,54387.71875
14034,2867000,2380,55026.796875
14035,2867000,2410,55137.09375
14036,2867000,2440,54684.8125
14037,2867000,2470,54375.09375
14038,2867000,2500,54646.3125
14039,2867000,2530,54795.40625
14040,2867000,2560,55436.0
14041,2867000,2590,54577.703125
14042,2867000,2620,53643.40625
14043,2867000,2650,53485.890625
14044,2867000,2680,54441.0
14045,2867000,2710,55799.515625
14046,2867000,2740,55737.90625
14047,2867000,2770,54360.90625
14048,2867000,2800,53459.984375
14049,2867000,2830,53815.90625
14050,2867000,2860,54865.40625
14051,2867000,2890,55708.0
14052,2867000,2920,56066.109375
14053,2867000,2950,54400.390625
14054,2867000,2980,53254.296875
14055,2867000,3010,53522.5
14056,2867000,3040,54433.796875
14057,2867000,3070,55482.703125
14058,2867000,3100,55309.8125
14059,2867000,3130,54483.90625
14060,2867000,3160,54160.3125
14061,2867000,3190,54184.21875
14062,2867000,3220,55454.0
14063,2867000,3250,55797.796875
14064,2867000,3280,55080.90625
14065,2867000,3310,54032.609375
14066,2867000,3340,54109.09375
14067,2867000,3370,54458.40625
14068,2867000,3400,54970.78125
14069,2867000,3430,54883.796875
14070,2867000,3460,54203.40625
14071,2867000,3490,54037.5
14072,2867000,3520,54574.40625
14073,2867000,3550,55151.71875
14074,2867000,3580,56030.515625
14075,2867000,3610,55323.796875
14076,2867000,3640,54448.21875
14077,2867000,3670,54100.1875
14078,2867000,3700,54351.40625
14079,2867000,3730,54746.0
14080,2867000,3760,54883.796875
14081,2867000,3790,54463.21875
14082,2867000,3820,53536.6875
14083,2867000,3850,54312.609375
14084,2867000,3880,54995.296875
14085,2867000,3910,55640.890625
14086,2867000,3940,55602.59375
14087,2867000,3970,55077.6875
14088,2867000,4000,54716.40625
14089,2867000,4030,54564.5
14090,2867000,4060,54646.59375
14091,2867000,4090,54274.109375
14092,2867000,4120,54574.3125
14093,2867000,4150,54328.28125
14094,2867000,4180,54314.78125
14095,2867000,4210,54895.71875
14096,2867000,4240,55245.6875
14097,2867000,4270,55376.015625
14098,2867000,4300,55319.21875
14099,2867000,4330,55137.703125
14100,2867000,4360,54974.984375
14101,2867000,4390,54874.515625
14102,2867000,4420,54738.1875
14103,2867000,4450,53949.8125
14104,2867000,4480,54224.5
14105,2867000,4510,54286.09375
14106,2867000,4540,54701.28125
14107,2867000,4570,55145.296875
14108,2867000,4600,55250.1875
14109,2867000,4630,55102.6875
14110,2867000,4660,55184.59375
14111,2867000,4690,54965.296875
14112,2867000,4720,54568.59375
14113,2867000,4750,55173.8125
14114,2867000,4780,54893.3125
14115,2867000,4810,54474.09375
14116,2867000,4840,54326.09375
14117,2867000,4870,54317.78125
14118,2867000,4900,54649.09375
14119,2867000,4930,55052.09375
14120,2867000,4960,55196.09375
14121,2867000,4990,55450.1875
14122,2867000,5020,55309.59375
14123,2867000,5050,55030.8125
14124,2867000,5080,54549.796875
14125,2867000,5110,54744.296875
14126,2867000,5140,54673.609375
14127,2867000,5170,54800.09375
14128,2867000,5200,54804.1875
14129,2867000,5230,54721.796875
14130,2867000,5260,54720.6875
14131,2867000,5290,54811.5
14132,2867000,5320,54960.5
14133,2867000,5350,54735.1875
14134,2867000,5380,55279.40625
14135,2867000,5410,55360.984375
14136,2867000,5440,55303.5
14137,2867000,5470,54835.59375
14138,2867000,5500,54615.1875
14139,2867000,5530,54455.890625
14140,2867000,5560,54460.890625
14141,2867000,5590,54839.71875
14142,2867000,5620,55159.09375
14143,2867000,5650,55285.59375
14144,2867000,5680,55044.484375
14145,2867000,5710,54340.09375
14146,2867000,5740,54815.109375
14147,2867000,5770,54982.71875
14148,2867000,5800,55303.609375
14149,2867000,5830,55334.390625
14150,2867000,5860,55037.109375
14151,2867000,5890,54665.09375
14152,2867000,5920,54444.71875
14153,2867000,5950,54624.40625
14154,2867000,5980,54498.390625
14155,2867000,6010,55231.796875
14156,2867000,6040,55229.015625
14157,2867000,6070,55185.203125
14158,2867000,6100,55114.703125
14159,2867000,6130,55075.390625
14160,2867000,6160,54963.1875
14161,2867000,6190,54856.984375
14162,2867000,6220,54795.390625
14163,2867000,6250,54954.390625
14164,2867000,6280,54637.8125
14165,2867000,6310,55178.21875
14166,2867000,6340,55055.8125
14167,2867000,6370,54641.59375
14168,2867000,6400,54591.796875
14169,2867000,6430,54938.296875
14170,2867000,6460,55358.59375
14171,2867000,6490,55642.390625
14172,2867000,6520,55420.015625
14173,2867000,6550,54702.8125
14174,2867000,6580,54414.484375
14175,2867000,6610,54530.390625
14176,2867000,6640,54605.09375
14177,2867000,6670,55515.0
14178,2867000,6700,55320.71875
14179,2867000,6730,54928.40625
14180,2867000,6760,54689.8125
14181,2867000,6790,54732.390625
14182,2867000,6820,55011.203125
14183,2867000,6850,55268.59375
14184,2867000,6880,55209.3125
14185,2867000,6910,54624.90625
14186,2867000,6940,55067.78125
14187,2867000,6970,55079.59375
14188,2867000,7000,55115.71875
14189,2867000,7030,54905.515625
14190,2867000,7060,54776.703125
14191,2867000,7090,54883.09375
14192,2867000,7120,55171.296875
14193,2867000,7150,55395.5
14194,2867000,7180,55351.8125
14195,2867000,7210,54941.390625
14196,2867000,7240,54106.09375
14197,2867000,7270,54714.71875
14198,2867000,7300,55216.703125
14199,2867000,7330,55573.40625
14200,2867000,7360,55611.484375
14201,2867000,7390,55055.40625
14202,2867000,7420,54726.390625
14203,2867000,7450,54539.109375
14204,2867000,7480,54850.40625
14205,2867000,7510,55284.515625
14206,2867000,7540,54999.5
14207,2867000,7570,55260.59375
14208,2867000,7600,55090.09375
14209,2867000,7630,54889.5
14210,2867000,7660,54869.09375
14211,2867000,7690,55113.890625
14212,2867000,7720,55282.484375
14213,2867000,7750,55255.3125
14214,2867000,7780,55199.8125
14215,2867000,7810,55098.09375
14216,2867000,7840,54989.609375
14217,2867000,7870,54864.90625
14218,2867000,7900,54363.390625
14219,2867000,7930,55042.390625
14220,2867000,7960,55225.703125
14221,2867000,7990,55384.3125
14222,2867000,8020,55407.296875
14223,2867000,8050,55180.796875
14224,2867000,8080,55071.40625
14225,2867000,8110,54899.0
14226,2867000,8140,54985.015625
14227,2867000,8170,54689.71875
14228,2867000,8200,55298.5
14229,2867000,8230,55231.0
14230,2867000,8260,55192.59375
14231,2867000,8290,54979.484375
14232,2867000,8320,54846.5
14233,2867000,8350,54952.609375
14234,2867000,8380,55266.09375
14235,2867000,8410,55599.5
14236,2867000,8440,55575.40625
14237,2867000,8470,54783.3125
14238,2867000,8500,54846.09375
14239,2867000,8530,54610.90625
14240,2867000,8560,54848.09375
14241,2867000,8590,55341.6875
14242,2867000,8620,55509.59375
14243,2867000,8650,55333.703125
14244,2867000,8680,55074.703125
14245,2867000,8710,54926.5
14246,2867000,8740,54970.3125
14247,2867000,8770,55254.09375
14248,2867000,8800,55414.3125
14249,2867000,8830,54862.0
14250,2867000,8860,55032.3125
14251,2867000,8890,54997.1875
14252,2867000,8920,55072.796875
14253,2867000,8950,55166.515625
14254,2867000,8980,55045.1875
14255,2867000,9010,54989.28125
14256,2867000,9040,55045.90625
14257,2867000,9070,55347.59375
14258,2867000,9100,55061.390625
14259,2867000,9130,55476.90625
14260,2867000,9160,55126.390625
14261,2867000,9190,54757.8125
14262,2867000,9220,54793.90625
14263,2867000,9250,55272.78125
14264,2867000,9280,55551.40625
14265,2867000,9310,55458.5
14266,2867000,9340,55079.203125
14267,2867000,9370,54687.109375
14268,2867000,9400,54781.109375
14269,2867000,9430,55246.09375
14270,2867000,9460,55178.59375
14271,2867000,9490,55563.90625
14272,2867000,9520,55208.09375
14273,2867000,9550,54838.40625
14274,2867000,9580,54885.3125
14275,2867000,9610,55238.609375
14276,2867000,9640,55352.8125
14277,2867000,9670,55258.59375
14278,2867000,9700,55011.3125
14279,2867000,9730,54582.8125
14280,2867000,9760,55220.8125
14281,2867000,9790,55437.609375
14282,2867000,9820,55366.09375
14283,2867000,9850,55042.1875
14284,2867000,9880,54930.296875
14285,2867000,9910,55111.59375
14286,2867000,9940,55426.1875
14287,2867000,9970,55519.90625
14288,2867000,10000,55296.0
14289,2867000,10030,54850.015625
14290,2867000,10060,54760.796875
14291,2867000,10090,54736.484375
14292,2867000,10120,55502.296875
14293,2867000,10150,55650.203125
14294,2867000,10180,55345.796875
14295,2867000,10210,54978.109375
14296,2867000,10240,54891.203125
14297,2867000,10270,55125.609375
14298,2867000,10300,55374.203125
14299,2867000,10330,55455.90625
14300,2867000,10360,54833.0
14301,2867000,10390,55026.40625
14302,2867000,10420,54959.3125
14303,2867000,10450,55236.109375
14304,2867000,10480,55360.0
14305,2867000,10510,55359.390625
14306,2867000,10540,55252.40625
14307,2867000,10570,55124.90625
14308,2867000,10600,55172.0
14309,2867000,10630,55348.0
14310,2867000,10660,55349.015625
14311,2867000,10690,55192.390625
14312,2867000,10720,54611.703125
14313,2867000,10750,55083.59375
14314,2867000,10780,55239.3125
14315,2867000,10810,55416.6875
14316,2867000,10840,55393.890625
14317,2867000,10870,55228.09375
14318,2867000,10900,55140.71875
14319,2867000,10930,55094.203125
14320,2867000,10960,55225.984375
14321,2867000,10990,55387.390625
14322,2867000,11020,55318.59375
14323,2867000,11050,54728.09375
14324,2867000,11080,55134.40625
14325,2867000,11110,55180.21875
14326,2867000,11140,55248.6875
14327,2867000,11170,55255.890625
14328,2867000,11200,55383.796875
14329,2867000,11230,55294.0
14330,2867000,11260,55269.09375
14331,2867000,11290,54760.296875
14332,2867000,11320,55262.1875
14333,2867000,11350,55285.296875
14334,2867000,11380,55325.21875
14335,2867000,11410,55236.390625
14336,2867000,11440,55260.484375
14337,2867000,11470,55210.203125
14338,2867000,11500,55234.1875
14339,2867000,11530,55302.796875
14340,2867000,11560,55290.6875
14341,2867000,11590,55292.90625
14342,2867000,11620,55306.703125
14343,2867000,11650,54809.484375
14344,2867000,11680,55237.8125
14345,2867000,11710,55274.40625
14346,2867000,11740,55343.6875
14347,2867000,11770,55308.390625
14348,2867000,11800,55241.609375
14349,2867000,11830,55157.09375
14350,2867000,11860,55232.890625
14351,2867000,11890,55306.59375
14352,2867000,11920,54929.90625
14353,2867000,11950,55304.609375
14354,2867000,11980,55287.109375
14355,2867000,12010,55230.296875
14356,2867000,12040,55236.296875
14357,2867000,12070,55348.609375
14358,2867000,12100,55367.90625
14359,2867000,12130,55257.6875
14360,2867000,12160,55209.0
14361,2867000,12190,55209.90625
14362,2867000,12220,55284.78125
14363,2867000,12250,55354.015625
14364,2867000,12280,55308.1875
14365,2867000,12310,54800.1875
14366,2867000,12340,55200.1875
14367,2867000,12370,55249.390625
14368,2867000,12400,55354.703125
14369,2867000,12430,55344.296875
14370,2867000,12460,55252.90625
14371,2867000,12490,55226.6875
14372,2867000,12520,55145.78125
14373,2867000,12550,55295.6875
14374,2867000,12580,54939.609375
14375,2867000,12610,55357.5
14376,2867000,12640,55266.21875
14377,2867000,12670,55179.71875
14378,2867000,12700,55063.703125
14379,2867000,12730,55329.203125
14380,2867000,12760,55445.703125
14381,2867000,12790,55412.78125
14382,2867000,12820,55327.890625
14383,2867000,12850,55246.8125
14384,2867000,12880,55238.984375
14385,2867000,12910,54855.59375
14386,2867000,12940,55328.109375
14387,2867000,12970,55331.890625
14388,2867000,13000,55262.09375
14389,2867000,13030,55222.109375
14390,2867000,13060,55357.28125
14391,2867000,13090,55376.015625
14392,2867000,13120,55366.5
14393,2867000,13150,55297.8125
14394,2867000,13180,54790.90625
14395,2867000,13210,55271.1875
14396,2867000,13240,55292.890625
14397,2867000,13270,55408.203125
14398,2867000,13300,55337.3125
14399,2867000,13330,55177.0
14400,2867000,13360,55088.0
14401,2867000,13390,55240.40625
14402,2867000,13420,55420.296875
14403,2867000,13450,55472.1875
14404,2867000,13480,54971.28125
14405,2867000,13510,55306.09375
14406,2867000,13540,55189.21875
14407,2867000,13570,55269.609375
14408,2867000,13600,55388.609375
14409,2867000,13630,55428.609375
14410,2867000,13660,55361.0
14411,2867000,13690,55228.609375
14412,2867000,13720,55254.5
14413,2867000,13750,55239.984375
14414,2867000,13780,55375.40625
14415,2867000,13810,55316.28125
14416,2867000,13840,54856.21875
14417,2867000,13870,55342.0
14418,2867000,13900,55359.484375
14419,2867000,13930,55377.796875
14420,2867000,13960,55339.90625
14421,2867000,13990,55172.515625
14422,2867000,14020,55226.5
14423,2867000,14050,55280.109375
14424,2867000,14080,55342.8125
14425,2867000,14110,55021.6875
14426,2867000,14140,55455.1875
14427,2867000,14170,55283.609375
14428,2867000,14200,55236.0
14429,2867000,14230,55278.203125
14430,2867000,14260,55424.1875
14431,2867000,14290,55436.796875
14432,2867000,14320,55401.09375
14433,2867000,14350,55303.28125
14434,2867000,14380,55183.5
14435,2867000,14410,55270.796875
14436,2867000,14440,55265.890625
14437,2867000,14470,54926.59375
14438,2867000,14500,55403.703125
14439,2867000,14530,55424.59375
14440,2867000,14560,55377.90625
14441,2867000,14590,55364.40625
14442,2867000,14620,55331.8125
14443,2867000,14650,55246.90625
14444,2867000,14680,55249.796875
14445,2867000,14710,55346.0
14446,2867000,14740,54921.40625
14447,2867000,14770,55384.015625
14448,2867000,14800,55324.390625
14449,2867000,14830,55213.28125
14450,2867000,14860,55213.59375
14451,2867000,14890,55403.09375
14452,2867000,14920,55416.6875
14453,2867000,14950,55481.09375
14454,2867000,14980,55400.609375
14455,2867000,15010,55280.90625
14456,2867000,15040,55216.6875
14457,2867000,15070,55271.0
14458,2867000,15100,54952.3125
14459,2867000,15130,55382.28125
14460,2867000,15160,55366.90625
14461,2867000,15190,55354.90625
14462,2867000,15220,55295.703125
14463,2867000,15250,55368.390625
14464,2867000,15280,55357.5
14465,2867000,15310,55302.609375
14466,2867000,15340,55314.390625
14467,2867000,15370,55358.015625
14468,2867000,15400,54955.5
14469,2867000,15430,55378.015625
14470,2867000,15460,55352.90625
14471,2867000,15490,55207.890625
14472,2867000,15520,55275.0
14473,2867000,15550,55374.3125
14474,2867000,15580,55441.609375
14475,2867000,15610,55481.8125
14476,2867000,15640,55381.8125
14477,2867000,15670,54857.703125
14478,2867000,15700,55211.1875
14479,2867000,15730,55360.5
14480,2867000,15760,55437.3125
14481,2867000,15790,55473.40625
14482,2867000,15820,55396.5
14483,2867000,15850,55309.09375
14484,2867000,15880,55269.78125
14485,2867000,15910,55351.390625
14486,2867000,15940,55384.8125
14487,2867000,15970,55376.6875
14488,2867000,16000,55364.59375
14489,2867000,16030,55387.0
14490,2867000,16060,54909.09375
14491,2867000,16090,55323.8125
14492,2867000,16120,55352.0
14493,2867000,16150,55291.3125
14494,2867000,16180,55323.5
14495,2867000,16210,55414.5
14496,2867000,16240,55417.515625
14497,2867000,16270,55349.59375
14498,2867000,16300,54937.90625
14499,2867000,16330,55324.203125
14500,2867000,16360,55290.5
14501,2867000,16390,55378.390625
14502,2867000,16420,55433.890625
14503,2867000,16450,55473.484375
14504,2867000,16480,55402.71875
14505,2867000,16510,55246.78125
14506,2867000,16540,55297.71875
14507,2867000,16570,55352.0
14508,2867000,16600,55356.40625
14509,2867000,16630,55389.40625
14510,2867000,16660,54955.3125
14511,2867000,16690,55334.0
14512,2867000,16720,55347.796875
14513,2867000,16750,55335.59375
14514,2867000,16780,55372.3125
14515,2867000,16810,55374.703125
14516,2867000,16840,55396.59375
14517,2867000,16870,55448.109375
14518,2867000,16900,55393.40625
14519,2867000,16930,54927.515625
14520,2867000,16960,55328.09375
14521,2867000,16990,55298.28125
14522,2867000,17020,55306.0
14523,2867000,17050,55429.21875
14524,2867000,17080,55453.390625
14525,2867000,17110,55425.40625
14526,2867000,17140,55395.5
14527,2867000,17170,55354.3125
14528,2867000,17200,55384.390625
14529,2867000,17230,55343.78125
14530,2867000,17260,55372.796875
14531,2867000,17290,54983.21875
14532,2867000,17320,55405.5
14533,2867000,17350,55414.484375
14534,2867000,17380,55347.09375
14535,2867000,17410,55340.0
14536,2867000,17440,55336.78125
14537,2867000,17470,55402.296875
14538,2867000,17500,55461.703125
14539,2867000,17530,55470.484375
14540,2867000,17560,55459.5
14541,2867000,17590,54891.28125
14542,2867000,17620,55269.703125
14543,2867000,17650,55328.21875
14544,2867000,17680,55388.609375
14545,2867000,17710,55446.1875
14546,2867000,17740,55396.703125
14547,2867000,17770,55331.984375
14548,2867000,17800,55343.5
14549,2867000,17830,55379.90625
14550,2867000,17860,55021.90625
14551,2867000,17890,55416.3125
14552,2867000,17920,55429.390625
14553,2867000,17950,55396.8125
14554,2867000,17980,55410.3125
14555,2867000,18010,55373.109375
14556,2867000,18040,55436.296875
14557,2867000,18070,55420.703125
14558,2867000,18100,55411.6875
14559,2867000,18130,55349.59375
14560,2867000,18160,55380.390625
14561,2867000,18190,55466.1875
14562,2867000,18220,55031.609375
14563,2867000,18250,55299.3125
14564,2867000,18280,55296.390625
14565,2867000,18310,55392.890625
14566,2867000,18340,55469.796875
14567,2867000,18370,55460.0
14568,2867000,18400,55425.21875
14569,2867000,18430,55387.59375
14570,2867000,18460,55260.6875
14571,2867000,18490,54857.90625
14572,2867000,18520,55471.984375
14573,2867000,18550,55408.59375
14574,2867000,18580,55442.203125
14575,2867000,18610,55427.09375
14576,2867000,18640,55363.59375
14577,2867000,18670,55372.390625
14578,2867000,18700,55413.6875
14579,2867000,18730,55493.1875
14580,2867000,18760,55384.09375
14581,2867000,18790,55392.890625
14582,2867000,18820,55397.09375
14583,2867000,18850,54952.6875
14584,2867000,18880,55479.40625
14585,2867000,18910,55440.6875
14586,2867000,18940,55366.484375
14587,2867000,18970,55338.21875
14588,2867000,19000,55416.609375
14589,2867000,19030,55491.390625
14590,2867000,19060,55452.1875
14591,2867000,19090,55419.390625
14592,2867000,19120,54915.6875
14593,2867000,19150,55357.6875
14594,2867000,19180,55395.609375
14595,2867000,19210,55441.09375
14596,2867000,19240,55416.796875
14597,2867000,19270,55441.78125
14598,2867000,19300,55359.703125
14599,2867000,19330,55412.703125
14600,2867000,19360,55405.0
14601,2867000,19390,55427.09375
14602,2867000,19420,55440.90625
14603,2867000,19450,55404.71875
14604,2867000,19480,54954.5
14605,2867000,19510,55348.296875
14606,2867000,19540,55374.5
14607,2867000,19570,55433.015625
14608,2867000,19600,55369.09375
14609,2867000,19630,55371.515625
14610,2867000,19660,55413.890625
14611,2867000,19690,55418.609375
14612,2867000,19720,55369.5
14613,2867000,19750,55436.5
14614,2867000,19780,54977.5
14615,2867000,19810,55381.296875
14616,2867000,19840,55416.90625
14617,2867000,19870,55405.890625
14618,2867000,19900,55502.09375
14619,2867000,19930,55383.609375
14620,2867000,19960,55370.90625
14621,2867000,19990,55349.0
14622,2867000,20020,55406.21875
14623,2867000,20050,54968.703125
14624,2867000,20080,55483.90625
14625,2867000,20110,55477.90625
14626,2867000,20140,55431.09375
14627,2867000,20170,55383.484375
14628,2867000,20200,55340.40625
14629,2867000,20230,55445.0
14630,2867000,20260,55404.296875
14631,2867000,20290,55392.109375
14632,2867000,20320,55465.703125
14633,2867000,20350,55400.59375
14634,2867000,20380,55398.796875
14635,2867000,20410,54998.390625
14636,2867000,20440,55429.984375
14637,2867000,20470,55434.703125
14638,2867000,20500,55404.1875
14639,2867000,20530,55369.890625
14640,2867000,20560,55419.8125
14641,2867000,20590,55451.21875
14642,2867000,20620,55383.0
14643,2867000,20650,55413.5
14644,2867000,20680,54897.59375
14645,2867000,20710,55498.1875
14646,2867000,20740,55411.984375
14647,2867000,20770,55414.609375
14648,2867000,20800,55430.8125
14649,2867000,20830,55385.390625
14650,2867000,20860,55402.484375
14651,2867000,20890,55430.40625
14652,2867000,20920,55390.8125
14653,2867000,20950,55440.90625
14654,2867000,20980,55427.203125
14655,2867000,21010,55402.59375
14656,2867000,21040,55402.09375
14657,2867000,21070,55340.296875
14658,2867000,21100,55424.90625
14659,2867000,21130,55003.40625
14660,2867000,21160,55418.5
14661,2867000,21190,55394.40625
14662,2867000,21220,55394.3125
14663,2867000,21250,55422.40625
14664,2867000,21280,55443.90625
14665,2867000,21310,54971.59375
14666,2867000,21340,55419.90625
14667,2867000,21370,55466.515625
14668,2867000,21400,55387.71875
14669,2867000,21430,55456.609375
14670,2867000,21460,55428.203125
14671,2867000,21490,55378.796875
14672,2867000,21520,55426.703125
14673,2867000,21550,55459.59375
14674,2867000,21580,55468.3125
14675,2867000,21610,55438.703125
14676,2867000,21640,55442.703125
14677,2867000,21670,54932.90625
14678,2867000,21700,55429.40625
14679,2867000,21730,55416.40625
14680,2867000,21760,55386.5
14681,2867000,21790,55436.28125
14682,2867000,21820,55420.515625
14683,2867000,21850,55478.8125
14684,2867000,21880,55436.5
14685,2867000,21910,55376.40625
14686,2867000,21940,54949.6875
14687,2867000,21970,55432.390625
14688,2867000,22000,55522.40625
14689,2867000,22030,55431.203125
14690,2867000,22060,55425.390625
14691,2867000,22090,55402.09375
14692,2867000,22120,55387.3125
14693,2867000,22150,55438.203125
14694,2867000,22180,55439.109375
14695,2867000,22210,55434.90625
14696,2867000,22240,54964.484375
14697,2867000,22270,55440.890625
14698,2867000,22300,55449.5
14699,2867000,22330,55333.609375
14700,2867000,22360,55428.796875
14701,2867000,22390,55409.90625
14702,2867000,22420,55396.6875
14703,2867000,22450,55397.890625
14704,2867000,22480,55446.703125
14705,2867000,22510,55446.40625
14706,2867000,22540,55394.390625
14707,2867000,22570,55413.015625
14708,2867000,22600,54927.59375
14709,2867000,22630,55466.109375
14710,2867000,22660,55422.59375
14711,2867000,22690,55422.3125
14712,2867000,22720,55447.8125
14713,2867000,22750,55373.0
14714,2867000,22780,55393.6875
14715,2867000,22810,55379.796875
14716,2867000,22840,55412.3125
14717,2867000,22870,55030.3125
14718,2867000,22900,55447.609375
14719,2867000,22930,55368.109375
14720,2867000,22960,55424.09375
14721,2867000,22990,55454.5
14722,2867000,23020,55452.796875
14723,2867000,23050,55444.703125
14724,2867000,23080,55419.1875
14725,2867000,23110,55434.09375
14726,2867000,23140,55447.1875
14727,2867000,23170,55469.40625
14728,2867000,23200,55423.90625
14729,2867000,23230,54978.515625
14730,2867000,23260,55471.8125
14731,2867000,23290,55443.0
14732,2867000,23320,55458.5
14733,2867000,23350,55506.40625
14734,2867000,23380,55464.6875
14735,2867000,23410,55437.90625
14736,2867000,23440,55409.984375
14737,2867000,23470,55481.1875
14738,2867000,23500,55010.71875
14739,2867000,23530,55473.8125
14740,2867000,23560,55497.1875
14741,2867000,23590,55410.703125
14742,2867000,23620,55410.5
14743,2867000,23650,55433.203125
14744,2867000,23680,55429.09375
14745,2867000,23710,55438.3125
14746,2867000,23740,55438.0
14747,2867000,23770,55438.28125
14748,2867000,23800,55443.3125
14749,2867000,23830,55413.1875
14750,2867000,23860,54969.984375
14751,2867000,23890,55452.796875
14752,2867000,23920,55486.109375
14753,2867000,23950,55473.1875
14754,2867000,23980,55453.203125
14755,2867000,24010,55503.40625
14756,2867000,24040,55399.1875
14757,2867000,24070,55449.3125
14758,2867000,24100,55424.8125
14759,2867000,24130,55021.40625
14760,2867000,24160,55442.203125
14761,2867000,24190,55406.484375
14762,2867000,24220,55442.609375
14763,2867000,24250,55425.0
14764,2867000,24280,55446.109375
14765,2867000,24310,55490.59375
14766,2867000,24340,55477.484375
14767,2867000,24370,55421.90625
14768,2867000,24400,55465.703125
14769,2867000,24430,55016.90625
14770,2867000,24460,55534.390625
14771,2867000,24490,55466.390625
14772,2867000,24520,55420.40625
14773,2867000,24550,55466.015625
14774,2867000,24580,55459.3125
14775,2867000,24610,55503.703125
14776,2867000,24640,55432.609375
14777,2867000,24670,55469.0
14778,2867000,24700,55446.5
14779,2867000,24730,55392.390625
14780,2867000,24760,55480.203125
14781,2867000,24790,55460.90625
14782,2867000,24820,54934.390625
14783,2867000,24850,55442.015625
14784,2867000,24880,55436.015625
14785,2867000,24910,55463.796875
14786,2867000,24940,55462.5
14787,2867000,24970,55487.5
14788,2867000,25000,55411.6875
14789,2867000,25030,55417.796875
14790,2867000,25060,55032.296875
14791,2867000,25090,55454.203125
14792,2867000,25120,55407.703125
14793,2867000,25150,55425.796875
14794,2867000,25180,55420.796875
14795,2867000,25210,55441.6875
14796,2867000,25240,55427.109375
14797,2867000,25270,55440.390625
14798,2867000,25300,55440.0
14799,2867000,25330,55423.984375
14800,2867000,25360,55462.390625
14801,2867000,25390,55394.90625
14802,2867000,25420,54963.796875
14803,2867000,25450,55471.21875
14804,2867000,25480,55408.59375
14805,2867000,25510,55448.109375
14806,2867000,25540,55404.703125
14807,2867000,25570,55390.8125
14808,2867000,25600,55449.09375
14809,2867000,25630,55373.515625
14810,2867000,25660,55467.0
14811,2867000,25690,54937.90625
14812,2867000,25720,55437.71875
14813,2867000,25750,55464.59375
14814,2867000,25780,55451.8125
14815,2867000,25810,55434.09375
14816,2867000,25840,55398.703125
14817,2867000,25870,55471.3125
14818,2867000,25900,55469.609375
14819,2867000,25930,55389.59375
14820,2867000,25960,55403.40625
14821,2867000,25990,55389.515625
14822,2867000,26020,55384.90625
14823,2867000,26050,55431.515625
14824,2867000,26080,55087.28125
14825,2867000,26110,55446.71875
14826,2867000,26140,55417.203125
14827,2867000,26170,55469.609375
14828,2867000,26200,55473.40625
14829,2867000,26230,55419.203125
14830,2867000,26260,55504.21875
14831,2867000,26290,55451.1875
14832,2867000,26320,55441.40625
14833,2867000,26350,55048.8125
14834,2867000,26380,55462.21875
14835,2867000,26410,55436.40625
14836,2867000,26440,55497.8125
14837,2867000,26470,55447.09375
14838,2867000,26500,55442.90625
14839,2867000,26530,55432.90625
14840,2867000,26560,55431.296875
14841,2867000,26590,55449.40625
14842,2867000,26620,55007.390625
14843,2867000,26650,55467.890625
14844,2867000,26680,55431.296875
14845,2867000,26710,55401.5
14846,2867000,26740,55502.390625
14847,2867000,26770,55443.109375
14848,2867000,26800,55408.109375
14849,2867000,26830,55436.796875
14850,2867000,26860,55465.109375
14851,2867000,26890,55493.5
14852,2867000,26920,55499.890625
14853,2867000,26950,55421.203125
14854,2867000,26980,54958.609375
14855,2867000,27010,55463.5
14856,2867000,27040,55475.8125
14857,2867000,27070,55437.5
14858,2867000,27100,55404.09375
14859,2867000,27130,55484.71875
14860,2867000,27160,55470.09375
14861,2867000,27190,55424.3125
14862,2867000,27220,55493.1875
14863,2867000,27250,54986.609375
14864,2867000,27280,55410.71875
14865,2867000,27310,55376.40625
14866,2867000,27340,55476.40625
14867,2867000,27370,55478.8125
14868,2867000,27400,55439.390625
14869,2867000,27430,55403.0
14870,2867000,27460,55439.609375
14871,2867000,27490,55414.203125
14872,2867000,27520,55413.8125
14873,2867000,27550,55436.71875
14874,2867000,27580,55438.90625
14875,2867000,27610,54973.703125
14876,2867000,27640,55437.796875
14877,2867000,27670,55493.3125
14878,2867000,27700,55458.703125
14879,2867000,27730,55460.609375
14880,2867000,27760,55455.78125
14881,2867000,27790,55416.1875
14882,2867000,27820,55456.09375
14883,2867000,27850,55456.09375
14884,2867000,27880,54959.703125
14885,2867000,27910,55450.609375
14886,2867000,27940,55429.890625
14887,2867000,27970,55452.0
14888,2867000,28000,55463.5
14889,2867000,28030,55399.40625
14890,2867000,28060,55425.40625
14891,2867000,28090,55411.109375
14892,2867000,28120,55425.90625
14893,2867000,28150,55432.109375
14894,2867000,28180,55518.796875
14895,2867000,28210,55494.5
14896,2867000,28240,54968.21875
14897,2867000,28270,55423.703125
14898,2867000,28300,55404.78125
14899,2867000,28330,55489.484375
14900,2867000,28360,55429.484375
14901,2867000,28390,55474.59375
14902,2867000,28420,55423.109375
14903,2867000,28450,55489.109375
14904,2867000,28480,55419.59375
14905,2867000,28510,55017.109375
14906,2867000,28540,55406.1875
14907,2867000,28570,55445.09375
14908,2867000,28600,55445.796875
14909,2867000,28630,55412.40625
14910,2867000,28660,55405.5
14911,2867000,28690,55460.5
14912,2867000,28720,55393.296875
14913,2867000,28750,55452.28125
14914,2867000,28780,55417.109375
14915,2867000,28810,55454.109375
14916,2867000,28840,55438.390625
14917,2867000,28870,54995.09375
14918,2867000,28900,55503.109375
14919,2867000,28930,55453.90625
14920,2867000,28960,55462.0
14921,2867000,28990,55465.0
14922,2867000,29020,55420.1875
14923,2867000,29050,55420.90625
14924,2867000,29080,55492.609375
14925,2867000,29110,55451.40625
14926,2867000,29140,55462.890625
14927,2867000,29170,54971.0
14928,2867000,29200,55458.28125
14929,2867000,29230,55494.71875
14930,2867000,29260,55458.703125
14931,2867000,29290,55451.8125
14932,2867000,29320,55433.59375
14933,2867000,29350,55413.890625
14934,2867000,29380,55479.109375
14935,2867000,29410,55440.390625
14936,2867000,29440,54952.59375
14937,2867000,29470,55453.40625
14938,2867000,29500,55417.40625
14939,2867000,29530,55461.609375
14940,2867000,29560,55414.28125
14941,2867000,29590,55409.703125
14942,2867000,29620,55469.0
14943,2867000,29650,55450.21875
14944,2867000,29680,55440.015625
14945,2867000,29710,55401.40625
14946,2867000,29740,55417.890625
14947,2867000,29770,55455.0
14948,2867000,29800,55462.5
14949,2867000,29830,54978.40625
14950,2867000,29860,55456.6875
14951,2867000,29890,55428.40625
14952,2867000,29920,55408.40625
14953,2867000,29950,55428.09375
14954,2867000,29980,55440.0
14955,2867500,100,12633.90625
14956,2867500,130,59869.6875
14957,2867500,160,59178.296875
14958,2867500,190,57556.6875
14959,2867500,220,51336.90625
14960,2867500,250,54652.0
14961,2867500,280,57736.3125
14962,2867500,310,58577.0
14963,2867500,340,55922.0
14964,2867500,370,49186.0
14965,2867500,400,50294.1875
14966,2867500,430,54867.90625
14967,2867500,460,55567.6875
14968,2867500,490,55800.1875
14969,2867500,520,54785.8125
14970,2867500,550,55128.1875
14971,2867500,580,57299.8125
14972,2867500,610,58338.703125
14973,2867500,640,56449.890625
14974,2867500,670,50958.90625
14975,2867500,700,48727.0
14976,2867500,730,52018.0
14977,2867500,760,55176.90625
14978,2867500,790,56827.1875
14979,2867500,820,55820.8125
14980,2867500,850,53190.40625
14981,2867500,880,52699.6875
14982,2867500,910,55537.609375
14983,2867500,940,57470.890625
14984,2867500,970,57708.40625
14985,2867500,1000,55857.09375
14986,2867500,1030,53269.3125
14987,2867500,1060,52622.59375
14988,2867500,1090,53466.09375
14989,2867500,1120,54636.390625
14990,2867500,1150,55407.21875
14991,2867500,1180,55534.015625
14992,2867500,1210,55553.109375
14993,2867500,1240,56119.6875
14994,2867500,1270,56017.984375
14995,2867500,1300,55304.796875
14996,2867500,1330,54267.5
14997,2867500,1360,54438.203125
14998,2867500,1390,55102.484375
14999,2867500,1420,55180.3125
15000,2867500,1450,55117.203125
15001,2867500,1480,54396.40625
15002,2867500,1510,53392.3125
15003,2867500,1540,53895.890625
15004,2867500,1570,55758.90625
15005,2867500,1600,56575.09375
15006,2867500,1630,56755.6875
15007,2867500,1660,55885.1875
15008,2867500,1690,54850.71875
15009,2867500,1720,54575.890625
15010,2867500,1750,54156.90625
15011,2867500,1780,54648.203125
15012,2867500,1810,55447.0
15013,2867500,1840,55149.40625
15014,2867500,1870,55674.515625
15015,2867500,1900,55345.890625
15016,2867500,1930,54557.09375
15017,2867500,1960,54492.90625
15018,2867500,1990,55255.40625
15019,2867500,2020,56170.3125
15020,2867500,2050,56666.796875
15021,2867500,2080,55920.8125
15022,2867500,2110,54278.796875
15023,2867500,2140,53741.71875
15024,2867500,2170,54418.0
15025,2867500,2200,54921.390625
15026,2867500,2230,56173.296875
15027,2867500,2260,55762.796875
15028,2867500,2290,54883.59375
15029,2867500,2320,54602.1875
15030,2867500,2350,55156.5
15031,2867500,2380,55785.015625
15032,2867500,2410,55685.296875
15033,2867500,2440,55213.609375
15034,2867500,2470,54954.3125
15035,2867500,2500,54832.390625
15036,2867500,2530,55991.0
15037,2867500,2560,56052.890625
15038,2867500,2590,55031.015625
15039,2867500,2620,54187.390625
15040,2867500,2650,54212.90625
15041,2867500,2680,55267.3125
15042,2867500,2710,56582.71875
15043,2867500,2740,56266.390625
15044,2867500,2770,54318.59375
15045,2867500,2800,53969.296875
15046,2867500,2830,54415.796875
15047,2867500,2860,55676.71875
15048,2867500,2890,56940.484375
15049,2867500,2920,56588.109375
15050,2867500,2950,54874.609375
15051,2867500,2980,53788.484375
15052,2867500,3010,54149.3125
15053,2867500,3040,55274.40625
15054,2867500,3070,56141.109375
15055,2867500,3100,55815.6875
15056,2867500,3130,54475.78125
15057,2867500,3160,54724.0
15058,2867500,3190,55341.78125
15059,2867500,3220,56230.6875
15060,2867500,3250,56401.09375
15061,2867500,3280,55575.78125
15062,2867500,3310,54740.90625
15063,2867500,3340,54824.78125
15064,2867500,3370,55304.71875
15065,2867500,3400,55215.890625
15066,2867500,3430,55297.296875
15067,2867500,3460,54698.609375
15068,2867500,3490,54589.109375
15069,2867500,3520,55269.40625
15070,2867500,3550,56404.8125
15071,2867500,3580,56661.703125
15072,2867500,3610,55813.6875
15073,2867500,3640,55026.6875
15074,2867500,3670,54801.28125
15075,2867500,3700,55090.1875
15076,2867500,3730,55486.28125
15077,2867500,3760,55192.296875
15078,2867500,3790,55021.90625
15079,2867500,3820,54569.6875
15080,2867500,3850,54855.890625
15081,2867500,3880,55653.09375
15082,2867500,3910,56297.5
15083,2867500,3940,56222.109375
15084,2867500,3970,55715.90625
15085,2867500,4000,55379.59375
15086,2867500,4030,54843.796875
15087,2867500,4060,55411.796875
15088,2867500,4090,55344.6875
15089,2867500,4120,55129.0
15090,2867500,4150,54849.59375
15091,2867500,4180,54918.296875
15092,2867500,4210,55514.28125
15093,2867500,4240,55896.390625
15094,2867500,4270,55955.203125
15095,2867500,4300,55815.890625
15096,2867500,4330,55281.796875
15097,2867500,4360,55712.890625
15098,2867500,4390,55629.609375
15099,2867500,4420,55461.796875
15100,2867500,4450,55010.0
15101,2867500,4480,54839.296875
15102,2867500,4510,54862.609375
15103,2867500,4540,55317.59375
15104,2867500,4570,55857.796875
15105,2867500,4600,55850.8125
15106,2867500,4630,55782.609375
15107,2867500,4660,55384.796875
15108,2867500,4690,55721.90625
15109,2867500,4720,55772.890625
15110,2867500,4750,55882.390625
15111,2867500,4780,55534.203125
15112,2867500,4810,55111.71875
15113,2867500,4840,55013.796875
15114,2867500,4870,55038.90625
15115,2867500,4900,55245.59375
15116,2867500,4930,55657.90625
15117,2867500,4960,55388.90625
15118,2867500,4990,56087.3125
15119,2867500,5020,55936.390625
15120,2867500,5050,55754.40625
15121,2867500,5080,55644.5
15122,2867500,5110,55416.890625
15123,2867500,5140,55401.390625
15124,2867500,5170,55451.203125
15125,2867500,5200,55416.78125
15126,2867500,5230,55355.5
15127,2867500,5260,55313.8125
15128,2867500,5290,55315.90625
15129,2867500,5320,55087.015625
15130,2867500,5350,55898.890625
15131,2867500,5380,56039.6875
15132,2867500,5410,56109.6875
15133,2867500,5440,55965.1875
15134,2867500,5470,55557.5
15135,2867500,5500,55237.890625
15136,2867500,5530,55127.40625
15137,2867500,5560,55169.78125
15138,2867500,5590,54969.09375
15139,2867500,5620,55778.5
15140,2867500,5650,55797.109375
15141,2867500,5680,55738.0
15142,2867500,5710,55496.609375
15143,2867500,5740,55501.0
15144,2867500,5770,55785.015625
15145,2867500,5800,56025.109375
15146,2867500,5830,56038.59375
15147,2867500,5860,55690.0
15148,2867500,5890,55235.796875
15149,2867500,5920,55088.0
15150,2867500,5950,54749.796875
15151,2867500,5980,55573.40625
15152,2867500,6010,55798.1875
15153,2867500,6040,56258.109375
15154,2867500,6070,55877.6875
15155,2867500,6100,55751.296875
15156,2867500,6130,55769.59375
15157,2867500,6160,55707.796875
15158,2867500,6190,55542.109375
15159,2867500,6220,55527.984375
15160,2867500,6250,55626.6875
15161,2867500,6280,55776.6875
15162,2867500,6310,55804.21875
15163,2867500,6340,55516.21875
15164,2867500,6370,55174.203125
15165,2867500,6400,55263.71875
15166,2867500,6430,55230.59375
15167,2867500,6460,56063.0
15168,2867500,6490,56395.78125
15169,2867500,6520,55929.5
15170,2867500,6550,55356.890625
15171,2867500,6580,55100.8125
15172,2867500,6610,55250.1875
15173,2867500,6640,55784.890625
15174,2867500,6670,56108.90625
15175,2867500,6700,55422.1875
15176,2867500,6730,55523.90625
15177,2867500,6760,55436.0
15178,2867500,6790,55467.8125
15179,2867500,6820,55713.90625
15180,2867500,6850,55938.5
15181,2867500,6880,55852.296875
15182,2867500,6910,55685.6875
15183,2867500,6940,55679.21875
15184,2867500,6970,55812.515625
15185,2867500,7000,55767.90625
15186,2867500,7030,55489.390625
15187,2867500,7060,54979.40625
15188,2867500,7090,55611.890625
15189,2867500,7120,55852.609375
15190,2867500,7150,56140.71875
15191,2867500,7180,55945.203125
15192,2867500,7210,55447.0
15193,2867500,7240,55263.0
15194,2867500,7270,55464.296875
15195,2867500,7300,55856.59375
15196,2867500,7330,56213.59375
15197,2867500,7360,55724.28125
15198,2867500,7390,55666.59375
15199,2867500,7420,55240.40625
15200,2867500,7450,55233.28125
15201,2867500,7480,55568.59375
15202,2867500,7510,55999.0
15203,2867500,7540,56021.3125
15204,2867500,7570,55896.3125
15205,2867500,7600,55642.90625
15206,2867500,7630,55108.6875
15207,2867500,7660,55579.390625
15208,2867500,7690,55778.015625
15209,2867500,7720,55831.40625
15210,2867500,7750,55967.484375
15211,2867500,7780,55895.609375
15212,2867500,7810,55753.703125
15213,2867500,7840,55710.390625
15214,2867500,7870,55479.09375
15215,2867500,7900,55538.5
15216,2867500,7930,55672.203125
15217,2867500,7960,55856.28125
15218,2867500,7990,56027.703125
15219,2867500,8020,55570.40625
15220,2867500,8050,55770.484375
15221,2867500,8080,55672.40625
15222,2867500,8110,55577.28125
15223,2867500,8140,55678.8125
15224,2867500,8170,55862.5
15225,2867500,8200,55886.203125
15226,2867500,8230,55908.515625
15227,2867500,8260,55291.609375
15228,2867500,8290,55453.5
15229,2867500,8320,55381.40625
15230,2867500,8350,55705.09375
15231,2867500,8380,56038.0
15232,2867500,8410,56308.390625
15233,2867500,8440,56203.609375
15234,2867500,8470,55737.296875
15235,2867500,8500,55468.015625
15236,2867500,8530,55354.6875
15237,2867500,8560,55599.21875
15238,2867500,8590,56065.28125
15239,2867500,8620,55597.09375
15240,2867500,8650,55859.90625
15241,2867500,8680,55591.40625
15242,2867500,8710,55567.40625
15243,2867500,8740,55775.890625
15244,2867500,8770,56022.890625
15245,2867500,8800,56058.296875
15246,2867500,8830,55896.40625
15247,2867500,8860,55714.90625
15248,2867500,8890,55228.5
15249,2867500,8920,55766.8125
15250,2867500,8950,55736.796875
15251,2867500,8980,55645.71875
15252,2867500,9010,55539.21875
15253,2867500,9040,55769.78125
15254,2867500,9070,56110.390625
15255,2867500,9100,56230.09375
15256,2867500,9130,56072.90625
15257,2867500,9160,55624.6875
15258,2867500,9190,54897.6875
15259,2867500,9220,55618.1875
15260,2867500,9250,56116.5
15261,2867500,9280,56227.40625
15262,2867500,9310,55931.40625
15263,2867500,9340,55466.609375
15264,2867500,9370,55280.515625
15265,2867500,9400,55535.1875
15266,2867500,9430,56113.90625
15267,2867500,9460,56402.8125
15268,2867500,9490,56124.78125
15269,2867500,9520,55749.796875
15270,2867500,9550,55020.796875
15271,2867500,9580,55715.40625
15272,2867500,9610,55953.40625
15273,2867500,9640,55971.40625
15274,2867500,9670,55768.5
15275,2867500,9700,55630.09375
15276,2867500,9730,55685.1875
15277,2867500,9760,55940.984375
15278,2867500,9790,56103.78125
15279,2867500,9820,55447.609375
15280,2867500,9850,55586.390625
15281,2867500,9880,55669.0
15282,2867500,9910,55930.6875
15283,2867500,9940,56181.984375
15284,2867500,9970,56062.40625
15285,2867500,10000,55793.1875
15286,2867500,10030,55322.6875
15287,2867500,10060,55407.90625
15288,2867500,10090,55892.796875
15289,2867500,10120,56253.0
15290,2867500,10150,56280.40625
15291,2867500,10180,55391.796875
15292,2867500,10210,55512.5
15293,2867500,10240,55602.90625
15294,2867500,10270,55954.09375
15295,2867500,10300,56135.703125
15296,2867500,10330,56004.109375
15297,2867500,10360,55825.3125
15298,2867500,10390,55569.90625
15299,2867500,10420,55609.90625
15300,2867500,10450,55435.40625
15301,2867500,10480,56007.09375
15302,2867500,10510,55921.0
15303,2867500,10540,55829.59375
15304,2867500,10570,55868.609375
15305,2867500,10600,55895.703125
15306,2867500,10630,56006.703125
15307,2867500,10660,55963.59375
15308,2867500,10690,55755.0
15309,2867500,10720,55688.6875
15310,2867500,10750,55794.296875
15311,2867500,10780,55899.3125
15312,2867500,10810,56030.015625
15313,2867500,10840,55519.0
15314,2867500,10870,55796.0
15315,2867500,10900,55702.8125
15316,2867500,10930,55816.6875
15317,2867500,10960,55980.984375
15318,2867500,10990,56082.203125
15319,2867500,11020,55955.90625
15320,2867500,11050,55775.09375
15321,2867500,11080,55221.09375
15322,2867500,11110,55784.984375
15323,2867500,11140,55881.203125
15324,2867500,11170,55908.296875
15325,2867500,11200,55962.09375
15326,2867500,11230,55965.703125
15327,2867500,11260,55829.59375
15328,2867500,11290,55829.796875
15329,2867500,11320,55873.796875
15330,2867500,11350,55936.0
15331,2867500,11380,55921.390625
15332,2867500,11410,55896.484375
15333,2867500,11440,55463.296875
15334,2867500,11470,55815.203125
15335,2867500,11500,55901.0
15336,2867500,11530,55927.015625
15337,2867500,11560,55971.703125
15338,2867500,11590,55895.3125
15339,2867500,11620,55941.78125
15340,2867500,11650,55897.59375
15341,2867500,11680,55977.6875
15342,2867500,11710,55912.40625
15343,2867500,11740,55515.3125
15344,2867500,11770,55841.296875
15345,2867500,11800,55883.484375
15346,2867500,11830,55808.59375
15347,2867500,11860,55967.796875
15348,2867500,11890,55982.984375
15349,2867500,11920,56013.015625
15350,2867500,11950,55900.40625
15351,2867500,11980,55794.109375
15352,2867500,12010,55827.0
15353,2867500,12040,55889.515625
15354,2867500,12070,55566.1875
15355,2867500,12100,55988.6875
15356,2867500,12130,55862.515625
15357,2867500,12160,55829.6875
15358,2867500,12190,55860.109375
15359,2867500,12220,55968.609375
15360,2867500,12250,55965.0
15361,2867500,12280,55935.21875
15362,2867500,12310,55848.703125
15363,2867500,12340,55829.5
15364,2867500,12370,55513.90625
15365,2867500,12400,56032.109375
15366,2867500,12430,56051.703125
15367,2867500,12460,55891.796875
15368,2867500,12490,55810.5
15369,2867500,12520,55821.515625
15370,2867500,12550,56008.09375
15371,2867500,12580,56044.40625
15372,2867500,12610,56044.8125
15373,2867500,12640,55466.78125
15374,2867500,12670,55727.8125
15375,2867500,12700,55838.40625
15376,2867500,12730,55999.109375
15377,2867500,12760,56099.015625
15378,2867500,12790,56032.0
15379,2867500,12820,55955.203125
15380,2867500,12850,55896.703125
15381,2867500,12880,55882.203125
15382,2867500,12910,55970.109375
15383,2867500,12940,55988.09375
15384,2867500,12970,55916.703125
15385,2867500,13000,55346.5
15386,2867500,13030,55857.59375
15387,2867500,13060,56021.703125
15388,2867500,13090,56044.109375
15389,2867500,13120,55987.796875
15390,2867500,13150,55899.59375
15391,2867500,13180,55817.09375
15392,2867500,13210,55972.796875
15393,2867500,13240,56058.59375
15394,2867500,13270,55641.390625
15395,2867500,13300,55948.3125
15396,2867500,13330,55804.0
15397,2867500,13360,55809.90625
15398,2867500,13390,55948.5
15399,2867500,13420,56087.0
15400,2867500,13450,56083.59375
15401,2867500,13480,55986.59375
15402,2867500,13510,55911.0
15403,2867500,13540,55849.390625
15404,2867500,13570,56042.890625
15405,2867500,13600,56008.796875
15406,2867500,13630,55586.40625
15407,2867500,13660,55991.0
15408,2867500,13690,55888.296875
15409,2867500,13720,55879.59375
15410,2867500,13750,55917.59375
15411,2867500,13780,55916.09375
15412,2867500,13810,55962.3125
15413,2867500,13840,55956.59375
15414,2867500,13870,55947.3125
15415,2867500,13900,56041.59375
15416,2867500,13930,55638.0
15417,2867500,13960,55985.015625
15418,2867500,13990,55883.296875
15419,2867500,14020,55830.203125
15420,2867500,14050,55958.09375
15421,2867500,14080,55985.40625
15422,2867500,14110,56083.6875
15423,2867500,14140,55989.6875
15424,2867500,14170,55900.5
15425,2867500,14200,55386.90625
15426,2867500,14230,55973.609375
15427,2867500,14260,56171.609375
15428,2867500,14290,56140.390625
15429,2867500,14320,56007.109375
15430,2867500,14350,55853.0
15431,2867500,14380,55888.0
15432,2867500,14410,55947.5
15433,2867500,14440,55930.5
15434,2867500,14470,56001.5
15435,2867500,14500,56010.609375
15436,2867500,14530,56065.609375
15437,2867500,14560,55634.203125
15438,2867500,14590,56007.015625
15439,2867500,14620,56031.3125
15440,2867500,14650,55944.703125
15441,2867500,14680,55924.40625
15442,2867500,14710,56003.390625
15443,2867500,14740,56096.0
15444,2867500,14770,56010.90625
15445,2867500,14800,55888.71875
15446,2867500,14830,55436.5
15447,2867500,14860,55912.5
15448,2867500,14890,56071.71875
15449,2867500,14920,56137.09375
15450,2867500,14950,56131.59375
15451,2867500,14980,56018.0
15452,2867500,15010,55906.21875
15453,2867500,15040,55906.40625
15454,2867500,15070,55993.296875
15455,2867500,15100,55960.28125
15456,2867500,15130,55993.1875
15457,2867500,15160,55982.09375
15458,2867500,15190,55517.90625
15459,2867500,15220,55945.484375
15460,2867500,15250,56037.109375
15461,2867500,15280,55986.8125
15462,2867500,15310,55993.21875
15463,2867500,15340,55990.6875
15464,2867500,15370,56063.703125
15465,2867500,15400,56071.109375
15466,2867500,15430,56076.78125
15467,2867500,15460,55401.203125
15468,2867500,15490,55849.09375
15469,2867500,15520,55937.09375
15470,2867500,15550,56059.015625
15471,2867500,15580,56174.90625
15472,2867500,15610,56123.59375
15473,2867500,15640,55991.296875
15474,2867500,15670,55899.890625
15475,2867500,15700,55896.0
15476,2867500,15730,55999.609375
15477,2867500,15760,56079.0
15478,2867500,15790,56093.203125
15479,2867500,15820,55535.78125
15480,2867500,15850,55893.3125
15481,2867500,15880,55908.21875
15482,2867500,15910,55977.609375
15483,2867500,15940,56021.890625
15484,2867500,15970,55987.59375
15485,2867500,16000,56070.109375
15486,2867500,16030,56055.609375
15487,2867500,16060,56066.109375
15488,2867500,16090,55987.09375
15489,2867500,16120,55528.203125
15490,2867500,16150,55888.5
15491,2867500,16180,56037.6875
15492,2867500,16210,56057.6875
15493,2867500,16240,56060.21875
15494,2867500,16270,56040.09375
15495,2867500,16300,55963.28125
15496,2867500,16330,55911.90625
15497,2867500,16360,55987.0
15498,2867500,16390,55562.09375
15499,2867500,16420,56103.703125
15500,2867500,16450,56037.1875
15501,2867500,16480,56060.40625
15502,2867500,16510,55968.59375
15503,2867500,16540,56034.3125
15504,2867500,16570,55951.890625
15505,2867500,16600,56096.203125
15506,2867500,16630,56059.8125
15507,2867500,16660,56059.59375
15508,2867500,16690,56011.703125
15509,2867500,16720,55984.09375
15510,2867500,16750,55506.890625
15511,2867500,16780,55982.90625
15512,2867500,16810,56038.90625
15513,2867500,16840,56094.890625
15514,2867500,16870,56162.40625
15515,2867500,16900,56082.015625
15516,2867500,16930,56017.09375
15517,2867500,16960,55949.109375
15518,2867500,16990,55981.703125
15519,2867500,17020,55503.6875
15520,2867500,17050,56101.40625
15521,2867500,17080,56062.203125
15522,2867500,17110,56012.09375
15523,2867500,17140,56018.09375
15524,2867500,17170,56014.890625
15525,2867500,17200,56047.796875
15526,2867500,17230,56010.609375
15527,2867500,17260,55970.890625
15528,2867500,17290,56062.109375
15529,2867500,17320,56075.8125
15530,2867500,17350,56054.390625
15531,2867500,17380,55558.90625
15532,2867500,17410,55934.6875
15533,2867500,17440,55949.6875
15534,2867500,17470,56061.5
15535,2867500,17500,56135.0
15536,2867500,17530,56101.1875
15537,2867500,17560,56054.78125
15538,2867500,17590,55980.59375
15539,2867500,17620,55941.59375
15540,2867500,17650,55548.90625
15541,2867500,17680,56106.6875
15542,2867500,17710,56084.296875
15543,2867500,17740,56040.21875
15544,2867500,17770,55963.984375
15545,2867500,17800,55988.984375
15546,2867500,17830,56036.3125
15547,2867500,17860,55988.59375
15548,2867500,17890,56083.015625
15549,2867500,17920,56052.203125
15550,2867500,17950,56013.5
15551,2867500,17980,56082.109375
15552,2867500,18010,55615.8125
15553,2867500,18040,56021.015625
15554,2867500,18070,56012.3125
15555,2867500,18100,55916.0
15556,2867500,18130,56044.71875
15557,2867500,18160,56062.59375
15558,2867500,18190,56057.8125
15559,2867500,18220,56026.203125
15560,2867500,18250,55975.40625
15561,2867500,18280,55996.015625
15562,2867500,18310,55591.1875
15563,2867500,18340,56110.390625
15564,2867500,18370,56165.40625
15565,2867500,18400,56063.109375
15566,2867500,18430,55943.09375
15567,2867500,18460,55957.015625
15568,2867500,18490,56019.90625
15569,2867500,18520,56050.0
15570,2867500,18550,56083.703125
15571,2867500,18580,55545.28125
15572,2867500,18610,56018.09375
15573,2867500,18640,56041.390625
15574,2867500,18670,56047.109375
15575,2867500,18700,56033.71875
15576,2867500,18730,56047.484375
15577,2867500,18760,55978.09375
15578,2867500,18790,55987.6875
15579,2867500,18820,56058.890625
15580,2867500,18850,56021.703125
15581,2867500,18880,56074.109375
15582,2867500,18910,55953.90625
15583,2867500,18940,55541.203125
15584,2867500,18970,56022.015625
15585,2867500,19000,56093.28125
15586,2867500,19030,56063.5
15587,2867500,19060,56095.1875
15588,2867500,19090,56021.21875
15589,2867500,19120,55909.40625
15590,2867500,19150,56032.796875
15591,2867500,19180,56086.015625
15592,2867500,19210,55673.40625
15593,2867500,19240,56110.703125
15594,2867500,19270,55990.40625
15595,2867500,19300,56021.390625
15596,2867500,19330,56040.109375
15597,2867500,19360,56126.71875
15598,2867500,19390,56104.59375
15599,2867500,19420,56133.484375
15600,2867500,19450,55987.09375
15601,2867500,19480,56036.0
15602,2867500,19510,56028.21875
15603,2867500,19540,55977.015625
15604,2867500,19570,55586.40625
15605,2867500,19600,55966.390625
15606,2867500,19630,56049.21875
15607,2867500,19660,56056.203125
15608,2867500,19690,56116.40625
15609,2867500,19720,56052.21875
15610,2867500,19750,56036.109375
15611,2867500,19780,56065.8125
15612,2867500,19810,56067.40625
15613,2867500,19840,55637.6875
15614,2867500,19870,56067.09375
15615,2867500,19900,56109.90625
15616,2867500,19930,56074.890625
15617,2867500,19960,55999.8125
15618,2867500,19990,56017.09375
15619,2867500,20020,56115.109375
15620,2867500,20050,56111.8125
15621,2867500,20080,56122.09375
15622,2867500,20110,56042.609375
15623,2867500,20140,56046.796875
15624,2867500,20170,55982.8125
15625,2867500,20200,55586.40625
15626,2867500,20230,56098.796875
15627,2867500,20260,56112.6875
15628,2867500,20290,56064.59375
15629,2867500,20320,56067.90625
15630,2867500,20350,56052.703125
15631,2867500,20380,56091.203125
15632,2867500,20410,56097.890625
15633,2867500,20440,56075.390625
15634,2867500,20470,56058.90625
15635,2867500,20500,56064.5
15636,2867500,20530,55594.90625
15637,2867500,20560,56087.609375
15638,2867500,20590,56075.015625
15639,2867500,20620,56037.09375
15640,2867500,20650,56011.6875
15641,2867500,20680,56021.1875
15642,2867500,20710,56078.6875
15643,2867500,20740,56089.8125
15644,2867500,20770,56132.0
15645,2867500,20800,56159.484375
15646,2867500,20830,55589.40625
15647,2867500,20860,55994.59375
15648,2867500,20890,56109.296875
15649,2867500,20920,56093.109375
15650,2867500,20950,56123.8125
15651,2867500,20980,56060.203125
15652,2867500,21010,56073.296875
15653,2867500,21040,56086.8125
15654,2867500,21070,56088.890625
15655,2867500,21100,56111.1875
15656,2867500,21130,55630.8125
15657,2867500,21160,56131.5
15658,2867500,21190,56101.09375
15659,2867500,21220,56064.09375
15660,2867500,21250,56054.890625
15661,2867500,21280,56040.59375
15662,2867500,21310,56067.40625
15663,2867500,21340,56007.21875
15664,2867500,21370,56059.3125
15665,2867500,21400,55633.796875
15666,2867500,21430,56147.796875
15667,2867500,21460,55985.0
15668,2867500,21490,56092.0
15669,2867500,21520,56046.703125
15670,2867500,21550,56086.203125
15671,2867500,21580,56096.0
15672,2867500,21610,56015.90625
15673,2867500,21640,56085.5
15674,2867500,21670,56046.5
15675,2867500,21700,56052.90625
15676,2867500,21730,56053.109375
15677,2867500,21760,56098.71875
15678,2867500,21790,55678.71875
15679,2867500,21820,56097.8125
15680,2867500,21850,56143.59375
15681,2867500,21880,56065.59375
15682,2867500,21910,56044.3125
15683,2867500,21940,56157.390625
15684,2867500,21970,56065.78125
15685,2867500,22000,56058.1875
15686,2867500,22030,55597.484375
15687,2867500,22060,56093.3125
15688,2867500,22090,56103.40625
15689,2867500,22120,56078.515625
15690,2867500,22150,56025.3125
15691,2867500,22180,56084.109375
15692,2867500,22210,56096.90625
15693,2867500,22240,56148.3125
15694,2867500,22270,56031.59375
15695,2867500,22300,56108.984375
15696,2867500,22330,55589.8125
15697,2867500,22360,56069.90625
15698,2867500,22390,56073.71875
15699,2867500,22420,56075.90625
15700,2867500,22450,56093.5
15701,2867500,22480,56103.609375
15702,2867500,22510,56094.40625
15703,2867500,22540,56081.8125
15704,2867500,22570,56070.09375
15705,2867500,22600,55994.1875
15706,2867500,22630,56128.09375
15707,2867500,22660,55683.0
15708,2867500,22690,56091.28125
15709,2867500,22720,56072.796875
15710,2867500,22750,56048.78125
15711,2867500,22780,56068.3125
15712,2867500,22810,56058.390625
15713,2867500,22840,56090.6875
15714,2867500,22870,56111.3125
15715,2867500,22900,56080.5
15716,2867500,22930,56078.703125
15717,2867500,22960,55547.90625
15718,2867500,22990,56021.8125
15719,2867500,23020,56059.09375
15720,2867500,23050,56035.390625
15721,2867500,23080,56094.0
15722,2867500,23110,56153.8125
15723,2867500,23140,56113.390625
15724,2867500,23170,56083.09375
15725,2867500,23200,56085.21875
15726,2867500,23230,56033.703125
15727,2867500,23260,56054.40625
15728,2867500,23290,56116.3125
15729,2867500,23320,55623.703125
15730,2867500,23350,56132.703125
15731,2867500,23380,56096.3125
15732,2867500,23410,56073.59375
15733,2867500,23440,56074.109375
15734,2867500,23470,56110.484375
15735,2867500,23500,56087.703125
15736,2867500,23530,56062.890625
15737,2867500,23560,56063.3125
15738,2867500,23590,55601.90625
15739,2867500,23620,56059.6875
15740,2867500,23650,56101.09375
15741,2867500,23680,56133.484375
15742,2867500,23710,56082.21875
15743,2867500,23740,56079.890625
15744,2867500,23770,56120.609375
15745,2867500,23800,56100.5
15746,2867500,23830,56104.3125
15747,2867500,23860,56112.0
15748,2867500,23890,56010.0
15749,2867500,23920,56084.59375
15750,2867500,23950,55641.515625
15751,2867500,23980,56170.609375
15752,2867500,24010,56119.984375
15753,2867500,24040,56064.90625
15754,2867500,24070,56090.5
15755,2867500,24100,56104.609375
15756,2867500,24130,56159.296875
15757,2867500,24160,56103.90625
15758,2867500,24190,56127.90625
15759,2867500,24220,55636.296875
15760,2867500,24250,56091.015625
15761,2867500,24280,56132.109375
15762,2867500,24310,56068.296875
15763,2867500,24340,56090.796875
15764,2867500,24370,56098.28125
15765,2867500,24400,56131.3125
15766,2867500,24430,56105.1875
15767,2867500,24460,56028.09375
15768,2867500,24490,56084.21875
15769,2867500,24520,56111.5
15770,2867500,24550,56069.90625
15771,2867500,24580,55658.1875
15772,2867500,24610,56137.21875
15773,2867500,24640,56043.5
15774,2867500,24670,56097.609375
15775,2867500,24700,56037.796875
15776,2867500,24730,56060.296875
15777,2867500,24760,56135.484375
15778,2867500,24790,56089.609375
15779,2867500,24820,56096.8125
15780,2867500,24850,55589.390625
15781,2867500,24880,56111.6875
15782,2867500,24910,56069.484375
15783,2867500,24940,56072.8125
15784,2867500,24970,56069.40625
15785,2867500,25000,56144.5
15786,2867500,25030,56088.984375
15787,2867500,25060,56126.28125
15788,2867500,25090,56117.0
15789,2867500,25120,56107.109375
15790,2867500,25150,55624.5
15791,2867500,25180,56084.203125
15792,2867500,25210,56103.0
15793,2867500,25240,56112.28125
15794,2867500,25270,56094.0
15795,2867500,25300,56081.40625
15796,2867500,25330,55997.609375
15797,2867500,25360,56077.796875
15798,2867500,25390,56134.90625
15799,2867500,25420,56136.890625
15800,2867500,25450,56097.984375
15801,2867500,25480,56093.484375
15802,2867500,25510,55582.515625
15803,2867500,25540,56044.3125
15804,2867500,25570,56065.6875
15805,2867500,25600,56132.90625
15806,2867500,25630,56024.3125
15807,2867500,25660,56076.28125
15808,2867500,25690,56123.203125
15809,2867500,25720,56076.3125
15810,2867500,25750,56080.890625
15811,2867500,25780,55557.0
15812,2867500,25810,56105.5
15813,2867500,25840,56122.109375
15814,2867500,25870,56108.296875
15815,2867500,25900,56106.109375
15816,2867500,25930,56164.5
15817,2867500,25960,56093.6875
15818,2867500,25990,56026.390625
15819,2867500,26020,56078.3125
15820,2867500,26050,56122.390625
15821,2867500,26080,56147.40625
15822,2867500,26110,56047.515625
15823,2867500,26140,55580.296875
15824,2867500,26170,56037.0
15825,2867500,26200,56062.703125
15826,2867500,26230,56053.21875
15827,2867500,26260,56054.390625
15828,2867500,26290,56095.40625
15829,2867500,26320,56148.6875
15830,2867500,26350,56146.40625
15831,2867500,26380,56043.0
15832,2867500,26410,55674.109375
15833,2867500,26440,56059.484375
15834,2867500,26470,56022.71875
15835,2867500,26500,56124.703125
15836,2867500,26530,56179.203125
15837,2867500,26560,56121.5
15838,2867500,26590,56092.203125
15839,2867500,26620,56087.40625
15840,2867500,26650,56071.203125
15841,2867500,26680,56089.28125
15842,2867500,26710,55636.1875
15843,2867500,26740,56133.703125
15844,2867500,26770,56075.109375
15845,2867500,26800,56050.984375
15846,2867500,26830,56074.703125
15847,2867500,26860,56115.5
15848,2867500,26890,56029.78125
15849,2867500,26920,56049.90625
15850,2867500,26950,56134.3125
15851,2867500,26980,56111.796875
15852,2867500,27010,56111.59375
15853,2867500,27040,55613.703125
15854,2867500,27070,56080.90625
15855,2867500,27100,56128.90625
15856,2867500,27130,56140.109375
15857,2867500,27160,56109.3125
15858,2867500,27190,56072.90625
15859,2867500,27220,56045.296875
15860,2867500,27250,56090.390625
15861,2867500,27280,56127.6875
15862,2867500,27310,56069.890625
15863,2867500,27340,55641.59375
15864,2867500,27370,56147.90625
15865,2867500,27400,56109.890625
15866,2867500,27430,56081.703125
15867,2867500,27460,56066.3125
15868,2867500,27490,56087.09375
15869,2867500,27520,56138.203125
15870,2867500,27550,56047.484375
15871,2867500,27580,56097.984375
15872,2867500,27610,56100.515625
15873,2867500,27640,56099.09375
15874,2867500,27670,56134.1875
15875,2867500,27700,55662.109375
15876,2867500,27730,56116.296875
15877,2867500,27760,56096.90625
15878,2867500,27790,56084.390625
15879,2867500,27820,56128.015625
15880,2867500,27850,56057.1875
15881,2867500,27880,56056.8125
15882,2867500,27910,56076.015625
15883,2867500,27940,56100.203125
15884,2867500,27970,55660.40625
15885,2867500,28000,56146.8125
15886,2867500,28030,56084.5
15887,2867500,28060,56056.609375
15888,2867500,28090,56080.90625
15889,2867500,28120,56163.40625
15890,2867500,28150,56125.5
15891,2867500,28180,56085.703125
15892,2867500,28210,56098.0
15893,2867500,28240,56008.703125
15894,2867500,28270,56088.609375
15895,2867500,28300,56103.984375
15896,2867500,28330,55647.21875
15897,2867500,28360,56100.390625
15898,2867500,28390,56053.0
15899,2867500,28420,56086.59375
15900,2867500,28450,56138.3125
15901,2867500,28480,56111.09375
15902,2867500,28510,56139.296875
15903,2867500,28540,56102.109375
15904,2867500,28570,56121.1875
15905,2867500,28600,55661.390625
15906,2867500,28630,56075.984375
15907,2867500,28660,56129.8125
15908,2867500,28690,56113.0
15909,2867500,28720,56070.59375
15910,2867500,28750,56085.90625
15911,2867500,28780,56080.5
15912,2867500,28810,56157.109375
15913,2867500,28840,56106.390625
15914,2867500,28870,56099.984375
15915,2867500,28900,56076.890625
15916,2867500,28930,56070.390625
15917,2867500,28960,55626.6875
15918,2867500,28990,56141.40625
15919,2867500,29020,56094.21875
15920,2867500,29050,56046.09375
15921,2867500,29080,56135.796875
15922,2867500,29110,56122.984375
15923,2867500,29140,56064.703125
15924,2867500,29170,56053.90625
15925,2867500,29200,56071.1875
15926,2867500,29230,55611.90625
15927,2867500,29260,56087.890625
15928,2867500,29290,56054.5
15929,2867500,29320,56113.203125
15930,2867500,29350,56107.6875
15931,2867500,29380,56074.3125
15932,2867500,29410,56091.890625
15933,2867500,29440,56072.890625
15934,2867500,29470,56090.296875
15935,2867500,29500,56025.8125
15936,2867500,29530,56061.609375
15937,2867500,29560,56030.203125
15938,2867500,29590,55594.90625
15939,2867500,29620,56096.609375
15940,2867500,29650,56132.0
15941,2867500,29680,56061.609375
15942,2867500,29710,56093.109375
15943,2867500,29740,56066.296875
15944,2867500,29770,56055.109375
15945,2867500,29800,56037.203125
15946,2867500,29830,56144.0
15947,2867500,29860,56092.8125
15948,2867500,29890,55638.5
15949,2867500,29920,56151.890625
15950,2867500,29950,56058.09375
15951,2867500,29980,56140.71875
15952,2868000,100,12745.0
15953,2868000,130,61299.8125
15954,2868000,160,60225.09375
15955,2868000,190,58530.703125
15956,2868000,220,52179.0
15957,2868000,250,55776.609375
15958,2868000,280,58848.796875
15959,2868000,310,60214.90625
15960,2868000,340,57067.609375
15961,2868000,370,49539.3125
15962,2868000,400,51406.6875
15963,2868000,430,56144.59375
15964,2868000,460,56639.890625
15965,2868000,490,56973.984375
15966,2868000,520,55836.6875
15967,2868000,550,56317.3125
15968,2868000,580,59071.1875
15969,2868000,610,59658.703125
15970,2868000,640,57614.796875
15971,2868000,670,51458.28125
15972,2868000,700,49841.703125
15973,2868000,730,53349.90625
15974,2868000,760,56364.3125
15975,2868000,790,58043.703125
15976,2868000,820,56957.71875
15977,2868000,850,54243.890625
15978,2868000,880,53886.09375
15979,2868000,910,56785.28125
15980,2868000,940,59201.015625
15981,2868000,970,58964.390625
15982,2868000,1000,56989.59375
15983,2868000,1030,54402.296875
15984,2868000,1060,53269.1875
15985,2868000,1090,54684.609375
15986,2868000,1120,55972.90625
15987,2868000,1150,56681.0
15988,2868000,1180,56694.09375
15989,2868000,1210,57239.390625
15990,2868000,1240,57427.6875
15991,2868000,1270,57263.390625
15992,2868000,1300,56535.796875
15993,2868000,1330,55461.71875
15994,2868000,1360,55188.109375
15995,2868000,1390,56426.59375
15996,2868000,1420,56444.796875
15997,2868000,1450,56446.5
15998,2868000,1480,55496.703125
15999,2868000,1510,54504.6875
16000,2868000,1540,55536.21875
16001,2868000,1570,57096.890625
16002,2868000,1600,57822.8125
16003,2868000,1630,58008.71875
16004,2868000,1660,56620.90625
16005,2868000,1690,56115.90625
16006,2868000,1720,55702.890625
16007,2868000,1750,55333.71875
16008,2868000,1780,55897.796875
16009,2868000,1810,56745.6875
16010,2868000,1840,56828.0
16011,2868000,1870,56888.3125
16012,2868000,1900,56519.890625
16013,2868000,1930,55304.703125
16014,2868000,1960,55740.3125
16015,2868000,1990,56567.390625
16016,2868000,2020,57468.703125
16017,2868000,2050,57918.5
16018,2868000,2080,57035.609375
16019,2868000,2110,55432.78125
16020,2868000,2140,54839.890625
16021,2868000,2170,55658.71875
16022,2868000,2200,56626.09375
16023,2868000,2230,57408.015625
16024,2868000,2260,56921.21875
16025,2868000,2290,55495.609375
16026,2868000,2320,55834.3125
16027,2868000,2350,56489.59375
16028,2868000,2380,57108.71875
16029,2868000,2410,56903.296875
16030,2868000,2440,56413.109375
16031,2868000,2470,56117.59375
16032,2868000,2500,56532.5
16033,2868000,2530,57372.109375
16034,2868000,2560,57281.71875
16035,2868000,2590,55743.0
16036,2868000,2620,55298.90625
16037,2868000,2650,55471.90625
16038,2868000,2680,56595.203125
16039,2868000,2710,57844.609375
16040,2868000,2740,57478.203125
16041,2868000,2770,55874.890625
16042,2868000,2800,55160.5
16043,2868000,2830,55655.890625
16044,2868000,2860,57034.296875
16045,2868000,2890,58237.78125
16046,2868000,2920,57369.1875
16047,2868000,2950,56060.890625
16048,2868000,2980,55016.3125
16049,2868000,3010,55499.40625
16050,2868000,3040,56602.0
16051,2868000,3070,57322.1875
16052,2868000,3100,56977.90625
16053,2868000,3130,56141.90625
16054,2868000,3160,55983.90625
16055,2868000,3190,56629.90625
16056,2868000,3220,57113.109375
16057,2868000,3250,57549.0
16058,2868000,3280,56767.296875
16059,2868000,3310,55961.890625
16060,2868000,3340,56128.0
16061,2868000,3370,56621.109375
16062,2868000,3400,56981.28125
16063,2868000,3430,56446.609375
16064,2868000,3460,55799.09375
16065,2868000,3490,55423.09375
16066,2868000,3520,56559.484375
16067,2868000,3550,57734.703125
16068,2868000,3580,57891.703125
16069,2868000,3610,56957.40625
16070,2868000,3640,56170.3125
16071,2868000,3670,56073.796875
16072,2868000,3700,56382.703125
16073,2868000,3730,56768.296875
16074,2868000,3760,56839.109375
16075,2868000,3790,56112.71875
16076,2868000,3820,55686.515625
16077,2868000,3850,55785.0
16078,2868000,3880,57003.109375
16079,2868000,3910,57620.296875
16080,2868000,3940,57389.0
16081,2868000,3970,56864.390625
16082,2868000,4000,56643.59375
16083,2868000,4030,56590.59375
16084,2868000,4060,56660.984375
16085,2868000,4090,56641.796875
16086,2868000,4120,55913.71875
16087,2868000,4150,55932.109375
16088,2868000,4180,56231.71875
16089,2868000,4210,56915.6875
16090,2868000,4240,57176.09375
16091,2868000,4270,57183.890625
16092,2868000,4300,57120.71875
16093,2868000,4330,56994.609375
16094,2868000,4360,56986.203125
16095,2868000,4390,56933.890625
16096,2868000,4420,56696.1875
16097,2868000,4450,56257.40625
16098,2868000,4480,55557.703125
16099,2868000,4510,56098.90625
16100,2868000,4540,56657.703125
16101,2868000,4570,57034.109375
16102,2868000,4600,56999.8125
16103,2868000,4630,57064.40625
16104,2868000,4660,57088.8125
16105,2868000,4690,56962.390625
16106,2868000,4720,57130.59375
16107,2868000,4750,56620.890625
16108,2868000,4780,56724.59375
16109,2868000,4810,56364.203125
16110,2868000,4840,56197.515625
16111,2868000,4870,56205.484375
16112,2868000,4900,56499.6875
16113,2868000,4930,56884.296875
16114,2868000,4960,57056.390625
16115,2868000,4990,57323.90625
16116,2868000,5020,57171.09375
16117,2868000,5050,57018.5
16118,2868000,5080,56959.890625
16119,2868000,5110,56212.296875
16120,2868000,5140,56697.09375
16121,2868000,5170,56689.59375
16122,2868000,5200,56627.8125
16123,2868000,5230,56510.28125
16124,2868000,5260,56506.09375
16125,2868000,5290,56619.890625
16126,2868000,5320,56830.21875
16127,2868000,5350,57103.8125
16128,2868000,5380,57280.390625
16129,2868000,5410,56887.3125
16130,2868000,5440,57212.015625
16131,2868000,5470,56754.703125
16132,2868000,5500,56575.5
16133,2868000,5530,56329.890625
16134,2868000,5560,56427.59375
16135,2868000,5590,56758.90625
16136,2868000,5620,57024.015625
16137,2868000,5650,57037.40625
16138,2868000,5680,56298.890625
16139,2868000,5710,56707.703125
16140,2868000,5740,56778.90625
16141,2868000,5770,57137.703125
16142,2868000,5800,57325.890625
16143,2868000,5830,57220.78125
16144,2868000,5860,56944.5
16145,2868000,5890,56447.71875
16146,2868000,5920,56264.3125
16147,2868000,5950,56570.296875
16148,2868000,5980,56868.40625
16149,2868000,6010,56997.28125
16150,2868000,6040,57105.90625
16151,2868000,6070,56594.59375
16152,2868000,6100,57046.0
16153,2868000,6130,57083.609375
16154,2868000,6160,56950.015625
16155,2868000,6190,56757.40625
16156,2868000,6220,56800.59375
16157,2868000,6250,56887.296875
16158,2868000,6280,57063.59375
16159,2868000,6310,57066.40625
16160,2868000,6340,56148.90625
16161,2868000,6370,56350.109375
16162,2868000,6400,56558.3125
16163,2868000,6430,56996.59375
16164,2868000,6460,57523.0
16165,2868000,6490,57657.59375
16166,2868000,6520,57138.484375
16167,2868000,6550,56447.1875
16168,2868000,6580,56256.203125
16169,2868000,6610,56713.390625
16170,2868000,6640,57124.09375
16171,2868000,6670,56855.203125
16172,2868000,6700,57024.8125
16173,2868000,6730,56772.0
16174,2868000,6760,56656.609375
16175,2868000,6790,56778.8125
16176,2868000,6820,57130.6875
16177,2868000,6850,57195.6875
16178,2868000,6880,56992.703125
16179,2868000,6910,57029.609375
16180,2868000,6940,56577.8125
16181,2868000,6970,57057.78125
16182,2868000,7000,56934.5
16183,2868000,7030,56621.390625
16184,2868000,7060,56623.5
16185,2868000,7090,56911.5
16186,2868000,7120,57240.21875
16187,2868000,7150,57422.8125
16188,2868000,7180,57175.1875
16189,2868000,7210,56641.59375
16190,2868000,7240,56468.109375
16191,2868000,7270,56744.703125
16192,2868000,7300,56816.609375
16193,2868000,7330,57592.59375
16194,2868000,7360,57389.296875
16195,2868000,7390,56843.0
16196,2868000,7420,56507.890625
16197,2868000,7450,56591.703125
16198,2868000,7480,56978.5
16199,2868000,7510,57241.296875
16200,2868000,7540,57315.90625
16201,2868000,7570,57049.59375
16202,2868000,7600,56369.0
16203,2868000,7630,56774.21875
16204,2868000,7660,56838.703125
16205,2868000,7690,57034.21875
16206,2868000,7720,57224.796875
16207,2868000,7750,57243.296875
16208,2868000,7780,57160.109375
16209,2868000,7810,57073.71875
16210,2868000,7840,56887.703125
16211,2868000,7870,56164.390625
16212,2868000,7900,56780.1875
16213,2868000,7930,57011.609375
16214,2868000,7960,57171.0
16215,2868000,7990,57266.09375
16216,2868000,8020,57170.40625
16217,2868000,8050,56982.203125
16218,2868000,8080,56868.21875
16219,2868000,8110,56806.59375
16220,2868000,8140,56958.59375
16221,2868000,8170,57138.296875
16222,2868000,8200,57257.8125
16223,2868000,8230,56671.109375
16224,2868000,8260,56992.28125
16225,2868000,8290,56661.703125
16226,2868000,8320,56670.5
16227,2868000,8350,57006.109375
16228,2868000,8380,57396.78125
16229,2868000,8410,57565.296875
16230,2868000,8440,57344.40625
16231,2868000,8470,56928.296875
16232,2868000,8500,56112.90625
16233,2868000,8530,56619.5
16234,2868000,8560,56972.390625
16235,2868000,8590,57345.296875
16236,2868000,8620,57342.890625
16237,2868000,8650,56976.3125
16238,2868000,8680,56789.515625
16239,2868000,8710,56801.6875
16240,2868000,8740,57052.484375
16241,2868000,8770,57329.890625
16242,2868000,8800,57332.6875
16243,2868000,8830,57135.59375
16244,2868000,8860,56511.59375
16245,2868000,8890,57086.40625
16246,2868000,8920,57042.59375
16247,2868000,8950,57026.796875
16248,2868000,8980,56825.890625
16249,2868000,9010,56805.59375
16250,2868000,9040,57057.890625
16251,2868000,9070,57493.3125
16252,2868000,9100,57531.109375
16253,2868000,9130,56645.71875
16254,2868000,9160,56739.40625
16255,2868000,9190,56649.28125
16256,2868000,9220,57054.703125
16257,2868000,9250,57476.296875
16258,2868000,9280,57524.796875
16259,2868000,9310,57055.890625
16260,2868000,9340,56643.203125
16261,2868000,9370,56511.0
16262,2868000,9400,56894.390625
16263,2868000,9430,57581.203125
16264,2868000,9460,57654.796875
16265,2868000,9490,56763.390625
16266,2868000,9520,56839.6875
16267,2868000,9550,56834.78125
16268,2868000,9580,57088.296875
16269,2868000,9610,57254.109375
16270,2868000,9640,57155.890625
16271,2868000,9670,56961.6875
16272,2868000,9700,56880.203125
16273,2868000,9730,57111.609375
16274,2868000,9760,57348.8125
16275,2868000,9790,57341.484375
16276,2868000,9820,56614.28125
16277,2868000,9850,56863.3125
16278,2868000,9880,56975.296875
16279,2868000,9910,57370.109375
16280,2868000,9940,57510.5
16281,2868000,9970,57255.09375
16282,2868000,10000,56857.703125
16283,2868000,10030,56542.1875
16284,2868000,10060,56881.109375
16285,2868000,10090,57408.0
16286,2868000,10120,57107.5
16287,2868000,10150,57405.0
16288,2868000,10180,57011.515625
16289,2868000,10210,56784.890625
16290,2868000,10240,56948.0
16291,2868000,10270,57245.09375
16292,2868000,10300,57402.5
16293,2868000,10330,57244.515625
16294,2868000,10360,57016.21875
16295,2868000,10390,56832.203125
16296,2868000,10420,56521.21875
16297,2868000,10450,57341.90625
16298,2868000,10480,57214.40625
16299,2868000,10510,57186.890625
16300,2868000,10540,57077.40625
16301,2868000,10570,57112.015625
16302,2868000,10600,57220.28125
16303,2868000,10630,57216.40625
16304,2868000,10660,57160.0
16305,2868000,10690,56455.5
16306,2868000,10720,56932.6875
16307,2868000,10750,57244.609375
16308,2868000,10780,57349.203125
16309,2868000,10810,57317.8125
16310,2868000,10840,57225.0
16311,2868000,10870,57085.09375
16312,2868000,10900,57010.78125
16313,2868000,10930,57156.90625
16314,2868000,10960,57324.8125
16315,2868000,10990,57290.59375
16316,2868000,11020,57146.390625
16317,2868000,11050,56545.796875
16318,2868000,11080,56977.890625
16319,2868000,11110,57099.5
16320,2868000,11140,57168.609375
16321,2868000,11170,57299.5
16322,2868000,11200,57310.484375
16323,2868000,11230,57182.40625
16324,2868000,11260,57168.59375
16325,2868000,11290,57182.5
16326,2868000,11320,57265.296875
16327,2868000,11350,56621.40625
16328,2868000,11380,57257.6875
16329,2868000,11410,57153.5
16330,2868000,11440,57091.5
16331,2868000,11470,57142.984375
16332,2868000,11500,57140.90625
16333,2868000,11530,57210.109375
16334,2868000,11560,57260.0
16335,2868000,11590,57226.890625
16336,2868000,11620,57211.796875
16337,2868000,11650,57193.0
16338,2868000,11680,56712.703125
16339,2868000,11710,57265.203125
16340,2868000,11740,57195.09375
16341,2868000,11770,57089.21875
16342,2868000,11800,57060.296875
16343,2868000,11830,57155.78125
16344,2868000,11860,57221.5
16345,2868000,11890,57289.984375
16346,2868000,11920,57264.59375
16347,2868000,11950,57164.28125
16348,2868000,11980,56627.3125
16349,2868000,12010,57182.203125
16350,2868000,12040,57300.890625
16351,2868000,12070,57279.09375
16352,2868000,12100,57163.6875
16353,2868000,12130,57077.40625
16354,2868000,12160,57060.3125
16355,2868000,12190,57200.984375
16356,2868000,12220,57294.984375
16357,2868000,12250,56770.09375
16358,2868000,12280,57139.0
16359,2868000,12310,57102.40625
16360,2868000,12340,57180.3125
16361,2868000,12370,57309.8125
16362,2868000,12400,57359.40625
16363,2868000,12430,57315.796875
16364,2868000,12460,57060.890625
16365,2868000,12490,57027.390625
16366,2868000,12520,57163.0
16367,2868000,12550,57313.0
16368,2868000,12580,57345.609375
16369,2868000,12610,56688.609375
16370,2868000,12640,57066.3125
16371,2868000,12670,57088.90625
16372,2868000,12700,57212.21875
16373,2868000,12730,57394.40625
16374,2868000,12760,57401.09375
16375,2868000,12790,57185.1875
16376,2868000,12820,57147.609375
16377,2868000,12850,57152.40625
16378,2868000,12880,56748.90625
16379,2868000,12910,57292.390625
16380,2868000,12940,57223.8125
16381,2868000,12970,57101.6875
16382,2868000,13000,57125.6875
16383,2868000,13030,57202.796875
16384,2868000,13060,57233.21875
16385,2868000,13090,57274.796875
16386,2868000,13120,57218.296875
16387,2868000,13150,57131.40625
16388,2868000,13180,57150.59375
16389,2868000,13210,57292.203125
16390,2868000,13240,56903.390625
16391,2868000,13270,57306.09375
16392,2868000,13300,57147.109375
16393,2868000,13330,57041.8125
16394,2868000,13360,57097.3125
16395,2868000,13390,57287.09375
16396,2868000,13420,57449.796875
16397,2868000,13450,57391.609375
16398,2868000,13480,57236.90625
16399,2868000,13510,56650.6875
16400,2868000,13540,57240.203125
16401,2868000,13570,57351.90625
16402,2868000,13600,57319.890625
16403,2868000,13630,57286.40625
16404,2868000,13660,57204.5
16405,2868000,13690,57223.015625
16406,2868000,13720,57242.890625
16407,2868000,13750,57240.296875
16408,2868000,13780,57231.203125
16409,2868000,13810,57261.203125
16410,2868000,13840,57257.3125
16411,2868000,13870,56841.28125
16412,2868000,13900,57368.609375
16413,2868000,13930,57363.6875
16414,2868000,13960,57211.296875
16415,2868000,13990,57073.984375
16416,2868000,14020,57133.203125
16417,2868000,14050,57291.390625
16418,2868000,14080,57384.796875
16419,2868000,14110,57325.609375
16420,2868000,14140,56776.0
16421,2868000,14170,57115.90625
16422,2868000,14200,57124.21875
16423,2868000,14230,57319.890625
16424,2868000,14260,57374.109375
16425,2868000,14290,57349.0
16426,2868000,14320,57286.0
16427,2868000,14350,57203.703125
16428,2868000,14380,57110.78125
16429,2868000,14410,57176.59375
16430,2868000,14440,57264.09375
16431,2868000,14470,57259.390625
16432,2868000,14500,56790.90625
16433,2868000,14530,57297.390625
16434,2868000,14560,57340.890625
16435,2868000,14590,57337.40625
16436,2868000,14620,57266.109375
16437,2868000,14650,57235.390625
16438,2868000,14680,57261.109375
16439,2868000,14710,57383.203125
16440,2868000,14740,57397.890625
16441,2868000,14770,57242.6875
16442,2868000,14800,57190.59375
16443,2868000,14830,56630.09375
16444,2868000,14860,57277.890625
16445,2868000,14890,57338.796875
16446,2868000,14920,57454.796875
16447,2868000,14950,57372.0
16448,2868000,14980,57256.6875
16449,2868000,15010,57184.890625
16450,2868000,15040,57210.8125
16451,2868000,15070,57330.5
16452,2868000,15100,57325.3125
16453,2868000,15130,57219.109375
16454,2868000,15160,56827.40625
16455,2868000,15190,57262.203125
16456,2868000,15220,57253.296875
16457,2868000,15250,57231.296875
16458,2868000,15280,57264.109375
16459,2868000,15310,57326.5
16460,2868000,15340,57331.21875
16461,2868000,15370,57391.015625
16462,2868000,15400,57398.90625
16463,2868000,15430,56771.390625
16464,2868000,15460,57201.8125
16465,2868000,15490,57178.109375
16466,2868000,15520,57289.796875
16467,2868000,15550,57414.484375
16468,2868000,15580,57365.796875
16469,2868000,15610,57343.09375
16470,2868000,15640,57156.09375
16471,2868000,15670,57181.203125
16472,2868000,15700,56828.203125
16473,2868000,15730,57362.109375
16474,2868000,15760,57374.609375
16475,2868000,15790,57321.515625
16476,2868000,15820,57205.0
16477,2868000,15850,57217.703125
16478,2868000,15880,57290.59375
16479,2868000,15910,57285.8125
16480,2868000,15940,57250.21875
16481,2868000,15970,57367.21875
16482,2868000,16000,56882.71875
16483,2868000,16030,57303.5
16484,2868000,16060,57257.0
16485,2868000,16090,57242.8125
16486,2868000,16120,57179.0
16487,2868000,16150,57255.609375
16488,2868000,16180,57328.390625
16489,2868000,16210,57332.015625
16490,2868000,16240,57400.1875
16491,2868000,16270,57255.21875
16492,2868000,16300,57268.796875
16493,2868000,16330,57209.890625
16494,2868000,16360,56819.90625
16495,2868000,16390,57396.1875
16496,2868000,16420,57398.8125
16497,2868000,16450,57313.3125
16498,2868000,16480,57258.203125
16499,2868000,16510,57279.890625
16500,2868000,16540,57247.5
16501,2868000,16570,57309.8125
16502,2868000,16600,57327.21875
16503,2868000,16630,57310.09375
16504,2868000,16660,57316.40625
16505,2868000,16690,56841.203125
16506,2868000,16720,57326.984375
16507,2868000,16750,57250.09375
16508,2868000,16780,57303.109375
16509,2868000,16810,57284.796875
16510,2868000,16840,57341.984375
16511,2868000,16870,57335.609375
16512,2868000,16900,57343.5
16513,2868000,16930,57179.609375
16514,2868000,16960,57232.6875
16515,2868000,16990,56788.5
16516,2868000,17020,57347.09375
16517,2868000,17050,57348.40625
16518,2868000,17080,57382.609375
16519,2868000,17110,57384.109375
16520,2868000,17140,57254.1875
16521,2868000,17170,57338.515625
16522,2868000,17200,57313.1875
16523,2868000,17230,57329.796875
16524,2868000,17260,56833.609375
16525,2868000,17290,57351.3125
16526,2868000,17320,57347.703125
16527,2868000,17350,57329.109375
16528,2868000,17380,57260.6875
16529,2868000,17410,57201.390625
16530,2868000,17440,57291.5
16531,2868000,17470,57379.796875
16532,2868000,17500,57439.703125
16533,2868000,17530,57317.703125
16534,2868000,17560,57307.0
16535,2868000,17590,57232.1875
16536,2868000,17620,56800.890625
16537,2868000,17650,57378.796875
16538,2868000,17680,57400.890625
16539,2868000,17710,57349.5
16540,2868000,17740,57298.890625
16541,2868000,17770,57278.390625
16542,2868000,17800,57335.796875
16543,2868000,17830,57392.5
16544,2868000,17860,57399.796875
16545,2868000,17890,56940.296875
16546,2868000,17920,57350.703125
16547,2868000,17950,57347.515625
16548,2868000,17980,57387.203125
16549,2868000,18010,57384.296875
16550,2868000,18040,57292.390625
16551,2868000,18070,57270.515625
16552,2868000,18100,57341.78125
16553,2868000,18130,57420.390625
16554,2868000,18160,57391.796875
16555,2868000,18190,57346.59375
16556,2868000,18220,57330.90625
16557,2868000,18250,56736.890625
16558,2868000,18280,57342.09375
16559,2868000,18310,57392.484375
16560,2868000,18340,57427.296875
16561,2868000,18370,57318.09375
16562,2868000,18400,57258.296875
16563,2868000,18430,57199.890625
16564,2868000,18460,57327.703125
16565,2868000,18490,57320.796875
16566,2868000,18520,56904.796875
16567,2868000,18550,57320.609375
16568,2868000,18580,57330.203125
16569,2868000,18610,57335.109375
16570,2868000,18640,57398.609375
16571,2868000,18670,57350.71875
16572,2868000,18700,57337.515625
16573,2868000,18730,57315.890625
16574,2868000,18760,57326.109375
16575,2868000,18790,57303.796875
16576,2868000,18820,56929.59375
16577,2868000,18850,57354.015625
16578,2868000,18880,57304.09375
16579,2868000,18910,57245.5
16580,2868000,18940,57281.0
16581,2868000,18970,57415.890625
16582,2868000,19000,57439.09375
16583,2868000,19030,57381.1875
16584,2868000,19060,57303.5
16585,2868000,19090,57277.5
16586,2868000,19120,57323.1875
16587,2868000,19150,57397.09375
16588,2868000,19180,56926.296875
16589,2868000,19210,57412.484375
16590,2868000,19240,57299.5
16591,2868000,19270,57268.3125
16592,2868000,19300,57349.203125
16593,2868000,19330,57361.296875
16594,2868000,19360,57408.5
16595,2868000,19390,57365.40625
16596,2868000,19420,57320.78125
16597,2868000,19450,56862.40625
16598,2868000,19480,57337.8125
16599,2868000,19510,57350.5
16600,2868000,19540,57389.703125
16601,2868000,19570,57309.0
16602,2868000,19600,57329.296875
16603,2868000,19630,57387.984375
16604,2868000,19660,57415.90625
16605,2868000,19690,57406.09375
16606,2868000,19720,57358.59375
16607,2868000,19750,57328.59375
16608,2868000,19780,57345.59375
16609,2868000,19810,56907.984375
16610,2868000,19840,57363.203125
16611,2868000,19870,57417.203125
16612,2868000,19900,57329.515625
16613,2868000,19930,57330.5
16614,2868000,19960,57359.890625
16615,2868000,19990,57322.484375
16616,2868000,20020,57452.203125
16617,2868000,20050,57401.90625
16618,2868000,20080,57355.015625
16619,2868000,20110,57346.390625
16620,2868000,20140,56832.703125
16621,2868000,20170,57295.28125
16622,2868000,20200,57346.1875
16623,2868000,20230,57404.109375
16624,2868000,20260,57362.90625
16625,2868000,20290,57328.0
16626,2868000,20320,57342.796875
16627,2868000,20350,57338.0
16628,2868000,20380,57360.71875
16629,2868000,20410,57421.40625
16630,2868000,20440,56893.5
16631,2868000,20470,57349.796875
16632,2868000,20500,57341.203125
16633,2868000,20530,57329.0
16634,2868000,20560,57381.09375
16635,2868000,20590,57353.09375
16636,2868000,20620,57350.0
16637,2868000,20650,57357.390625
16638,2868000,20680,57352.09375
16639,2868000,20710,56964.28125
16640,2868000,20740,57416.5
16641,2868000,20770,57344.109375
16642,2868000,20800,57358.890625
16643,2868000,20830,57307.890625
16644,2868000,20860,57332.890625
16645,2868000,20890,57324.203125
16646,2868000,20920,57381.28125
16647,2868000,20950,57372.5
16648,2868000,20980,57218.203125
16649,2868000,21010,57288.703125
16650,2868000,21040,57400.5
16651,2868000,21070,56888.09375
16652,2868000,21100,57326.109375
16653,2868000,21130,57366.109375
16654,2868000,21160,57332.8125
16655,2868000,21190,57440.40625
16656,2868000,21220,57359.09375
16657,2868000,21250,57377.28125
16658,2868000,21280,57351.796875
16659,2868000,21310,57304.09375
16660,2868000,21340,57354.203125
16661,2868000,21370,56938.796875
16662,2868000,21400,57415.90625
16663,2868000,21430,57344.109375
16664,2868000,21460,57345.703125
16665,2868000,21490,57262.40625
16666,2868000,21520,57349.78125
16667,2868000,21550,57419.609375
16668,2868000,21580,57443.3125
16669,2868000,21610,57390.1875
16670,2868000,21640,56870.1875
16671,2868000,21670,57391.71875
16672,2868000,21700,57270.484375
16673,2868000,21730,57394.390625
16674,2868000,21760,57359.3125
16675,2868000,21790,57427.609375
16676,2868000,21820,57424.609375
16677,2868000,21850,57338.8125
16678,2868000,21880,57311.90625
16679,2868000,21910,57353.296875
16680,2868000,21940,57296.59375
16681,2868000,21970,57417.390625
16682,2868000,22000,56927.390625
16683,2868000,22030,57344.296875
16684,2868000,22060,57343.09375
16685,2868000,22090,57299.984375
16686,2868000,22120,57317.5
16687,2868000,22150,57395.296875
16688,2868000,22180,57333.90625
16689,2868000,22210,57414.703125
16690,2868000,22240,57374.0
16691,2868000,22270,56885.3125
16692,2868000,22300,57361.109375
16693,2868000,22330,57355.5
16694,2868000,22360,57333.015625
16695,2868000,22390,57343.8125
16696,2868000,22420,57457.984375
16697,2868000,22450,57345.90625
16698,2868000,22480,57394.8125
16699,2868000,22510,57365.0
16700,2868000,22540,57342.203125
16701,2868000,22570,57364.390625
16702,2868000,22600,57391.703125
16703,2868000,22630,56938.390625
16704,2868000,22660,57395.40625
16705,2868000,22690,57362.609375
16706,2868000,22720,57313.09375
16707,2868000,22750,57378.296875
16708,2868000,22780,57426.390625
16709,2868000,22810,57345.09375
16710,2868000,22840,57419.703125
16711,2868000,22870,57390.3125
16712,2868000,22900,56871.5
16713,2868000,22930,57442.703125
16714,2868000,22960,57314.6875
16715,2868000,22990,57349.09375
16716,2868000,23020,57370.90625
16717,2868000,23050,57378.40625
16718,2868000,23080,57390.390625
16719,2868000,23110,57377.3125
16720,2868000,23140,57378.1875
16721,2868000,23170,57338.296875
16722,2868000,23200,57343.90625
16723,2868000,23230,57366.59375
16724,2868000,23260,56889.3125
16725,2868000,23290,57412.59375
16726,2868000,23320,57431.609375
16727,2868000,23350,57341.703125
16728,2868000,23380,57384.609375
16729,2868000,23410,57378.0
16730,2868000,23440,57384.203125
16731,2868000,23470,57432.78125
16732,2868000,23500,57356.5
16733,2868000,23530,56803.0
16734,2868000,23560,57323.40625
16735,2868000,23590,57474.40625
16736,2868000,23620,57429.109375
16737,2868000,23650,57409.1875
16738,2868000,23680,57387.203125
16739,2868000,23710,57394.09375
16740,2868000,23740,57449.0
16741,2868000,23770,57336.5
16742,2868000,23800,57359.0
16743,2868000,23830,57374.40625
16744,2868000,23860,57299.09375
16745,2868000,23890,57361.6875
16746,2868000,23920,56888.3125
16747,2868000,23950,57407.390625
16748,2868000,23980,57330.71875
16749,2868000,24010,57359.0
16750,2868000,24040,57368.390625
16751,2868000,24070,57325.40625
16752,2868000,24100,57355.40625
16753,2868000,24130,57341.71875
16754,2868000,24160,57410.796875
16755,2868000,24190,56867.09375
16756,2868000,24220,57362.09375
16757,2868000,24250,57309.09375
16758,2868000,24280,57378.71875
16759,2868000,24310,57368.296875
16760,2868000,24340,57372.8125
16761,2868000,24370,57373.3125
16762,2868000,24400,57362.59375
16763,2868000,24430,57388.609375
16764,2868000,24460,56879.5
16765,2868000,24490,57363.5
16766,2868000,24520,57339.5
16767,2868000,24550,57305.0
16768,2868000,24580,57374.21875
16769,2868000,24610,57298.8125
16770,2868000,24640,57322.09375
16771,2868000,24670,57352.09375
16772,2868000,24700,57347.40625
16773,2868000,24730,57331.1875
16774,2868000,24760,57426.09375
16775,2868000,24790,57374.90625
16776,2868000,24820,56899.90625
16777,2868000,24850,57353.890625
16778,2868000,24880,57426.5
16779,2868000,24910,57369.890625
16780,2868000,24940,57359.71875
16781,2868000,24970,57402.515625
16782,2868000,25000,57404.890625
16783,2868000,25030,57381.0
16784,2868000,25060,57342.890625
16785,2868000,25090,57389.09375
16786,2868000,25120,56907.3125
16787,2868000,25150,57380.09375
16788,2868000,25180,57368.40625
16789,2868000,25210,57368.203125
16790,2868000,25240,57410.484375
16791,2868000,25270,57392.09375
16792,2868000,25300,57331.8125
16793,2868000,25330,57365.203125
16794,2868000,25360,57420.59375
16795,2868000,25390,56916.3125
16796,2868000,25420,57417.109375
16797,2868000,25450,57320.109375
16798,2868000,25480,57284.8125
16799,2868000,25510,57375.984375
16800,2868000,25540,57383.0
16801,2868000,25570,57370.5
16802,2868000,25600,57334.515625
16803,2868000,25630,57329.890625
16804,2868000,25660,57375.6875
16805,2868000,25690,57428.40625
16806,2868000,25720,57392.09375
16807,2868000,25750,56890.484375
16808,2868000,25780,57405.78125
16809,2868000,25810,57409.0
16810,2868000,25840,57391.59375
16811,2868000,25870,57447.40625
16812,2868000,25900,57390.390625
16813,2868000,25930,57369.984375
16814,2868000,25960,57356.109375
16815,2868000,25990,57407.21875
16816,2868000,26020,57377.28125
16817,2868000,26050,57398.71875
16818,2868000,26080,57419.8125
16819,2868000,26110,56865.90625
16820,2868000,26140,57359.390625
16821,2868000,26170,57406.09375
16822,2868000,26200,57451.5
16823,2868000,26230,57406.71875
16824,2868000,26260,57374.390625
16825,2868000,26290,57388.40625
16826,2868000,26320,57342.796875
16827,2868000,26350,57421.0
16828,2868000,26380,56866.5
16829,2868000,26410,57340.1875
16830,2868000,26440,57383.90625
16831,2868000,26470,57408.09375
16832,2868000,26500,57345.59375
16833,2868000,26530,57441.40625
16834,2868000,26560,57374.09375
16835,2868000,26590,57335.59375
16836,2868000,26620,57357.5
16837,2868000,26650,56903.90625
16838,2868000,26680,57394.40625
16839,2868000,26710,57413.40625
16840,2868000,26740,57397.390625
16841,2868000,26770,57359.6875
16842,2868000,26800,57423.390625
16843,2868000,26830,57364.59375
16844,2868000,26860,57406.796875
16845,2868000,26890,57376.796875
16846,2868000,26920,57419.40625
16847,2868000,26950,57410.015625
16848,2868000,26980,57334.09375
16849,2868000,27010,56899.8125
16850,2868000,27040,57357.609375
16851,2868000,27070,57334.09375
16852,2868000,27100,57373.3125
16853,2868000,27130,57373.90625
16854,2868000,27160,57414.59375
16855,2868000,27190,57419.0
16856,2868000,27220,57360.609375
16857,2868000,27250,57373.40625
16858,2868000,27280,56852.515625
16859,2868000,27310,57400.6875
16860,2868000,27340,57433.890625
16861,2868000,27370,57387.5
16862,2868000,27400,57385.8125
16863,2868000,27430,57396.984375
16864,2868000,27460,57410.703125
16865,2868000,27490,57371.0
16866,2868000,27520,57379.59375
16867,2868000,27550,57341.90625
16868,2868000,27580,57384.296875
16869,2868000,27610,57349.703125
16870,2868000,27640,56964.40625
16871,2868000,27670,57333.609375
16872,2868000,27700,57411.5
16873,2868000,27730,57371.78125
16874,2868000,27760,57371.90625
16875,2868000,27790,57384.109375
16876,2868000,27820,57386.09375
16877,2868000,27850,57345.390625
16878,2868000,27880,57362.484375
16879,2868000,27910,57374.3125
16880,2868000,27940,56931.5
16881,2868000,27970,57426.203125
16882,2868000,28000,57427.890625
16883,2868000,28030,57405.09375
16884,2868000,28060,57320.515625
16885,2868000,28090,57408.90625
16886,2868000,28120,57449.09375
16887,2868000,28150,57366.109375
16888,2868000,28180,57352.890625
16889,2868000,28210,56871.5
16890,2868000,28240,57385.515625
16891,2868000,28270,57396.3125
16892,2868000,28300,57368.015625
16893,2868000,28330,57417.796875
16894,2868000,28360,57434.609375
16895,2868000,28390,57369.515625
16896,2868000,28420,57383.59375
16897,2868000,28450,57370.796875
16898,2868000,28480,57396.3125
16899,2868000,28510,57418.5
16900,2868000,28540,57366.3125
16901,2868000,28570,57391.609375
16902,2868000,28600,56916.90625
16903,2868000,28630,57413.90625
16904,2868000,28660,57413.28125
16905,2868000,28690,57395.6875
16906,2868000,28720,57389.703125
16907,2868000,28750,57440.796875
16908,2868000,28780,57384.796875
16909,2868000,28810,57400.90625
16910,2868000,28840,57380.390625
16911,2868000,28870,57395.796875
16912,2868000,28900,56880.09375
16913,2868000,28930,57365.0
16914,2868000,28960,57350.5
16915,2868000,28990,57403.90625
16916,2868000,29020,57356.8125
16917,2868000,29050,57353.390625
16918,2868000,29080,57395.21875
16919,2868000,29110,57439.109375
16920,2868000,29140,57382.609375
16921,2868000,29170,57431.90625
16922,2868000,29200,56870.203125
16923,2868000,29230,57437.609375
16924,2868000,29260,57384.1875
16925,2868000,29290,57327.203125
16926,2868000,29320,57416.3125
16927,2868000,29350,57326.6875
16928,2868000,29380,57384.390625
16929,2868000,29410,57405.90625
16930,2868000,29440,57418.703125
16931,2868000,29470,56931.59375
16932,2868000,29500,57408.5
16933,2868000,29530,57440.6875
16934,2868000,29560,57402.6875
16935,2868000,29590,57375.59375
16936,2868000,29620,57406.984375
16937,2868000,29650,57396.5
16938,2868000,29680,57450.890625
16939,2868000,29710,57416.703125
16940,2868000,29740,57348.09375
16941,2868000,29770,57391.703125
16942,2868000,29800,57404.6875
16943,2868000,29830,56965.890625
16944,2868000,29860,57420.40625
16945,2868000,29890,57405.59375
16946,2868000,29920,57378.796875
16947,2868000,29950,57329.484375
16948,2868000,29980,57336.890625
16949,2868500,100,12910.40625
16950,2868500,130,60977.09375
16951,2868500,160,60004.484375
16952,2868500,190,58245.796875
16953,2868500,220,52026.8125
16954,2868500,250,55566.09375
16955,2868500,280,58725.296875
16956,2868500,310,60000.0
16957,2868500,340,56285.0
16958,2868500,370,49838.5
16959,2868500,400,51309.1875
16960,2868500,430,56005.28125
16961,2868500,460,56484.296875
16962,2868500,490,56839.890625
16963,2868500,520,55710.21875
16964,2868500,550,56233.59375
16965,2868500,580,59020.59375
16966,2868500,610,59045.90625
16967,2868500,640,57371.390625
16968,2868500,670,51673.109375
16969,2868500,700,49724.015625
16970,2868500,730,53230.296875
16971,2868500,760,56419.90625
16972,2868500,790,57871.890625
16973,2868500,820,56661.59375
16974,2868500,850,54036.59375
16975,2868500,880,53769.484375
16976,2868500,910,56890.40625
16977,2868500,940,59204.40625
16978,2868500,970,58256.515625
16979,2868500,1000,56733.984375
16980,2868500,1030,54169.5
16981,2868500,1060,53605.09375
16982,2868500,1090,54682.28125
16983,2868500,1120,55853.28125
16984,2868500,1150,56597.109375
16985,2868500,1180,56641.515625
16986,2868500,1210,57276.203125
16987,2868500,1240,56789.703125
16988,2868500,1270,57198.09375
16989,2868500,1300,56426.28125
16990,2868500,1330,55239.40625
16991,2868500,1360,55648.8125
16992,2868500,1390,56280.6875
16993,2868500,1420,56388.90625
16994,2868500,1450,56247.40625
16995,2868500,1480,55339.40625
16996,2868500,1510,54466.09375
16997,2868500,1540,55065.890625
16998,2868500,1570,57139.40625
16999,2868500,1600,57785.890625
17000,2868500,1630,57815.78125
17001,2868500,1660,56908.796875
17002,2868500,1690,55958.40625
17003,2868500,1720,55542.6875
17004,2868500,1750,55177.5
17005,2868500,1780,55839.796875
17006,2868500,1810,56677.984375
17007,2868500,1840,56721.203125
17008,2868500,1870,56875.1875
17009,2868500,1900,55873.6875
17010,2868500,1930,55621.109375
17011,2868500,1960,55636.6875
17012,2868500,1990,56578.796875
17013,2868500,2020,57504.09375
17014,2868500,2050,57845.390625
17015,2868500,2080,56900.296875
17016,2868500,2110,55197.5
17017,2868500,2140,54826.484375
17018,2868500,2170,55248.40625
17019,2868500,2200,56623.59375
17020,2868500,2230,57454.390625
17021,2868500,2260,56855.8125
17022,2868500,2290,55872.6875
17023,2868500,2320,55752.8125
17024,2868500,2350,56509.890625
17025,2868500,2380,57103.09375
17026,2868500,2410,56753.40625
17027,2868500,2440,56255.28125
17028,2868500,2470,56114.0
17029,2868500,2500,56515.21875
17030,2868500,2530,56791.40625
17031,2868500,2560,57155.796875
17032,2868500,2590,55956.21875
17033,2868500,2620,55102.5
17034,2868500,2650,55517.59375
17035,2868500,2680,56741.609375
17036,2868500,2710,57816.3125
17037,2868500,2740,57197.296875
17038,2868500,2770,55623.0
17039,2868500,2800,54435.8125
17040,2868500,2830,55724.984375
17041,2868500,2860,57144.59375
17042,2868500,2890,58162.78125
17043,2868500,2920,57549.40625
17044,2868500,2950,55651.1875
17045,2868500,2980,54847.5
17046,2868500,3010,55533.3125
17047,2868500,3040,56707.109375
17048,2868500,3070,57322.78125
17049,2868500,3100,56804.109375
17050,2868500,3130,55927.203125
17051,2868500,3160,55353.90625
17052,2868500,3190,56688.703125
17053,2868500,3220,57608.390625
17054,2868500,3250,57380.109375
17055,2868500,3280,56513.1875
17056,2868500,3310,55864.484375
17057,2868500,3340,56106.890625
17058,2868500,3370,56621.203125
17059,2868500,3400,56904.984375
17060,2868500,3430,56292.59375
17061,2868500,3460,55215.1875
17062,2868500,3490,55836.3125
17063,2868500,3520,56622.40625
17064,2868500,3550,57748.203125
17065,2868500,3580,57797.1875
17066,2868500,3610,56683.796875
17067,2868500,3640,55988.90625
17068,2868500,3670,56009.6875
17069,2868500,3700,56252.90625
17070,2868500,3730,56737.890625
17071,2868500,3760,56714.90625
17072,2868500,3790,55390.109375
17073,2868500,3820,55534.8125
17074,2868500,3850,56270.40625
17075,2868500,3880,57071.09375
17076,2868500,3910,57543.40625
17077,2868500,3940,57200.90625
17078,2868500,3970,56718.109375
17079,2868500,4000,56463.796875
17080,2868500,4030,56549.78125
17081,2868500,4060,56597.203125
17082,2868500,4090,55977.609375
17083,2868500,4120,56179.203125
17084,2868500,4150,55811.984375
17085,2868500,4180,56123.3125
17086,2868500,4210,56888.203125
17087,2868500,4240,57104.390625
17088,2868500,4270,57082.0
17089,2868500,4300,57058.6875
17090,2868500,4330,56901.484375
17091,2868500,4360,56395.796875
17092,2868500,4390,56790.28125
17093,2868500,4420,56542.21875
17094,2868500,4450,56133.703125
17095,2868500,4480,55941.8125
17096,2868500,4510,56156.59375
17097,2868500,4540,56680.40625
17098,2868500,4570,56895.78125
17099,2868500,4600,56936.0
17100,2868500,4630,57001.59375
17101,2868500,4660,56961.6875
17102,2868500,4690,56904.90625
17103,2868500,4720,56592.90625
17104,2868500,4750,56913.296875
17105,2868500,4780,56520.90625
17106,2868500,4810,56194.890625
17107,2868500,4840,56039.296875
17108,2868500,4870,56214.203125
17109,2868500,4900,56538.203125
17110,2868500,4930,56832.90625
17111,2868500,4960,57061.59375
17112,2868500,4990,56737.390625
17113,2868500,5020,56959.1875
17114,2868500,5050,56922.984375
17115,2868500,5080,56826.6875
17116,2868500,5110,56581.015625
17117,2868500,5140,56634.6875
17118,2868500,5170,56603.515625
17119,2868500,5200,56490.5
17120,2868500,5230,56441.390625
17121,2868500,5260,56441.0
17122,2868500,5290,56672.796875
17123,2868500,5320,56866.1875
17124,2868500,5350,57153.296875
17125,2868500,5380,56742.109375
17126,2868500,5410,57272.5
17127,2868500,5440,57026.796875
17128,2868500,5470,56610.390625
17129,2868500,5500,56395.984375
17130,2868500,5530,56218.296875
17131,2868500,5560,56363.21875
17132,2868500,5590,56790.28125
17133,2868500,5620,56481.40625
17134,2868500,5650,56867.203125
17135,2868500,5680,56696.984375
17136,2868500,5710,56645.09375
17137,2868500,5740,56756.484375
17138,2868500,5770,57078.015625
17139,2868500,5800,57296.09375
17140,2868500,5830,57048.59375
17141,2868500,5860,56680.5
17142,2868500,5890,56280.515625
17143,2868500,5920,55725.40625
17144,2868500,5950,56525.8125
17145,2868500,5980,56875.203125
17146,2868500,6010,56927.0
17147,2868500,6040,57002.0
17148,2868500,6070,56978.90625
17149,2868500,6100,56951.890625
17150,2868500,6130,56945.890625
17151,2868500,6160,56824.21875
17152,2868500,6190,56657.703125
17153,2868500,6220,56669.484375
17154,2868500,6250,56842.109375
17155,2868500,6280,56559.28125
17156,2868500,6310,56825.6875
17157,2868500,6340,56460.890625
17158,2868500,6370,56317.484375
17159,2868500,6400,56523.28125
17160,2868500,6430,57082.90625
17161,2868500,6460,57457.984375
17162,2868500,6490,57363.796875
17163,2868500,6520,56913.40625
17164,2868500,6550,55825.21875
17165,2868500,6580,56225.0
17166,2868500,6610,56763.6875
17167,2868500,6640,57129.40625
17168,2868500,6670,57131.78125
17169,2868500,6700,56799.90625
17170,2868500,6730,56588.1875
17171,2868500,6760,56478.703125
17172,2868500,6790,56792.0
17173,2868500,6820,57077.203125
17174,2868500,6850,57063.703125
17175,2868500,6880,56903.6875
17176,2868500,6910,56477.390625
17177,2868500,6940,56968.09375
17178,2868500,6970,56870.59375
17179,2868500,7000,56748.90625
17180,2868500,7030,56537.5
17181,2868500,7060,56620.28125
17182,2868500,7090,57003.40625
17183,2868500,7120,57279.1875
17184,2868500,7150,57239.609375
17185,2868500,7180,56342.015625
17186,2868500,7210,56362.109375
17187,2868500,7240,56392.296875
17188,2868500,7270,56869.21875
17189,2868500,7300,57369.90625
17190,2868500,7330,57506.59375
17191,2868500,7360,57156.0
17192,2868500,7390,56628.3125
17193,2868500,7420,56343.59375
17194,2868500,7450,56583.90625
17195,2868500,7480,56991.0
17196,2868500,7510,57246.3125
17197,2868500,7540,56704.40625
17198,2868500,7570,56923.390625
17199,2868500,7600,56719.59375
17200,2868500,7630,56709.3125
17201,2868500,7660,56778.796875
17202,2868500,7690,56983.40625
17203,2868500,7720,57072.09375
17204,2868500,7750,57145.09375
17205,2868500,7780,57047.6875
17206,2868500,7810,56407.0
17207,2868500,7840,56691.796875
17208,2868500,7870,56596.1875
17209,2868500,7900,56787.609375
17210,2868500,7930,57038.1875
17211,2868500,7960,57145.984375
17212,2868500,7990,57247.390625
17213,2868500,8020,57087.90625
17214,2868500,8050,56808.703125
17215,2868500,8080,56762.390625
17216,2868500,8110,56283.28125
17217,2868500,8140,56910.203125
17218,2868500,8170,57095.21875
17219,2868500,8200,57141.59375
17220,2868500,8230,57026.0
17221,2868500,8260,56804.015625
17222,2868500,8290,56553.390625
17223,2868500,8320,56592.1875
17224,2868500,8350,57043.203125
17225,2868500,8380,57319.1875
17226,2868500,8410,57419.390625
17227,2868500,8440,57193.296875
17228,2868500,8470,56224.1875
17229,2868500,8500,56381.6875
17230,2868500,8530,56641.40625
17231,2868500,8560,57087.59375
17232,2868500,8590,57299.3125
17233,2868500,8620,57233.90625
17234,2868500,8650,56776.71875
17235,2868500,8680,56669.6875
17236,2868500,8710,56864.484375
17237,2868500,8740,56574.796875
17238,2868500,8770,57312.6875
17239,2868500,8800,57187.8125
17240,2868500,8830,56916.8125
17241,2868500,8860,56968.1875
17242,2868500,8890,56958.09375
17243,2868500,8920,56958.609375
17244,2868500,8950,56787.90625
17245,2868500,8980,56680.0
17246,2868500,9010,56773.296875
17247,2868500,9040,57187.203125
17248,2868500,9070,57489.390625
17249,2868500,9100,57370.09375
17250,2868500,9130,56407.90625
17251,2868500,9160,56522.390625
17252,2868500,9190,56615.015625
17253,2868500,9220,57160.71875
17254,2868500,9250,57516.515625
17255,2868500,9280,57282.1875
17256,2868500,9310,56789.0
17257,2868500,9340,56381.09375
17258,2868500,9370,56153.203125
17259,2868500,9400,57063.0
17260,2868500,9430,57519.3125
17261,2868500,9460,57431.8125
17262,2868500,9490,56992.109375
17263,2868500,9520,56718.59375
17264,2868500,9550,56885.5
17265,2868500,9580,57093.09375
17266,2868500,9610,57127.6875
17267,2868500,9640,56999.1875
17268,2868500,9670,56745.90625
17269,2868500,9700,56856.890625
17270,2868500,9730,56734.703125
17271,2868500,9760,57319.6875
17272,2868500,9790,57145.09375
17273,2868500,9820,56902.890625
17274,2868500,9850,56778.6875
17275,2868500,9880,57021.609375
17276,2868500,9910,57366.1875
17277,2868500,9940,57398.28125
17278,2868500,9970,57018.0
17279,2868500,10000,56123.1875
17280,2868500,10030,56536.59375
17281,2868500,10060,56860.21875
17282,2868500,10090,57437.1875
17283,2868500,10120,57535.59375
17284,2868500,10150,57184.1875
17285,2868500,10180,56831.8125
17286,2868500,10210,56697.28125
17287,2868500,10240,56956.609375
17288,2868500,10270,57286.8125
17289,2868500,10300,56795.90625
17290,2868500,10330,56968.28125
17291,2868500,10360,56873.890625
17292,2868500,10390,56742.890625
17293,2868500,10420,57020.40625
17294,2868500,10450,57169.59375
17295,2868500,10480,57172.71875
17296,2868500,10510,57008.015625
17297,2868500,10540,56969.5
17298,2868500,10570,57097.21875
17299,2868500,10600,57228.484375
17300,2868500,10630,57107.296875
17301,2868500,10660,56969.21875
17302,2868500,10690,56334.90625
17303,2868500,10720,56887.09375
17304,2868500,10750,57123.5
17305,2868500,10780,57225.0
17306,2868500,10810,57185.296875
17307,2868500,10840,57046.203125
17308,2868500,10870,56921.40625
17309,2868500,10900,56956.015625
17310,2868500,10930,56701.5
17311,2868500,10960,57284.6875
17312,2868500,10990,57228.78125
17313,2868500,11020,57004.109375
17314,2868500,11050,56861.703125
17315,2868500,11080,56900.8125
17316,2868500,11110,56991.390625
17317,2868500,11140,57122.203125
17318,2868500,11170,57226.296875
17319,2868500,11200,57155.09375
17320,2868500,11230,57083.0
17321,2868500,11260,57067.296875
17322,2868500,11290,56580.09375
17323,2868500,11320,57083.6875
17324,2868500,11350,57047.296875
17325,2868500,11380,57129.09375
17326,2868500,11410,57093.59375
17327,2868500,11440,56976.609375
17328,2868500,11470,57032.40625
17329,2868500,11500,57079.40625
17330,2868500,11530,57115.6875
17331,2868500,11560,56624.6875
17332,2868500,11590,57125.8125
17333,2868500,11620,57096.59375
17334,2868500,11650,57167.90625
17335,2868500,11680,57109.1875
17336,2868500,11710,57105.890625
17337,2868500,11740,57122.015625
17338,2868500,11770,56972.40625
17339,2868500,11800,57082.59375
17340,2868500,11830,57142.0
17341,2868500,11860,57221.28125
17342,2868500,11890,57223.390625
17343,2868500,11920,56601.5
17344,2868500,11950,57029.59375
17345,2868500,11980,57015.703125
17346,2868500,12010,57151.5
17347,2868500,12040,57222.8125
17348,2868500,12070,57214.40625
17349,2868500,12100,57051.796875
17350,2868500,12130,57018.609375
17351,2868500,12160,56969.5
17352,2868500,12190,56686.6875
17353,2868500,12220,57239.6875
17354,2868500,12250,57101.90625
17355,2868500,12280,57090.6875
17356,2868500,12310,57023.8125
17357,2868500,12340,57132.609375
17358,2868500,12370,57268.09375
17359,2868500,12400,57178.703125
17360,2868500,12430,57071.890625
17361,2868500,12460,57035.109375
17362,2868500,12490,56566.5
17363,2868500,12520,57179.515625
17364,2868500,12550,57274.6875
17365,2868500,12580,57155.296875
17366,2868500,12610,57012.90625
17367,2868500,12640,56978.0
17368,2868500,12670,57042.609375
17369,2868500,12700,57278.90625
17370,2868500,12730,57243.109375
17371,2868500,12760,57174.796875
17372,2868500,12790,57082.6875
17373,2868500,12820,56568.5
17374,2868500,12850,57069.109375
17375,2868500,12880,57162.1875
17376,2868500,12910,57177.71875
17377,2868500,12940,57108.296875
17378,2868500,12970,57049.703125
17379,2868500,13000,57033.09375
17380,2868500,13030,57180.484375
17381,2868500,13060,57312.40625
17382,2868500,13090,57125.6875
17383,2868500,13120,56549.09375
17384,2868500,13150,57065.0
17385,2868500,13180,57186.78125
17386,2868500,13210,57280.09375
17387,2868500,13240,57280.203125
17388,2868500,13270,57039.90625
17389,2868500,13300,56970.40625
17390,2868500,13330,56979.390625
17391,2868500,13360,57128.59375
17392,2868500,13390,57259.40625
17393,2868500,13420,57281.3125
17394,2868500,13450,57185.390625
17395,2868500,13480,56563.3125
17396,2868500,13510,57062.78125
17397,2868500,13540,57199.609375
17398,2868500,13570,57196.609375
17399,2868500,13600,57236.6875
17400,2868500,13630,57128.59375
17401,2868500,13660,57093.984375
17402,2868500,13690,57116.90625
17403,2868500,13720,57183.109375
17404,2868500,13750,56684.515625
17405,2868500,13780,57144.203125
17406,2868500,13810,57137.59375
17407,2868500,13840,57208.09375
17408,2868500,13870,57247.3125
17409,2868500,13900,57763.09375
17410,2868500,13930,57071.609375
17411,2868500,13960,57075.40625
17412,2868500,13990,57051.890625
17413,2868500,14020,57146.796875
17414,2868500,14050,57211.90625
17415,2868500,14080,57292.0
17416,2868500,14110,57233.6875
17417,2868500,14140,57014.59375
17418,2868500,14170,57119.0
17419,2868500,14200,57170.203125
17420,2868500,14230,56778.5
17421,2868500,14260,57284.703125
17422,2868500,14290,57184.40625
17423,2868500,14320,57144.796875
17424,2868500,14350,57089.015625
17425,2868500,14380,57133.703125
17426,2868500,14410,57101.609375
17427,2868500,14440,57202.3125
17428,2868500,14470,57216.8125
17429,2868500,14500,57301.09375
17430,2868500,14530,57261.0
17431,2868500,14560,57205.3125
17432,2868500,14590,56703.109375
17433,2868500,14620,57084.515625
17434,2868500,14650,57157.703125
17435,2868500,14680,57259.09375
17436,2868500,14710,57206.8125
17437,2868500,14740,57276.796875
17438,2868500,14770,57084.71875
17439,2868500,14800,57063.984375
17440,2868500,14830,57114.40625
17441,2868500,14860,57270.09375
17442,2868500,14890,56861.609375
17443,2868500,14920,57294.09375
17444,2868500,14950,57234.28125
17445,2868500,14980,57107.984375
17446,2868500,15010,57120.296875
17447,2868500,15040,57238.890625
17448,2868500,15070,57203.609375
17449,2868500,15100,57181.40625
17450,2868500,15130,57146.6875
17451,2868500,15160,56699.703125
17452,2868500,15190,57230.40625
17453,2868500,15220,57175.1875
17454,2868500,15250,57201.09375
17455,2868500,15280,57120.71875
17456,2868500,15310,57218.5
17457,2868500,15340,57270.0
17458,2868500,15370,57280.890625
17459,2868500,15400,57196.984375
17460,2868500,15430,57033.90625
17461,2868500,15460,57045.796875
17462,2868500,15490,57132.296875
17463,2868500,15520,56764.90625
17464,2868500,15550,57321.0
17465,2868500,15580,57260.609375
17466,2868500,15610,57123.8125
17467,2868500,15640,57149.09375
17468,2868500,15670,57112.8125
17469,2868500,15700,57190.609375
17470,2868500,15730,57244.296875
17471,2868500,15760,57252.59375
17472,2868500,15790,56691.8125
17473,2868500,15820,57150.1875
17474,2868500,15850,57147.0
17475,2868500,15880,57154.40625
17476,2868500,15910,57170.109375
17477,2868500,15940,57212.90625
17478,2868500,15970,57233.59375
17479,2868500,16000,57275.3125
17480,2868500,16030,57250.09375
17481,2868500,16060,57191.71875
17482,2868500,16090,57095.8125
17483,2868500,16120,57129.203125
17484,2868500,16150,56729.90625
17485,2868500,16180,57266.28125
17486,2868500,16210,57262.78125
17487,2868500,16240,57240.3125
17488,2868500,16270,57076.5
17489,2868500,16300,57096.609375
17490,2868500,16330,57185.609375
17491,2868500,16360,57227.203125
17492,2868500,16390,57341.28125
17493,2868500,16420,56739.0
17494,2868500,16450,57186.0
17495,2868500,16480,57104.71875
17496,2868500,16510,57190.796875
17497,2868500,16540,57174.21875
17498,2868500,16570,57232.28125
17499,2868500,16600,57297.703125
17500,2868500,16630,57234.90625
17501,2868500,16660,57231.8125
17502,2868500,16690,57174.796875
17503,2868500,16720,57224.90625
17504,2868500,16750,57163.6875
17505,2868500,16780,56727.71875
17506,2868500,16810,57370.984375
17507,2868500,16840,57386.09375
17508,2868500,16870,57237.109375
17509,2868500,16900,57189.484375
17510,2868500,16930,57113.40625
17511,2868500,16960,57139.59375
17512,2868500,16990,57204.40625
17513,2868500,17020,57242.390625
17514,2868500,17050,57275.5
17515,2868500,17080,56691.8125
17516,2868500,17110,57161.484375
17517,2868500,17140,57197.90625
17518,2868500,17170,57171.21875
17519,2868500,17200,57208.3125
17520,2868500,17230,57281.984375
17521,2868500,17260,57252.0
17522,2868500,17290,57293.203125
17523,2868500,17320,57266.40625
17524,2868500,17350,56644.703125
17525,2868500,17380,57153.390625
17526,2868500,17410,57215.09375
17527,2868500,17440,57326.90625
17528,2868500,17470,57365.09375
17529,2868500,17500,57307.296875
17530,2868500,17530,57199.484375
17531,2868500,17560,57170.90625
17532,2868500,17590,57152.703125
17533,2868500,17620,57336.015625
17534,2868500,17650,57334.6875
17535,2868500,17680,57317.71875
17536,2868500,17710,56733.796875
17537,2868500,17740,57255.09375
17538,2868500,17770,57175.59375
17539,2868500,17800,57273.890625
17540,2868500,17830,57286.3125
17541,2868500,17860,57268.390625
17542,2868500,17890,57219.71875
17543,2868500,17920,57227.59375
17544,2868500,17950,57280.8125
17545,2868500,17980,56774.609375
17546,2868500,18010,57202.984375
17547,2868500,18040,57206.1875
17548,2868500,18070,57170.3125
17549,2868500,18100,57249.6875
17550,2868500,18130,57349.78125
17551,2868500,18160,57263.109375
17552,2868500,18190,57193.59375
17553,2868500,18220,57196.3125
17554,2868500,18250,57187.40625
17555,2868500,18280,57259.609375
17556,2868500,18310,57383.09375
17557,2868500,18340,56786.296875
17558,2868500,18370,57130.78125
17559,2868500,18400,57064.515625
17560,2868500,18430,57210.0
17561,2868500,18460,57301.59375
17562,2868500,18490,57298.8125
17563,2868500,18520,57290.09375
17564,2868500,18550,57217.890625
17565,2868500,18580,57215.203125
17566,2868500,18610,56789.109375
17567,2868500,18640,57310.71875
17568,2868500,18670,57284.203125
17569,2868500,18700,57209.796875
17570,2868500,18730,57199.296875
17571,2868500,18760,57256.09375
17572,2868500,18790,57321.1875
17573,2868500,18820,57269.8125
17574,2868500,18850,57263.203125
17575,2868500,18880,57151.984375
17576,2868500,18910,57278.484375
17577,2868500,18940,57294.109375
17578,2868500,18970,56808.09375
17579,2868500,19000,57339.390625
17580,2868500,19030,57239.984375
17581,2868500,19060,57142.890625
17582,2868500,19090,57162.109375
17583,2868500,19120,57234.78125
17584,2868500,19150,57323.203125
17585,2868500,19180,57311.890625
17586,2868500,19210,57177.0
17587,2868500,19240,56726.609375
17588,2868500,19270,57273.5
17589,2868500,19300,57276.09375
17590,2868500,19330,57293.296875
17591,2868500,19360,57277.890625
17592,2868500,19390,57244.984375
17593,2868500,19420,57246.09375
17594,2868500,19450,57243.5
17595,2868500,19480,57222.5
17596,2868500,19510,57216.390625
17597,2868500,19540,56723.109375
17598,2868500,19570,57223.28125
17599,2868500,19600,57219.3125
17600,2868500,19630,57259.109375
17601,2868500,19660,57267.59375
17602,2868500,19690,57223.90625
17603,2868500,19720,57222.703125
17604,2868500,19750,57251.296875
17605,2868500,19780,57245.09375
17606,2868500,19810,57253.09375
17607,2868500,19840,57300.890625
17608,2868500,19870,57305.390625
17609,2868500,19900,56772.515625
17610,2868500,19930,57221.484375
17611,2868500,19960,57229.203125
17612,2868500,19990,57269.5
17613,2868500,20020,57288.203125
17614,2868500,20050,57298.90625
17615,2868500,20080,57250.515625
17616,2868500,20110,57234.3125
17617,2868500,20140,57204.984375
17618,2868500,20170,56842.890625
17619,2868500,20200,57278.890625
17620,2868500,20230,57336.5
17621,2868500,20260,57198.109375
17622,2868500,20290,57254.703125
17623,2868500,20320,57297.890625
17624,2868500,20350,57304.609375
17625,2868500,20380,57310.0
17626,2868500,20410,57280.703125
17627,2868500,20440,57282.390625
17628,2868500,20470,57247.21875
17629,2868500,20500,57341.5
17630,2868500,20530,56757.40625
17631,2868500,20560,57151.390625
17632,2868500,20590,57272.21875
17633,2868500,20620,57199.6875
17634,2868500,20650,57238.890625
17635,2868500,20680,57352.09375
17636,2868500,20710,57339.8125
17637,2868500,20740,57278.21875
17638,2868500,20770,57271.5
17639,2868500,20800,56787.3125
17640,2868500,20830,57244.5
17641,2868500,20860,57282.609375
17642,2868500,20890,57328.390625
17643,2868500,20920,57274.59375
17644,2868500,20950,57218.609375
17645,2868500,20980,57232.609375
17646,2868500,21010,57213.90625
17647,2868500,21040,57345.59375
17648,2868500,21070,57326.40625
17649,2868500,21100,57286.28125
17650,2868500,21130,57295.3125
17651,2868500,21160,56827.390625
17652,2868500,21190,57274.296875
17653,2868500,21220,57261.984375
17654,2868500,21250,57279.09375
17655,2868500,21280,57287.203125
17656,2868500,21310,57277.890625
17657,2868500,21340,57325.28125
17658,2868500,21370,57323.09375
17659,2868500,21400,57311.3125
17660,2868500,21430,56782.203125
17661,2868500,21460,57258.59375
17662,2868500,21490,57265.703125
17663,2868500,21520,57298.703125
17664,2868500,21550,57333.59375
17665,2868500,21580,57308.09375
17666,2868500,21610,57260.90625
17667,2868500,21640,57205.78125
17668,2868500,21670,57223.609375
17669,2868500,21700,57246.71875
17670,2868500,21730,56853.796875
17671,2868500,21760,57322.703125
17672,2868500,21790,57291.71875
17673,2868500,21820,57245.390625
17674,2868500,21850,57274.40625
17675,2868500,21880,57279.3125
17676,2868500,21910,57376.71875
17677,2868500,21940,57255.21875
17678,2868500,21970,57287.78125
17679,2868500,22000,57210.59375
17680,2868500,22030,57240.109375
17681,2868500,22060,57256.5
17682,2868500,22090,56729.40625
17683,2868500,22120,57295.0
17684,2868500,22150,57264.109375
17685,2868500,22180,57316.78125
17686,2868500,22210,57310.90625
17687,2868500,22240,57329.40625
17688,2868500,22270,57306.09375
17689,2868500,22300,57275.40625
17690,2868500,22330,57231.59375
17691,2868500,22360,56794.1875
17692,2868500,22390,57308.59375
17693,2868500,22420,57306.515625
17694,2868500,22450,57255.015625
17695,2868500,22480,57279.703125
17696,2868500,22510,57293.390625
17697,2868500,22540,57316.109375
17698,2868500,22570,57333.390625
17699,2868500,22600,57308.40625
17700,2868500,22630,57288.90625
17701,2868500,22660,57292.09375
17702,2868500,22690,57250.515625
17703,2868500,22720,57340.78125
17704,2868500,22750,56793.0
17705,2868500,22780,57339.09375
17706,2868500,22810,57291.5
17707,2868500,22840,57328.515625
17708,2868500,22870,57287.90625
17709,2868500,22900,57301.09375
17710,2868500,22930,57278.609375
17711,2868500,22960,57387.390625
17712,2868500,22990,56764.5
17713,2868500,23020,57280.0
17714,2868500,23050,57307.40625
17715,2868500,23080,57334.40625
17716,2868500,23110,57264.890625
17717,2868500,23140,57212.203125
17718,2868500,23170,57248.59375
17719,2868500,23200,57266.609375
17720,2868500,23230,57354.5
17721,2868500,23260,57314.609375
17722,2868500,23290,57309.796875
17723,2868500,23320,57324.09375
17724,2868500,23350,56717.90625
17725,2868500,23380,57310.59375
17726,2868500,23410,57375.0
17727,2868500,23440,57322.8125
17728,2868500,23470,57321.609375
17729,2868500,23500,57250.0
17730,2868500,23530,57289.8125
17731,2868500,23560,57321.984375
17732,2868500,23590,57285.390625
17733,2868500,23620,56863.703125
17734,2868500,23650,57281.28125
17735,2868500,23680,57234.71875
17736,2868500,23710,57334.109375
17737,2868500,23740,57317.1875
17738,2868500,23770,57282.109375
17739,2868500,23800,57289.5
17740,2868500,23830,57274.984375
17741,2868500,23860,57305.703125
17742,2868500,23890,57329.890625
17743,2868500,23920,56869.484375
17744,2868500,23950,57249.90625
17745,2868500,23980,57283.5
17746,2868500,24010,57257.59375
17747,2868500,24040,57296.0
17748,2868500,24070,57295.5
17749,2868500,24100,57312.203125
17750,2868500,24130,57303.203125
17751,2868500,24160,57301.609375
17752,2868500,24190,57209.796875
17753,2868500,24220,57334.71875
17754,2868500,24250,56759.59375
17755,2868500,24280,57367.90625
17756,2868500,24310,57286.390625
17757,2868500,24340,57328.796875
17758,2868500,24370,57371.40625
17759,2868500,24400,57282.59375
17760,2868500,24430,57265.796875
17761,2868500,24460,57305.8125
17762,2868500,24490,57262.796875
17763,2868500,24520,57366.40625
17764,2868500,24550,56823.21875
17765,2868500,24580,57247.296875
17766,2868500,24610,57240.609375
17767,2868500,24640,57289.109375
17768,2868500,24670,57308.6875
17769,2868500,24700,57336.390625
17770,2868500,24730,57289.1875
17771,2868500,24760,57317.203125
17772,2868500,24790,57316.6875
17773,2868500,24820,57190.1875
17774,2868500,24850,57320.984375
17775,2868500,24880,57254.390625
17776,2868500,24910,56788.09375
17777,2868500,24940,57313.703125
17778,2868500,24970,57330.984375
17779,2868500,25000,57322.390625
17780,2868500,25030,57313.71875
17781,2868500,25060,57249.890625
17782,2868500,25090,57271.71875
17783,2868500,25120,57291.3125
17784,2868500,25150,57300.3125
17785,2868500,25180,56909.609375
17786,2868500,25210,57266.703125
17787,2868500,25240,57196.5
17788,2868500,25270,57188.390625
17789,2868500,25300,57317.703125
17790,2868500,25330,57319.3125
17791,2868500,25360,57340.390625
17792,2868500,25390,57329.609375
17793,2868500,25420,57278.40625
17794,2868500,25450,57249.984375
17795,2868500,25480,57267.203125
17796,2868500,25510,57318.71875
17797,2868500,25540,56747.8125
17798,2868500,25570,57271.90625
17799,2868500,25600,57273.21875
17800,2868500,25630,57206.1875
17801,2868500,25660,57301.609375
17802,2868500,25690,57313.203125
17803,2868500,25720,57266.203125
17804,2868500,25750,57269.015625
17805,2868500,25780,57285.109375
17806,2868500,25810,56794.28125
17807,2868500,25840,57374.90625
17808,2868500,25870,57216.3125
17809,2868500,25900,57247.109375
17810,2868500,25930,57302.8125
17811,2868500,25960,57258.984375
17812,2868500,25990,57359.609375
17813,2868500,26020,57295.390625
17814,2868500,26050,57275.90625
17815,2868500,26080,57253.984375
17816,2868500,26110,57272.015625
17817,2868500,26140,57244.203125
17818,2868500,26170,56829.6875
17819,2868500,26200,57327.5
17820,2868500,26230,57238.0
17821,2868500,26260,57305.296875
17822,2868500,26290,57345.1875
17823,2868500,26320,57320.40625
17824,2868500,26350,57248.59375
17825,2868500,26380,57237.90625
17826,2868500,26410,57261.484375
17827,2868500,26440,57237.59375
17828,2868500,26470,56794.1875
17829,2868500,26500,57317.796875
17830,2868500,26530,57329.890625
17831,2868500,26560,57233.78125
17832,2868500,26590,57242.78125
17833,2868500,26620,57298.5
17834,2868500,26650,57242.59375
17835,2868500,26680,57272.609375
17836,2868500,26710,57315.703125
17837,2868500,26740,56771.78125
17838,2868500,26770,57283.59375
17839,2868500,26800,57318.09375
17840,2868500,26830,57299.3125
17841,2868500,26860,57318.59375
17842,2868500,26890,57320.40625
17843,2868500,26920,57270.59375
17844,2868500,26950,57274.609375
17845,2868500,26980,57270.296875
17846,2868500,27010,57286.484375
17847,2868500,27040,57234.5
17848,2868500,27070,57305.015625
17849,2868500,27100,56839.6875
17850,2868500,27130,57294.0
17851,2868500,27160,57246.40625
17852,2868500,27190,57289.703125
17853,2868500,27220,57252.1875
17854,2868500,27250,57315.390625
17855,2868500,27280,57310.109375
17856,2868500,27310,57283.890625
17857,2868500,27340,57280.890625
17858,2868500,27370,56833.09375
17859,2868500,27400,57305.296875
17860,2868500,27430,57249.703125
17861,2868500,27460,57336.109375
17862,2868500,27490,57290.484375
17863,2868500,27520,57272.5
17864,2868500,27550,57289.203125
17865,2868500,27580,57311.5
17866,2868500,27610,57336.703125
17867,2868500,27640,57257.40625
17868,2868500,27670,57251.09375
17869,2868500,27700,57263.1875
17870,2868500,27730,57312.890625
17871,2868500,27760,56813.09375
17872,2868500,27790,57351.28125
17873,2868500,27820,57259.1875
17874,2868500,27850,57218.90625
17875,2868500,27880,57339.0
17876,2868500,27910,57254.21875
17877,2868500,27940,57318.609375
17878,2868500,27970,57281.609375
17879,2868500,28000,56755.5
17880,2868500,28030,57298.796875
17881,2868500,28060,57360.1875
17882,2868500,28090,57297.890625
17883,2868500,28120,57273.09375
17884,2868500,28150,57271.8125
17885,2868500,28180,57253.78125
17886,2868500,28210,57326.703125
17887,2868500,28240,57289.09375
17888,2868500,28270,57300.890625
17889,2868500,28300,57255.0
17890,2868500,28330,57295.703125
17891,2868500,28360,56834.703125
17892,2868500,28390,57336.8125
17893,2868500,28420,57306.5
17894,2868500,28450,57317.609375
17895,2868500,28480,57291.90625
17896,2868500,28510,57314.3125
17897,2868500,28540,57282.5
17898,2868500,28570,57354.5
17899,2868500,28600,57263.3125
17900,2868500,28630,57298.3125
17901,2868500,28660,56755.90625
17902,2868500,28690,57275.78125
17903,2868500,28720,57290.90625
17904,2868500,28750,57338.09375
17905,2868500,28780,57273.5
17906,2868500,28810,57307.90625
17907,2868500,28840,57239.1875
17908,2868500,28870,57300.0
17909,2868500,28900,57277.515625
17910,2868500,28930,56791.484375
17911,2868500,28960,57265.203125
17912,2868500,28990,57286.59375
17913,2868500,29020,57247.59375
17914,2868500,29050,57335.203125
17915,2868500,29080,57277.8125
17916,2868500,29110,57275.71875
17917,2868500,29140,57324.484375
17918,2868500,29170,57263.296875
17919,2868500,29200,57319.40625
17920,2868500,29230,57282.40625
17921,2868500,29260,57297.390625
17922,2868500,29290,57311.703125
17923,2868500,29320,56693.40625
17924,2868500,29350,57370.203125
17925,2868500,29380,57343.484375
17926,2868500,29410,57275.90625
17927,2868500,29440,57279.1875
17928,2868500,29470,57283.71875
17929,2868500,29500,57236.78125
17930,2868500,29530,57265.28125
17931,2868500,29560,56776.0
17932,2868500,29590,57310.109375
17933,2868500,29620,57329.296875
17934,2868500,29650,57261.40625
17935,2868500,29680,57238.109375
17936,2868500,29710,57289.5
17937,2868500,29740,57242.609375
17938,2868500,29770,57246.609375
17939,2868500,29800,57246.796875
17940,2868500,29830,57300.015625
17941,2868500,29860,57282.71875
17942,2868500,29890,57264.890625
17943,2868500,29920,56801.109375
17944,2868500,29950,57272.40625
17945,2868500,29980,57283.71875
17946,2869000,100,12604.375
17947,2869000,130,59597.015625
17948,2869000,160,58963.40625
17949,2869000,190,57295.90625
17950,2869000,220,51135.0
17951,2869000,250,54712.984375
17952,2869000,280,57218.40625
17953,2869000,310,59035.90625
17954,2869000,340,55873.5
17955,2869000,370,48867.28125
17956,2869000,400,50512.78125
17957,2869000,430,55087.5
17958,2869000,460,55625.390625
17959,2869000,490,55893.0
17960,2869000,520,54790.78125
17961,2869000,550,55434.484375
17962,2869000,580,57653.78125
17963,2869000,610,58560.796875
17964,2869000,640,56412.6875
17965,2869000,670,50724.40625
17966,2869000,700,48917.890625
17967,2869000,730,52578.6875
17968,2869000,760,55687.09375
17969,2869000,790,57108.109375
17970,2869000,820,55805.703125
17971,2869000,850,52604.890625
17972,2869000,880,52953.5
17973,2869000,910,56180.796875
17974,2869000,940,58312.609375
17975,2869000,970,57752.6875
17976,2869000,1000,55715.890625
17977,2869000,1030,53329.40625
17978,2869000,1060,52766.1875
17979,2869000,1090,53891.8125
17980,2869000,1120,55138.609375
17981,2869000,1150,55697.8125
17982,2869000,1180,55825.90625
17983,2869000,1210,56410.90625
17984,2869000,1240,55944.6875
17985,2869000,1270,56227.390625
17986,2869000,1300,55376.09375
17987,2869000,1330,54373.890625
17988,2869000,1360,54806.203125
17989,2869000,1390,55448.6875
17990,2869000,1420,55524.109375
17991,2869000,1450,55403.984375
17992,2869000,1480,53848.5
17993,2869000,1510,53707.09375
17994,2869000,1540,54885.40625
17995,2869000,1570,56430.984375
17996,2869000,1600,56977.796875
17997,2869000,1630,56952.5
17998,2869000,1660,55839.296875
17999,2869000,1690,55027.203125
18000,2869000,1720,54608.203125
18001,2869000,1750,54419.890625
18002,2869000,1780,55114.796875
18003,2869000,1810,55870.109375
18004,2869000,1840,55511.796875
18005,2869000,1870,56026.703125
18006,2869000,1900,55441.1875
18007,2869000,1930,54733.78125
18008,2869000,1960,54797.6875
18009,2869000,1990,55795.515625
18010,2869000,2020,56770.28125
18011,2869000,2050,56823.78125
18012,2869000,2080,55824.8125
18013,2869000,2110,54179.3125
18014,2869000,2140,53544.0
18015,2869000,2170,54984.796875
18016,2869000,2200,55976.5
18017,2869000,2230,56448.890625
18018,2869000,2260,55837.796875
18019,2869000,2290,54964.3125
18020,2869000,2320,54977.28125
18021,2869000,2350,55756.78125
18022,2869000,2380,56260.109375
18023,2869000,2410,55342.296875
18024,2869000,2440,55373.6875
18025,2869000,2470,55215.90625
18026,2869000,2500,55844.40625
18027,2869000,2530,56391.09375
18028,2869000,2560,56273.3125
18029,2869000,2590,54917.90625
18030,2869000,2620,54234.09375
18031,2869000,2650,54832.109375
18032,2869000,2680,56126.09375
18033,2869000,2710,56966.296875
18034,2869000,2740,56113.8125
18035,2869000,2770,54010.203125
18036,2869000,2800,54085.296875
18037,2869000,2830,55143.390625
18038,2869000,2860,56565.5
18039,2869000,2890,57323.609375
18040,2869000,2920,56410.296875
18041,2869000,2950,54563.6875
18042,2869000,2980,54002.59375
18043,2869000,3010,54980.390625
18044,2869000,3040,55547.703125
18045,2869000,3070,56414.09375
18046,2869000,3100,55755.703125
18047,2869000,3130,54940.203125
18048,2869000,3160,55092.21875
18049,2869000,3190,56031.5
18050,2869000,3220,56813.3125
18051,2869000,3250,56319.890625
18052,2869000,3280,55473.3125
18053,2869000,3310,54952.09375
18054,2869000,3340,55269.390625
18055,2869000,3370,55880.40625
18056,2869000,3400,55528.3125
18057,2869000,3430,55245.3125
18058,2869000,3460,54794.203125
18059,2869000,3490,55180.59375
18060,2869000,3520,56030.09375
18061,2869000,3550,57010.015625
18062,2869000,3580,56763.015625
18063,2869000,3610,55601.296875
18064,2869000,3640,54989.78125
18065,2869000,3670,54779.609375
18066,2869000,3700,55652.890625
18067,2869000,3730,55935.5
18068,2869000,3760,55809.984375
18069,2869000,3790,54950.1875
18070,2869000,3820,54857.90625
18071,2869000,3850,55665.28125
18072,2869000,3880,56437.5
18073,2869000,3910,56637.203125
18074,2869000,3940,56263.5
18075,2869000,3970,55814.0
18076,2869000,4000,55633.984375
18077,2869000,4030,55216.59375
18078,2869000,4060,55721.40625
18079,2869000,4090,55542.390625
18080,2869000,4120,55241.109375
18081,2869000,4150,55042.59375
18082,2869000,4180,55548.59375
18083,2869000,4210,56137.390625
18084,2869000,4240,56291.40625
18085,2869000,4270,56169.28125
18086,2869000,4300,56129.515625
18087,2869000,4330,55543.6875
18088,2869000,4360,55956.3125
18089,2869000,4390,55881.609375
18090,2869000,4420,55542.78125
18091,2869000,4450,55192.3125
18092,2869000,4480,55031.296875
18093,2869000,4510,55417.71875
18094,2869000,4540,55932.609375
18095,2869000,4570,56167.3125
18096,2869000,4600,55591.3125
18097,2869000,4630,56108.59375
18098,2869000,4660,56013.40625
18099,2869000,4690,56065.609375
18100,2869000,4720,56245.09375
18101,2869000,4750,55973.890625
18102,2869000,4780,55567.0
18103,2869000,4810,55281.203125
18104,2869000,4840,55190.515625
18105,2869000,4870,55421.0
18106,2869000,4900,55760.703125
18107,2869000,4930,56045.09375
18108,2869000,4960,55891.0
18109,2869000,4990,56351.5
18110,2869000,5020,56048.1875
18111,2869000,5050,56022.59375
18112,2869000,5080,55950.40625
18113,2869000,5110,55675.21875
18114,2869000,5140,55774.0
18115,2869000,5170,55704.609375
18116,2869000,5200,55587.1875
18117,2869000,5230,55547.109375
18118,2869000,5260,55207.71875
18119,2869000,5290,55818.703125
18120,2869000,5320,56104.984375
18121,2869000,5350,56266.59375
18122,2869000,5380,56419.5
18123,2869000,5410,56340.28125
18124,2869000,5440,56055.796875
18125,2869000,5470,55643.5
18126,2869000,5500,55504.515625
18127,2869000,5530,55360.8125
18128,2869000,5560,55645.90625
18129,2869000,5590,55521.890625
18130,2869000,5620,56138.0
18131,2869000,5650,56041.5
18132,2869000,5680,55823.0
18133,2869000,5710,55823.90625
18134,2869000,5740,56010.296875
18135,2869000,5770,56330.8125
18136,2869000,5800,56411.796875
18137,2869000,5830,56122.984375
18138,2869000,5860,55239.28125
18139,2869000,5890,55399.109375
18140,2869000,5920,55434.390625
18141,2869000,5950,55801.0
18142,2869000,5980,56057.203125
18143,2869000,6010,56096.90625
18144,2869000,6040,56185.5
18145,2869000,6070,56106.109375
18146,2869000,6100,56083.5
18147,2869000,6130,55987.5
18148,2869000,6160,55832.296875
18149,2869000,6190,55776.40625
18150,2869000,6220,55381.484375
18151,2869000,6250,56089.484375
18152,2869000,6280,56140.09375
18153,2869000,6310,55918.8125
18154,2869000,6340,55503.90625
18155,2869000,6370,55538.703125
18156,2869000,6400,55804.8125
18157,2869000,6430,56420.59375
18158,2869000,6460,56663.203125
18159,2869000,6490,56378.59375
18160,2869000,6520,55313.5
18161,2869000,6550,55289.09375
18162,2869000,6580,55519.09375
18163,2869000,6610,56074.8125
18164,2869000,6640,56394.90625
18165,2869000,6670,56235.1875
18166,2869000,6700,55921.90625
18167,2869000,6730,55760.09375
18168,2869000,6760,55680.296875
18169,2869000,6790,55530.28125
18170,2869000,6820,56251.90625
18171,2869000,6850,56140.59375
18172,2869000,6880,56008.59375
18173,2869000,6910,55989.6875
18174,2869000,6940,56122.21875
18175,2869000,6970,56035.109375
18176,2869000,7000,55822.6875
18177,2869000,7030,55737.609375
18178,2869000,7060,55851.203125
18179,2869000,7090,56163.40625
18180,2869000,7120,56404.390625
18181,2869000,7150,55848.09375
18182,2869000,7180,55828.703125
18183,2869000,7210,55544.703125
18184,2869000,7240,55557.40625
18185,2869000,7270,56156.703125
18186,2869000,7300,56469.59375
18187,2869000,7330,56468.6875
18188,2869000,7360,56162.09375
18189,2869000,7390,55619.78125
18190,2869000,7420,55113.8125
18191,2869000,7450,55887.40625
18192,2869000,7480,56319.984375
18193,2869000,7510,56385.890625
18194,2869000,7540,56296.203125
18195,2869000,7570,55922.21875
18196,2869000,7600,55862.984375
18197,2869000,7630,55885.203125
18198,2869000,7660,56035.21875
18199,2869000,7690,56254.8125
18200,2869000,7720,56246.984375
18201,2869000,7750,56260.390625
18202,2869000,7780,55733.5
18203,2869000,7810,55989.609375
18204,2869000,7840,55842.40625
18205,2869000,7870,55815.796875
18206,2869000,7900,55997.609375
18207,2869000,7930,56177.5
18208,2869000,7960,56352.59375
18209,2869000,7990,56271.3125
18210,2869000,8020,56136.09375
18211,2869000,8050,55551.8125
18212,2869000,8080,55902.59375
18213,2869000,8110,55974.515625
18214,2869000,8140,56283.40625
18215,2869000,8170,56226.40625
18216,2869000,8200,56283.484375
18217,2869000,8230,56096.90625
18218,2869000,8260,55841.0
18219,2869000,8290,55647.203125
18220,2869000,8320,55917.203125
18221,2869000,8350,56232.890625
18222,2869000,8380,56563.78125
18223,2869000,8410,56077.390625
18224,2869000,8440,56212.5
18225,2869000,8470,55748.09375
18226,2869000,8500,55676.59375
18227,2869000,8530,55999.890625
18228,2869000,8560,56311.59375
18229,2869000,8590,56447.90625
18230,2869000,8620,56170.390625
18231,2869000,8650,55864.6875
18232,2869000,8680,55836.09375
18233,2869000,8710,56104.390625
18234,2869000,8740,55908.796875
18235,2869000,8770,56395.8125
18236,2869000,8800,56191.5
18237,2869000,8830,56059.90625
18238,2869000,8860,56091.5
18239,2869000,8890,56150.296875
18240,2869000,8920,56098.09375
18241,2869000,8950,55912.59375
18242,2869000,8980,55855.28125
18243,2869000,9010,56118.609375
18244,2869000,9040,55944.1875
18245,2869000,9070,56556.40625
18246,2869000,9100,56426.0
18247,2869000,9130,55906.5
18248,2869000,9160,55622.0
18249,2869000,9190,56044.515625
18250,2869000,9220,56460.203125
18251,2869000,9250,56646.21875
18252,2869000,9280,56356.90625
18253,2869000,9310,55787.203125
18254,2869000,9340,55111.015625
18255,2869000,9370,55980.5
18256,2869000,9400,56437.8125
18257,2869000,9430,56686.59375
18258,2869000,9460,56411.3125
18259,2869000,9490,55962.703125
18260,2869000,9520,55875.40625
18261,2869000,9550,56114.59375
18262,2869000,9580,56276.09375
18263,2869000,9610,55767.609375
18264,2869000,9640,56150.984375
18265,2869000,9670,55938.796875
18266,2869000,9700,56140.40625
18267,2869000,9730,56432.78125
18268,2869000,9760,56438.40625
18269,2869000,9790,56207.8125
18270,2869000,9820,56011.609375
18271,2869000,9850,56070.515625
18272,2869000,9880,56344.90625
18273,2869000,9910,56580.1875
18274,2869000,9940,56303.703125
18275,2869000,9970,55886.390625
18276,2869000,10000,55196.609375
18277,2869000,10030,55918.90625
18278,2869000,10060,56322.59375
18279,2869000,10090,56682.40625
18280,2869000,10120,56540.390625
18281,2869000,10150,56084.703125
18282,2869000,10180,55796.5
18283,2869000,10210,56066.984375
18284,2869000,10240,55806.390625
18285,2869000,10270,56469.890625
18286,2869000,10300,56300.78125
18287,2869000,10330,55990.296875
18288,2869000,10360,55859.609375
18289,2869000,10390,56093.515625
18290,2869000,10420,56234.71875
18291,2869000,10450,56350.21875
18292,2869000,10480,56286.203125
18293,2869000,10510,56139.515625
18294,2869000,10540,56214.78125
18295,2869000,10570,56341.5
18296,2869000,10600,55910.1875
18297,2869000,10630,56216.984375
18298,2869000,10660,56000.8125
18299,2869000,10690,56019.390625
18300,2869000,10720,56205.015625
18301,2869000,10750,56373.5
18302,2869000,10780,56326.09375
18303,2869000,10810,56253.390625
18304,2869000,10840,56068.71875
18305,2869000,10870,56126.3125
18306,2869000,10900,55779.0
18307,2869000,10930,56406.984375
18308,2869000,10960,56369.609375
18309,2869000,10990,56179.796875
18310,2869000,11020,56115.6875
18311,2869000,11050,56067.90625
18312,2869000,11080,56183.703125
18313,2869000,11110,56259.703125
18314,2869000,11140,56389.3125
18315,2869000,11170,55833.203125
18316,2869000,11200,56275.90625
18317,2869000,11230,56108.390625
18318,2869000,11260,56213.5
18319,2869000,11290,56253.8125
18320,2869000,11320,56242.21875
18321,2869000,11350,56313.6875
18322,2869000,11380,56208.109375
18323,2869000,11410,56192.09375
18324,2869000,11440,56185.796875
18325,2869000,11470,56236.390625
18326,2869000,11500,56242.59375
18327,2869000,11530,55854.59375
18328,2869000,11560,56258.0
18329,2869000,11590,56282.5
18330,2869000,11620,56303.796875
18331,2869000,11650,56361.09375
18332,2869000,11680,56345.40625
18333,2869000,11710,56260.890625
18334,2869000,11740,56155.796875
18335,2869000,11770,56172.40625
18336,2869000,11800,55803.109375
18337,2869000,11830,56321.203125
18338,2869000,11860,56379.40625
18339,2869000,11890,56267.90625
18340,2869000,11920,56141.8125
18341,2869000,11950,56170.890625
18342,2869000,11980,56235.890625
18343,2869000,12010,56386.390625
18344,2869000,12040,56386.09375
18345,2869000,12070,56244.703125
18346,2869000,12100,56188.0
18347,2869000,12130,56204.015625
18348,2869000,12160,55807.21875
18349,2869000,12190,56321.703125
18350,2869000,12220,56318.90625
18351,2869000,12250,56194.890625
18352,2869000,12280,56137.5
18353,2869000,12310,56271.203125
18354,2869000,12340,56383.8125
18355,2869000,12370,56425.09375
18356,2869000,12400,56375.28125
18357,2869000,12430,55696.015625
18358,2869000,12460,56160.8125
18359,2869000,12490,56301.5
18360,2869000,12520,56374.703125
18361,2869000,12550,56343.5
18362,2869000,12580,56235.40625
18363,2869000,12610,56133.984375
18364,2869000,12640,56167.40625
18365,2869000,12670,56416.40625
18366,2869000,12700,56413.296875
18367,2869000,12730,56338.09375
18368,2869000,12760,56308.0
18369,2869000,12790,55744.5
18370,2869000,12820,56255.796875
18371,2869000,12850,56324.109375
18372,2869000,12880,56439.09375
18373,2869000,12910,56227.28125
18374,2869000,12940,56201.5
18375,2869000,12970,56215.21875
18376,2869000,13000,56253.984375
18377,2869000,13030,56408.203125
18378,2869000,13060,55824.5
18379,2869000,13090,56251.1875
18380,2869000,13120,56193.8125
18381,2869000,13150,56301.59375
18382,2869000,13180,56449.484375
18383,2869000,13210,56389.703125
18384,2869000,13240,56350.015625
18385,2869000,13270,56204.40625
18386,2869000,13300,56088.984375
18387,2869000,13330,56303.609375
18388,2869000,13360,55891.109375
18389,2869000,13390,56497.015625
18390,2869000,13420,56375.5
18391,2869000,13450,56280.109375
18392,2869000,13480,56186.703125
18393,2869000,13510,56257.0
18394,2869000,13540,56351.6875
18395,2869000,13570,56372.0
18396,2869000,13600,56265.203125
18397,2869000,13630,56253.59375
18398,2869000,13660,56261.1875
18399,2869000,13690,56296.796875
18400,2869000,13720,55827.09375
18401,2869000,13750,56354.90625
18402,2869000,13780,56352.0
18403,2869000,13810,56312.015625
18404,2869000,13840,56453.703125
18405,2869000,13870,56435.71875
18406,2869000,13900,56351.609375
18407,2869000,13930,56251.109375
18408,2869000,13960,56162.3125
18409,2869000,13990,56252.6875
18410,2869000,14020,56439.3125
18411,2869000,14050,55990.21875
18412,2869000,14080,56362.21875
18413,2869000,14110,56293.8125
18414,2869000,14140,56250.796875
18415,2869000,14170,56341.609375
18416,2869000,14200,56367.0
18417,2869000,14230,56428.59375
18418,2869000,14260,56373.8125
18419,2869000,14290,56254.90625
18420,2869000,14320,56251.40625
18421,2869000,14350,55761.0
18422,2869000,14380,56308.109375
18423,2869000,14410,56380.3125
18424,2869000,14440,56352.0
18425,2869000,14470,56367.1875
18426,2869000,14500,56386.40625
18427,2869000,14530,56355.40625
18428,2869000,14560,56305.203125
18429,2869000,14590,56245.09375
18430,2869000,14620,55856.515625
18431,2869000,14650,56384.0
18432,2869000,14680,56418.390625
18433,2869000,14710,56372.109375
18434,2869000,14740,56261.90625
18435,2869000,14770,56156.59375
18436,2869000,14800,56249.71875
18437,2869000,14830,56370.390625
18438,2869000,14860,56485.203125
18439,2869000,14890,56490.203125
18440,2869000,14920,56322.09375
18441,2869000,14950,56286.09375
18442,2869000,14980,55791.609375
18443,2869000,15010,56281.890625
18444,2869000,15040,56384.40625
18445,2869000,15070,56365.40625
18446,2869000,15100,56353.5
18447,2869000,15130,56326.109375
18448,2869000,15160,56350.09375
18449,2869000,15190,56353.109375
18450,2869000,15220,56353.78125
18451,2869000,15250,55882.3125
18452,2869000,15280,56369.890625
18453,2869000,15310,56479.703125
18454,2869000,15340,56442.78125
18455,2869000,15370,56341.8125
18456,2869000,15400,56266.09375
18457,2869000,15430,56245.40625
18458,2869000,15460,56273.796875
18459,2869000,15490,56404.3125
18460,2869000,15520,56482.109375
18461,2869000,15550,56000.90625
18462,2869000,15580,56338.3125
18463,2869000,15610,56234.40625
18464,2869000,15640,56214.90625
18465,2869000,15670,56450.59375
18466,2869000,15700,56474.90625
18467,2869000,15730,56417.890625
18468,2869000,15760,56379.890625
18469,2869000,15790,56271.0
18470,2869000,15820,56295.5
18471,2869000,15850,56376.5
18472,2869000,15880,56383.390625
18473,2869000,15910,55909.015625
18474,2869000,15940,56448.984375
18475,2869000,15970,56400.203125
18476,2869000,16000,56406.5
18477,2869000,16030,56345.8125
18478,2869000,16060,56295.09375
18479,2869000,16090,56296.484375
18480,2869000,16120,56353.5
18481,2869000,16150,56493.59375
18482,2869000,16180,55982.6875
18483,2869000,16210,56359.71875
18484,2869000,16240,56292.609375
18485,2869000,16270,56253.09375
18486,2869000,16300,56389.609375
18487,2869000,16330,56378.1875
18488,2869000,16360,56496.40625
18489,2869000,16390,56471.09375
18490,2869000,16420,56363.0
18491,2869000,16450,56274.59375
18492,2869000,16480,56319.609375
18493,2869000,16510,56378.40625
18494,2869000,16540,55912.296875
18495,2869000,16570,56488.890625
18496,2869000,16600,56376.40625
18497,2869000,16630,56387.90625
18498,2869000,16660,56407.6875
18499,2869000,16690,56353.90625
18500,2869000,16720,56307.890625
18501,2869000,16750,56418.5
18502,2869000,16780,56494.203125
18503,2869000,16810,55966.015625
18504,2869000,16840,56442.3125
18505,2869000,16870,56293.40625
18506,2869000,16900,56316.1875
18507,2869000,16930,56340.703125
18508,2869000,16960,56441.09375
18509,2869000,16990,56412.609375
18510,2869000,17020,56374.59375
18511,2869000,17050,56378.390625
18512,2869000,17080,56371.296875
18513,2869000,17110,56334.5
18514,2869000,17140,56400.90625
18515,2869000,17170,55874.515625
18516,2869000,17200,56383.1875
18517,2869000,17230,56385.890625
18518,2869000,17260,56419.984375
18519,2869000,17290,56397.90625
18520,2869000,17320,56302.390625
18521,2869000,17350,56283.203125
18522,2869000,17380,56329.09375
18523,2869000,17410,56457.8125
18524,2869000,17440,56011.703125
18525,2869000,17470,56431.71875
18526,2869000,17500,56313.390625
18527,2869000,17530,56280.5
18528,2869000,17560,56320.796875
18529,2869000,17590,56403.296875
18530,2869000,17620,56425.203125
18531,2869000,17650,56426.90625
18532,2869000,17680,56373.59375
18533,2869000,17710,56317.984375
18534,2869000,17740,56366.78125
18535,2869000,17770,56403.796875
18536,2869000,17800,55950.6875
18537,2869000,17830,56391.8125
18538,2869000,17860,56817.5
18539,2869000,17890,56421.5
18540,2869000,17920,56407.390625
18541,2869000,17950,56443.28125
18542,2869000,17980,56432.6875
18543,2869000,18010,56300.796875
18544,2869000,18040,56368.109375
18545,2869000,18070,56444.90625
18546,2869000,18100,56444.59375
18547,2869000,18130,56505.609375
18548,2869000,18160,56344.296875
18549,2869000,18190,56329.5
18550,2869000,18220,55838.5
18551,2869000,18250,56459.609375
18552,2869000,18280,56440.8125
18553,2869000,18310,56481.5
18554,2869000,18340,56350.796875
18555,2869000,18370,56308.1875
18556,2869000,18400,56300.5
18557,2869000,18430,56408.609375
18558,2869000,18460,56449.203125
18559,2869000,18490,56435.609375
18560,2869000,18520,56355.40625
18561,2869000,18550,56366.90625
18562,2869000,18580,55933.90625
18563,2869000,18610,56421.90625
18564,2869000,18640,56390.015625
18565,2869000,18670,56430.09375
18566,2869000,18700,56347.71875
18567,2869000,18730,56368.59375
18568,2869000,18760,56434.59375
18569,2869000,18790,56458.609375
18570,2869000,18820,56369.109375
18571,2869000,18850,56367.5
18572,2869000,18880,55946.90625
18573,2869000,18910,56449.90625
18574,2869000,18940,56484.203125
18575,2869000,18970,56464.1875
18576,2869000,19000,56389.203125
18577,2869000,19030,56345.609375
18578,2869000,19060,56348.484375
18579,2869000,19090,56376.5
18580,2869000,19120,56462.609375
18581,2869000,19150,56513.5
18582,2869000,19180,56397.71875
18583,2869000,19210,55881.3125
18584,2869000,19240,56369.984375
18585,2869000,19270,56462.40625
18586,2869000,19300,56437.796875
18587,2869000,19330,56403.609375
18588,2869000,19360,56402.984375
18589,2869000,19390,56382.09375
18590,2869000,19420,56387.109375
18591,2869000,19450,56387.21875
18592,2869000,19480,55957.609375
18593,2869000,19510,56399.5
18594,2869000,19540,56367.59375
18595,2869000,19570,56431.1875
18596,2869000,19600,56479.40625
18597,2869000,19630,56470.6875
18598,2869000,19660,56475.59375
18599,2869000,19690,56411.0
18600,2869000,19720,56347.21875
18601,2869000,19750,56395.796875
18602,2869000,19780,55975.1875
18603,2869000,19810,56436.5
18604,2869000,19840,56424.0
18605,2869000,19870,56403.890625
18606,2869000,19900,56361.40625
18607,2869000,19930,56432.703125
18608,2869000,19960,56364.59375
18609,2869000,19990,56469.5
18610,2869000,20020,56456.5
18611,2869000,20050,56396.796875
18612,2869000,20080,56361.390625
18613,2869000,20110,56351.1875
18614,2869000,20140,55949.59375
18615,2869000,20170,56444.109375
18616,2869000,20200,56448.0
18617,2869000,20230,56407.90625
18618,2869000,20260,56510.28125
18619,2869000,20290,56438.484375
18620,2869000,20320,56415.515625
18621,2869000,20350,56484.796875
18622,2869000,20380,56405.703125
18623,2869000,20410,55908.109375
18624,2869000,20440,56434.0
18625,2869000,20470,56459.0
18626,2869000,20500,56434.0
18627,2869000,20530,56429.09375
18628,2869000,20560,56408.109375
18629,2869000,20590,56405.6875
18630,2869000,20620,56429.796875
18631,2869000,20650,56479.09375
18632,2869000,20680,56429.703125
18633,2869000,20710,56416.015625
18634,2869000,20740,56407.59375
18635,2869000,20770,55886.90625
18636,2869000,20800,56417.390625
18637,2869000,20830,56456.609375
18638,2869000,20860,56457.5
18639,2869000,20890,56447.6875
18640,2869000,20920,56402.3125
18641,2869000,20950,56378.90625
18642,2869000,20980,56452.3125
18643,2869000,21010,56445.78125
18644,2869000,21040,55999.90625
18645,2869000,21070,56414.984375
18646,2869000,21100,56436.71875
18647,2869000,21130,56437.59375
18648,2869000,21160,56508.59375
18649,2869000,21190,56439.0
18650,2869000,21220,56368.296875
18651,2869000,21250,56415.09375
18652,2869000,21280,56504.5
18653,2869000,21310,56418.1875
18654,2869000,21340,56462.90625
18655,2869000,21370,56498.390625
18656,2869000,21400,55989.109375
18657,2869000,21430,56368.3125
18658,2869000,21460,56438.3125
18659,2869000,21490,56474.09375
18660,2869000,21520,56500.3125
18661,2869000,21550,56437.59375
18662,2869000,21580,56436.203125
18663,2869000,21610,56422.59375
18664,2869000,21640,56392.484375
18665,2869000,21670,55961.09375
18666,2869000,21700,56506.40625
18667,2869000,21730,56456.0
18668,2869000,21760,56390.40625
18669,2869000,21790,56442.296875
18670,2869000,21820,56380.3125
18671,2869000,21850,56388.0
18672,2869000,21880,56430.703125
18673,2869000,21910,56388.296875
18674,2869000,21940,56432.40625
18675,2869000,21970,55929.09375
18676,2869000,22000,56421.296875
18677,2869000,22030,56452.71875
18678,2869000,22060,56439.78125
18679,2869000,22090,56475.109375
18680,2869000,22120,56380.515625
18681,2869000,22150,56437.609375
18682,2869000,22180,56486.59375
18683,2869000,22210,56418.703125
18684,2869000,22240,56399.90625
18685,2869000,22270,56385.890625
18686,2869000,22300,56372.390625
18687,2869000,22330,56426.109375
18688,2869000,22360,56000.40625
18689,2869000,22390,56455.1875
18690,2869000,22420,56402.40625
18691,2869000,22450,56383.09375
18692,2869000,22480,56398.890625
18693,2869000,22510,56416.109375
18694,2869000,22540,56425.59375
18695,2869000,22570,56466.5
18696,2869000,22600,56442.78125
18697,2869000,22630,56348.40625
18698,2869000,22660,55913.40625
18699,2869000,22690,56401.390625
18700,2869000,22720,56454.296875
18701,2869000,22750,56466.09375
18702,2869000,22780,56439.390625
18703,2869000,22810,56490.109375
18704,2869000,22840,56442.296875
18705,2869000,22870,56434.109375
18706,2869000,22900,56466.890625
18707,2869000,22930,56418.59375
18708,2869000,22960,55982.59375
18709,2869000,22990,56431.984375
18710,2869000,23020,56452.796875
18711,2869000,23050,56471.203125
18712,2869000,23080,56462.8125
18713,2869000,23110,56387.59375
18714,2869000,23140,56458.0
18715,2869000,23170,56496.40625
18716,2869000,23200,56448.390625
18717,2869000,23230,56037.296875
18718,2869000,23260,56420.09375
18719,2869000,23290,56436.09375
18720,2869000,23320,56403.09375
18721,2869000,23350,56470.203125
18722,2869000,23380,56442.09375
18723,2869000,23410,56445.703125
18724,2869000,23440,56422.203125
18725,2869000,23470,56374.71875
18726,2869000,23500,56414.09375
18727,2869000,23530,56414.390625
18728,2869000,23560,56444.3125
18729,2869000,23590,56007.5
18730,2869000,23620,56435.90625
18731,2869000,23650,56402.390625
18732,2869000,23680,56435.90625
18733,2869000,23710,56466.21875
18734,2869000,23740,56452.40625
18735,2869000,23770,56382.1875
18736,2869000,23800,56355.21875
18737,2869000,23830,56470.40625
18738,2869000,23860,56030.0
18739,2869000,23890,56461.09375
18740,2869000,23920,56399.796875
18741,2869000,23950,56419.296875
18742,2869000,23980,56415.90625
18743,2869000,24010,56415.5
18744,2869000,24040,56459.5
18745,2869000,24070,56449.296875
18746,2869000,24100,56465.40625
18747,2869000,24130,56476.28125
18748,2869000,24160,56400.40625
18749,2869000,24190,56448.515625
18750,2869000,24220,55969.59375
18751,2869000,24250,56404.703125
18752,2869000,24280,56491.71875
18753,2869000,24310,56429.796875
18754,2869000,24340,56482.40625
18755,2869000,24370,56462.609375
18756,2869000,24400,56453.890625
18757,2869000,24430,56417.90625
18758,2869000,24460,56475.8125
18759,2869000,24490,56459.015625
18760,2869000,24520,55991.0
18761,2869000,24550,56392.0
18762,2869000,24580,56420.59375
18763,2869000,24610,56465.21875
18764,2869000,24640,56443.59375
18765,2869000,24670,56487.28125
18766,2869000,24700,56484.0
18767,2869000,24730,56472.09375
18768,2869000,24760,56439.90625
18769,2869000,24790,55984.1875
18770,2869000,24820,56395.90625
18771,2869000,24850,56441.59375
18772,2869000,24880,56494.5
18773,2869000,24910,56399.09375
18774,2869000,24940,56465.59375
18775,2869000,24970,56476.8125
18776,2869000,25000,56468.1875
18777,2869000,25030,56462.59375
18778,2869000,25060,56385.5
18779,2869000,25090,56451.015625
18780,2869000,25120,56543.40625
18781,2869000,25150,56014.5
18782,2869000,25180,56478.015625
18783,2869000,25210,56425.8125
18784,2869000,25240,56445.1875
18785,2869000,25270,56429.90625
18786,2869000,25300,56514.21875
18787,2869000,25330,56484.3125
18788,2869000,25360,56454.296875
18789,2869000,25390,56444.59375
18790,2869000,25420,55990.703125
18791,2869000,25450,56449.6875
18792,2869000,25480,56438.1875
18793,2869000,25510,56413.390625
18794,2869000,25540,56427.484375
18795,2869000,25570,56457.984375
18796,2869000,25600,56405.28125
18797,2869000,25630,56448.59375
18798,2869000,25660,56426.796875
18799,2869000,25690,56419.40625
18800,2869000,25720,56504.21875
18801,2869000,25750,56499.109375
18802,2869000,25780,56032.09375
18803,2869000,25810,56442.78125
18804,2869000,25840,56435.609375
18805,2869000,25870,56421.1875
18806,2869000,25900,56462.09375
18807,2869000,25930,56517.28125
18808,2869000,25960,56517.1875
18809,2869000,25990,56411.0
18810,2869000,26020,56427.984375
18811,2869000,26050,56016.484375
18812,2869000,26080,56366.015625
18813,2869000,26110,56439.09375
18814,2869000,26140,56469.09375
18815,2869000,26170,56427.796875
18816,2869000,26200,56494.296875
18817,2869000,26230,56453.40625
18818,2869000,26260,56479.6875
18819,2869000,26290,56453.796875
18820,2869000,26320,56450.5
18821,2869000,26350,56455.0
18822,2869000,26380,56438.71875
18823,2869000,26410,56462.703125
18824,2869000,26440,56029.59375
18825,2869000,26470,56435.609375
18826,2869000,26500,56488.6875
18827,2869000,26530,56453.40625
18828,2869000,26560,56464.90625
18829,2869000,26590,56490.40625
18830,2869000,26620,56418.390625
18831,2869000,26650,56457.609375
18832,2869000,26680,56002.609375
18833,2869000,26710,56396.109375
18834,2869000,26740,56458.8125
18835,2869000,26770,56496.609375
18836,2869000,26800,56463.890625
18837,2869000,26830,56454.890625
18838,2869000,26860,56484.09375
18839,2869000,26890,56400.015625
18840,2869000,26920,56453.890625
18841,2869000,26950,56465.90625
18842,2869000,26980,55903.5
18843,2869000,27010,56440.09375
18844,2869000,27040,56478.90625
18845,2869000,27070,56463.0
18846,2869000,27100,56406.890625
18847,2869000,27130,56453.6875
18848,2869000,27160,56443.59375
18849,2869000,27190,56548.796875
18850,2869000,27220,56514.40625
18851,2869000,27250,56443.515625
18852,2869000,27280,56513.90625
18853,2869000,27310,56515.40625
18854,2869000,27340,55997.21875
18855,2869000,27370,56469.203125
18856,2869000,27400,56440.59375
18857,2869000,27430,56474.703125
18858,2869000,27460,56429.8125
18859,2869000,27490,56463.703125
18860,2869000,27520,56475.109375
18861,2869000,27550,56469.28125
18862,2869000,27580,56450.09375
18863,2869000,27610,56456.59375
18864,2869000,27640,56464.21875
18865,2869000,27670,56012.71875
18866,2869000,27700,56507.0
18867,2869000,27730,56471.3125
18868,2869000,27760,56451.09375
18869,2869000,27790,56439.3125
18870,2869000,27820,56472.703125
18871,2869000,27850,56455.90625
18872,2869000,27880,56459.59375
18873,2869000,27910,56442.796875
18874,2869000,27940,56445.796875
18875,2869000,27970,55965.09375
18876,2869000,28000,56461.984375
18877,2869000,28030,56529.71875
18878,2869000,28060,56446.3125
18879,2869000,28090,56450.609375
18880,2869000,28120,56407.796875
18881,2869000,28150,56488.6875
18882,2869000,28180,56439.703125
18883,2869000,28210,56434.6875
18884,2869000,28240,55914.390625
18885,2869000,28270,56497.90625
18886,2869000,28300,56467.390625
18887,2869000,28330,56466.1875
18888,2869000,28360,56441.8125
18889,2869000,28390,56463.703125
18890,2869000,28420,56429.3125
18891,2869000,28450,56448.28125
18892,2869000,28480,56469.390625
18893,2869000,28510,56507.0
18894,2869000,28540,56494.90625
18895,2869000,28570,56452.09375
18896,2869000,28600,55957.015625
18897,2869000,28630,56470.09375
18898,2869000,28660,56408.296875
18899,2869000,28690,56437.90625
18900,2869000,28720,56495.703125
18901,2869000,28750,56486.3125
18902,2869000,28780,56464.0
18903,2869000,28810,56428.203125
18904,2869000,28840,56462.8125
18905,2869000,28870,56024.0
18906,2869000,28900,56458.6875
18907,2869000,28930,56457.59375
18908,2869000,28960,56474.109375
18909,2869000,28990,56486.5
18910,2869000,29020,56429.609375
18911,2869000,29050,56511.109375
18912,2869000,29080,56470.890625
18913,2869000,29110,56458.8125
18914,2869000,29140,56432.890625
18915,2869000,29170,56010.390625
18916,2869000,29200,56447.390625
18917,2869000,29230,56425.6875
18918,2869000,29260,56447.796875
18919,2869000,29290,56390.09375
18920,2869000,29320,56434.1875
18921,2869000,29350,56457.28125
18922,2869000,29380,56409.984375
18923,2869000,29410,56454.296875
18924,2869000,29440,56439.90625
18925,2869000,29470,56408.71875
18926,2869000,29500,56447.0
18927,2869000,29530,56025.3125
18928,2869000,29560,56492.390625
18929,2869000,29590,56482.21875
18930,2869000,29620,56393.203125
18931,2869000,29650,56424.40625
18932,2869000,29680,56463.703125
18933,2869000,29710,56489.0
18934,2869000,29740,56469.984375
18935,2869000,29770,56514.109375
18936,2869000,29800,55981.09375
18937,2869000,29830,56427.09375
18938,2869000,29860,56401.703125
18939,2869000,29890,56443.703125
18940,2869000,29920,56451.296875
18941,2869000,29950,56475.484375
18942,2869000,29980,56437.59375
18943,2869500,100,12676.5
18944,2869500,130,58709.296875
18945,2869500,160,58448.09375
18946,2869500,190,56637.59375
18947,2869500,220,50329.8125
18948,2869500,250,54196.0
18949,2869500,280,57203.40625
18950,2869500,310,58041.09375
18951,2869500,340,55114.609375
18952,2869500,370,48233.203125
18953,2869500,400,50085.796875
18954,2869500,430,54687.5
18955,2869500,460,55102.390625
18956,2869500,490,55440.296875
18957,2869500,520,54230.1875
18958,2869500,550,55039.40625
18959,2869500,580,57754.59375
18960,2869500,610,58059.8125
18961,2869500,640,55644.3125
18962,2869500,670,49334.484375
18963,2869500,700,48521.59375
18964,2869500,730,52475.90625
18965,2869500,760,55445.984375
18966,2869500,790,56772.0
18967,2869500,820,55261.296875
18968,2869500,850,52519.890625
18969,2869500,880,52602.203125
18970,2869500,910,55976.0
18971,2869500,940,57614.5
18972,2869500,970,57129.3125
18973,2869500,1000,54920.59375
18974,2869500,1030,52618.6875
18975,2869500,1060,52255.0
18976,2869500,1090,53567.1875
18977,2869500,1120,54766.0
18978,2869500,1150,55317.515625
18979,2869500,1180,55442.0
18980,2869500,1210,55934.390625
18981,2869500,1240,55976.90625
18982,2869500,1270,55776.09375
18983,2869500,1300,54266.5
18984,2869500,1330,53983.109375
18985,2869500,1360,54569.203125
18986,2869500,1390,55097.40625
18987,2869500,1420,55152.3125
18988,2869500,1450,54912.609375
18989,2869500,1480,53808.09375
18990,2869500,1510,53393.3125
18991,2869500,1540,54793.90625
18992,2869500,1570,55681.6875
18993,2869500,1600,56523.515625
18994,2869500,1630,56343.6875
18995,2869500,1660,55208.109375
18996,2869500,1690,54479.3125
18997,2869500,1720,54115.890625
18998,2869500,1750,54036.703125
18999,2869500,1780,54869.09375
19000,2869500,1810,55442.6875
19001,2869500,1840,55498.109375
19002,2869500,1870,55555.0
19003,2869500,1900,54866.390625
19004,2869500,1930,53893.40625
19005,2869500,1960,54474.1875
19006,2869500,1990,55531.59375
19007,2869500,2020,56375.703125
19008,2869500,2050,56223.390625
19009,2869500,2080,55091.890625
19010,2869500,2110,53690.203125
19011,2869500,2140,53803.59375
19012,2869500,2170,54783.109375
19013,2869500,2200,55285.984375
19014,2869500,2230,56004.703125
19015,2869500,2260,55239.09375
19016,2869500,2290,54447.40625
19017,2869500,2320,54634.90625
19018,2869500,2350,55409.21875
19019,2869500,2380,55768.015625
19020,2869500,2410,55251.09375
19021,2869500,2440,54864.1875
19022,2869500,2470,54907.59375
19023,2869500,2500,55543.109375
19024,2869500,2530,55964.796875
19025,2869500,2560,55061.8125
19026,2869500,2590,54243.390625
19027,2869500,2620,53818.984375
19028,2869500,2650,54879.6875
19029,2869500,2680,55990.40625
19030,2869500,2710,56491.40625
19031,2869500,2740,55295.203125
19032,2869500,2770,53883.5
19033,2869500,2800,53920.71875
19034,2869500,2830,55162.796875
19035,2869500,2860,56553.703125
19036,2869500,2890,56234.21875
19037,2869500,2920,55411.28125
19038,2869500,2950,53724.09375
19039,2869500,2980,53786.0
19040,2869500,3010,54918.609375
19041,2869500,3040,55881.703125
19042,2869500,3070,55915.109375
19043,2869500,3100,55053.796875
19044,2869500,3130,54098.3125
19045,2869500,3160,54901.890625
19046,2869500,3190,55996.90625
19047,2869500,3220,56413.40625
19048,2869500,3250,55561.515625
19049,2869500,3280,54674.609375
19050,2869500,3310,54599.890625
19051,2869500,3340,55031.40625
19052,2869500,3370,55575.984375
19053,2869500,3400,55492.890625
19054,2869500,3430,54707.59375
19055,2869500,3460,54440.40625
19056,2869500,3490,54714.59375
19057,2869500,3520,56006.0
19058,2869500,3550,56578.609375
19059,2869500,3580,55974.296875
19060,2869500,3610,54809.703125
19061,2869500,3640,54551.515625
19062,2869500,3670,54875.796875
19063,2869500,3700,55310.703125
19064,2869500,3730,55494.5
19065,2869500,3760,54654.8125
19066,2869500,3790,54438.28125
19067,2869500,3820,54769.0
19068,2869500,3850,55727.21875
19069,2869500,3880,56191.40625
19070,2869500,3910,56029.390625
19071,2869500,3940,55595.5
19072,2869500,3970,55182.296875
19073,2869500,4000,55116.5
19074,2869500,4030,55200.5
19075,2869500,4060,55251.703125
19076,2869500,4090,55032.5
19077,2869500,4120,54775.109375
19078,2869500,4150,54493.28125
19079,2869500,4180,55428.1875
19080,2869500,4210,55937.90625
19081,2869500,4240,55906.609375
19082,2869500,4270,55775.0
19083,2869500,4300,55639.203125
19084,2869500,4330,55490.78125
19085,2869500,4360,55403.890625
19086,2869500,4390,55234.71875
19087,2869500,4420,54477.3125
19088,2869500,4450,54670.6875
19089,2869500,4480,54830.1875
19090,2869500,4510,55404.109375
19091,2869500,4540,55790.109375
19092,2869500,4570,55668.203125
19093,2869500,4600,55780.609375
19094,2869500,4630,55669.59375
19095,2869500,4660,55532.5
19096,2869500,4690,55662.59375
19097,2869500,4720,55642.40625
19098,2869500,4750,54765.609375
19099,2869500,4780,54981.796875
19100,2869500,4810,54887.59375
19101,2869500,4840,54870.109375
19102,2869500,4870,55348.09375
19103,2869500,4900,55637.0
19104,2869500,4930,55884.71875
19105,2869500,4960,56113.703125
19106,2869500,4990,55751.296875
19107,2869500,5020,55510.796875
19108,2869500,5050,55017.0
19109,2869500,5080,55233.484375
19110,2869500,5110,55220.71875
19111,2869500,5140,55322.890625
19112,2869500,5170,55224.59375
19113,2869500,5200,55189.703125
19114,2869500,5230,55252.5
19115,2869500,5260,55436.1875
19116,2869500,5290,55673.1875
19117,2869500,5320,55420.109375
19118,2869500,5350,55974.484375
19119,2869500,5380,55917.59375
19120,2869500,5410,55613.203125
19121,2869500,5440,55318.59375
19122,2869500,5470,55023.390625
19123,2869500,5500,54953.0
19124,2869500,5530,55167.609375
19125,2869500,5560,55518.09375
19126,2869500,5590,55900.8125
19127,2869500,5620,55752.203125
19128,2869500,5650,55529.703125
19129,2869500,5680,54883.5
19130,2869500,5710,55420.0
19131,2869500,5740,55694.59375
19132,2869500,5770,55926.015625
19133,2869500,5800,55796.3125
19134,2869500,5830,55300.8125
19135,2869500,5860,55011.109375
19136,2869500,5890,54982.8125
19137,2869500,5920,55296.296875
19138,2869500,5950,55245.1875
19139,2869500,5980,55837.6875
19140,2869500,6010,55757.8125
19141,2869500,6040,55695.796875
19142,2869500,6070,55659.1875
19143,2869500,6100,55620.890625
19144,2869500,6130,55465.8125
19145,2869500,6160,55346.484375
19146,2869500,6190,55385.28125
19147,2869500,6220,55590.90625
19148,2869500,6250,55788.296875
19149,2869500,6280,55752.609375
19150,2869500,6310,54856.296875
19151,2869500,6340,55152.5
19152,2869500,6370,55321.890625
19153,2869500,6400,55763.609375
19154,2869500,6430,56227.703125
19155,2869500,6460,56139.40625
19156,2869500,6490,55488.8125
19157,2869500,6520,54947.703125
19158,2869500,6550,54951.40625
19159,2869500,6580,54973.6875
19160,2869500,6610,56033.296875
19161,2869500,6640,56064.390625
19162,2869500,6670,55592.0
19163,2869500,6700,55302.71875
19164,2869500,6730,55309.09375
19165,2869500,6760,55467.5
19166,2869500,6790,55817.71875
19167,2869500,6820,55775.09375
19168,2869500,6850,55639.109375
19169,2869500,6880,55108.609375
19170,2869500,6910,55698.8125
19171,2869500,6940,55684.5
19172,2869500,6970,55522.40625
19173,2869500,7000,55352.890625
19174,2869500,7030,55419.609375
19175,2869500,7060,55730.609375
19176,2869500,7090,56029.59375
19177,2869500,7120,56047.1875
19178,2869500,7150,55497.703125
19179,2869500,7180,55123.28125
19180,2869500,7210,55153.296875
19181,2869500,7240,55107.609375
19182,2869500,7270,56136.796875
19183,2869500,7300,56165.6875
19184,2869500,7330,55768.796875
19185,2869500,7360,55358.21875
19186,2869500,7390,55074.3125
19187,2869500,7420,55404.40625
19188,2869500,7450,55890.890625
19189,2869500,7480,56020.40625
19190,2869500,7510,55401.703125
19191,2869500,7540,55636.71875
19192,2869500,7570,55441.109375
19193,2869500,7600,55501.515625
19194,2869500,7630,55602.1875
19195,2869500,7660,55843.390625
19196,2869500,7690,55861.203125
19197,2869500,7720,55811.796875
19198,2869500,7750,55706.984375
19199,2869500,7780,55591.296875
19200,2869500,7810,55429.3125
19201,2869500,7840,55359.90625
19202,2869500,7870,55687.0
19203,2869500,7900,55335.1875
19204,2869500,7930,55978.8125
19205,2869500,7960,55990.3125
19206,2869500,7990,55768.8125
19207,2869500,8020,55548.59375
19208,2869500,8050,55475.09375
19209,2869500,8080,55491.59375
19210,2869500,8110,55693.40625
19211,2869500,8140,55864.90625
19212,2869500,8170,55887.0
19213,2869500,8200,55289.703125
19214,2869500,8230,55492.59375
19215,2869500,8260,55309.796875
19216,2869500,8290,55549.703125
19217,2869500,8320,55851.5
19218,2869500,8350,56219.1875
19219,2869500,8380,56136.109375
19220,2869500,8410,55702.890625
19221,2869500,8440,55364.890625
19222,2869500,8470,55195.59375
19223,2869500,8500,55071.90625
19224,2869500,8530,55969.0
19225,2869500,8560,56086.109375
19226,2869500,8590,55817.515625
19227,2869500,8620,55517.109375
19228,2869500,8650,55452.09375
19229,2869500,8680,55680.609375
19230,2869500,8710,56006.0
19231,2869500,8740,55975.203125
19232,2869500,8770,55330.109375
19233,2869500,8800,55576.59375
19234,2869500,8830,55662.59375
19235,2869500,8860,55754.609375
19236,2869500,8890,55702.703125
19237,2869500,8920,55575.5
19238,2869500,8950,55551.90625
19239,2869500,8980,55667.5
19240,2869500,9010,56067.203125
19241,2869500,9040,56175.703125
19242,2869500,9070,55523.484375
19243,2869500,9100,55491.484375
19244,2869500,9130,55190.90625
19245,2869500,9160,55428.59375
19246,2869500,9190,56030.5
19247,2869500,9220,56222.90625
19248,2869500,9250,55794.890625
19249,2869500,9280,55458.703125
19250,2869500,9310,55157.796875
19251,2869500,9340,55566.6875
19252,2869500,9370,56186.109375
19253,2869500,9400,56318.609375
19254,2869500,9430,55515.09375
19255,2869500,9460,55506.0
19256,2869500,9490,55376.28125
19257,2869500,9520,55493.40625
19258,2869500,9550,55894.59375
19259,2869500,9580,55939.609375
19260,2869500,9610,55726.6875
19261,2869500,9640,55538.09375
19262,2869500,9670,55712.5
19263,2869500,9700,55517.1875
19264,2869500,9730,56006.296875
19265,2869500,9760,55855.40625
19266,2869500,9790,55589.6875
19267,2869500,9820,55592.203125
19268,2869500,9850,55984.6875
19269,2869500,9880,56032.90625
19270,2869500,9910,55943.1875
19271,2869500,9940,55552.8125
19272,2869500,9970,55314.390625
19273,2869500,10000,55476.109375
19274,2869500,10030,55992.984375
19275,2869500,10060,55856.796875
19276,2869500,10090,56086.296875
19277,2869500,10120,55807.90625
19278,2869500,10150,55373.3125
19279,2869500,10180,55587.5
19280,2869500,10210,55861.8125
19281,2869500,10240,56097.8125
19282,2869500,10270,55883.21875
19283,2869500,10300,55603.015625
19284,2869500,10330,55084.3125
19285,2869500,10360,55659.203125
19286,2869500,10390,55997.796875
19287,2869500,10420,55999.1875
19288,2869500,10450,55869.1875
19289,2869500,10480,55751.40625
19290,2869500,10510,55795.296875
19291,2869500,10540,55927.28125
19292,2869500,10570,55829.6875
19293,2869500,10600,55800.609375
19294,2869500,10630,55678.390625
19295,2869500,10660,55563.90625
19296,2869500,10690,55362.59375
19297,2869500,10720,55992.109375
19298,2869500,10750,55960.5
19299,2869500,10780,55803.78125
19300,2869500,10810,55641.3125
19301,2869500,10840,55696.3125
19302,2869500,10870,55824.6875
19303,2869500,10900,56001.09375
19304,2869500,10930,56001.09375
19305,2869500,10960,55337.3125
19306,2869500,10990,55680.90625
19307,2869500,11020,55663.78125
19308,2869500,11050,55821.1875
19309,2869500,11080,55911.109375
19310,2869500,11110,55947.609375
19311,2869500,11140,55892.890625
19312,2869500,11170,55836.6875
19313,2869500,11200,55849.796875
19314,2869500,11230,55797.0
19315,2869500,11260,55380.0
19316,2869500,11290,55835.5
19317,2869500,11320,55849.90625
19318,2869500,11350,55826.796875
19319,2869500,11380,55786.609375
19320,2869500,11410,55836.3125
19321,2869500,11440,55815.0
19322,2869500,11470,55814.5
19323,2869500,11500,55892.890625
19324,2869500,11530,55910.484375
19325,2869500,11560,55828.21875
19326,2869500,11590,55816.484375
19327,2869500,11620,55870.796875
19328,2869500,11650,55410.0
19329,2869500,11680,55855.78125
19330,2869500,11710,55806.1875
19331,2869500,11740,55786.484375
19332,2869500,11770,55855.203125
19333,2869500,11800,56001.703125
19334,2869500,11830,55939.5
19335,2869500,11860,55797.984375
19336,2869500,11890,55394.59375
19337,2869500,11920,55756.90625
19338,2869500,11950,55830.6875
19339,2869500,11980,55965.703125
19340,2869500,12010,55996.203125
19341,2869500,12040,55834.5
19342,2869500,12070,55724.5
19343,2869500,12100,55804.703125
19344,2869500,12130,55912.90625
19345,2869500,12160,55986.59375
19346,2869500,12190,55951.890625
19347,2869500,12220,55823.703125
19348,2869500,12250,55311.703125
19349,2869500,12280,55834.890625
19350,2869500,12310,55981.984375
19351,2869500,12340,55949.109375
19352,2869500,12370,55919.90625
19353,2869500,12400,55764.59375
19354,2869500,12430,55769.203125
19355,2869500,12460,55873.484375
19356,2869500,12490,56027.90625
19357,2869500,12520,55602.1875
19358,2869500,12550,55822.5
19359,2869500,12580,55715.40625
19360,2869500,12610,55821.8125
19361,2869500,12640,55894.0
19362,2869500,12670,56050.796875
19363,2869500,12700,56031.5
19364,2869500,12730,55889.796875
19365,2869500,12760,55796.703125
19366,2869500,12790,55886.8125
19367,2869500,12820,55903.703125
19368,2869500,12850,55972.90625
19369,2869500,12880,55843.890625
19370,2869500,12910,55390.5
19371,2869500,12940,55844.8125
19372,2869500,12970,55939.71875
19373,2869500,13000,56020.71875
19374,2869500,13030,55885.015625
19375,2869500,13060,55904.1875
19376,2869500,13090,55853.890625
19377,2869500,13120,55872.796875
19378,2869500,13150,56065.8125
19379,2869500,13180,55558.796875
19380,2869500,13210,55951.3125
19381,2869500,13240,55736.0
19382,2869500,13270,55758.90625
19383,2869500,13300,55868.203125
19384,2869500,13330,56085.109375
19385,2869500,13360,56089.59375
19386,2869500,13390,55968.390625
19387,2869500,13420,55831.609375
19388,2869500,13450,55314.09375
19389,2869500,13480,55929.09375
19390,2869500,13510,56022.8125
19391,2869500,13540,55955.09375
19392,2869500,13570,55892.5
19393,2869500,13600,55837.0
19394,2869500,13630,55846.796875
19395,2869500,13660,55947.5
19396,2869500,13690,55917.6875
19397,2869500,13720,55919.1875
19398,2869500,13750,55879.59375
19399,2869500,13780,55572.5
19400,2869500,13810,55973.8125
19401,2869500,13840,55993.21875
19402,2869500,13870,55828.296875
19403,2869500,13900,55828.6875
19404,2869500,13930,55789.6875
19405,2869500,13960,55896.5
19406,2869500,13990,56069.59375
19407,2869500,14020,56028.40625
19408,2869500,14050,55975.515625
19409,2869500,14080,55410.796875
19410,2869500,14110,55883.3125
19411,2869500,14140,56005.1875
19412,2869500,14170,56021.703125
19413,2869500,14200,56046.59375
19414,2869500,14230,55943.609375
19415,2869500,14260,55856.296875
19416,2869500,14290,55846.40625
19417,2869500,14320,55856.984375
19418,2869500,14350,55935.390625
19419,2869500,14380,55936.21875
19420,2869500,14410,56026.40625
19421,2869500,14440,55546.296875
19422,2869500,14470,55977.890625
19423,2869500,14500,55982.90625
19424,2869500,14530,55884.703125
19425,2869500,14560,55889.78125
19426,2869500,14590,55889.1875
19427,2869500,14620,55978.90625
19428,2869500,14650,56032.71875
19429,2869500,14680,55984.703125
19430,2869500,14710,55370.203125
19431,2869500,14740,55859.40625
19432,2869500,14770,55944.90625
19433,2869500,14800,56029.09375
19434,2869500,14830,56081.90625
19435,2869500,14860,56040.90625
19436,2869500,14890,55901.78125
19437,2869500,14920,55816.59375
19438,2869500,14950,55905.203125
19439,2869500,14980,55992.40625
19440,2869500,15010,56006.296875
19441,2869500,15040,56020.015625
19442,2869500,15070,55524.890625
19443,2869500,15100,55944.3125
19444,2869500,15130,55908.40625
19445,2869500,15160,55909.296875
19446,2869500,15190,55925.109375
19447,2869500,15220,55921.78125
19448,2869500,15250,56000.390625
19449,2869500,15280,56012.28125
19450,2869500,15310,55985.6875
19451,2869500,15340,55455.78125
19452,2869500,15370,55842.5
19453,2869500,15400,55892.78125
19454,2869500,15430,55983.0
19455,2869500,15460,56064.0
19456,2869500,15490,56086.796875
19457,2869500,15520,55950.1875
19458,2869500,15550,55895.90625
19459,2869500,15580,55826.890625
19460,2869500,15610,55999.59375
19461,2869500,15640,56005.90625
19462,2869500,15670,56068.8125
19463,2869500,15700,55531.3125
19464,2869500,15730,55959.296875
19465,2869500,15760,55949.40625
19466,2869500,15790,55956.59375
19467,2869500,15820,55997.484375
19468,2869500,15850,56007.8125
19469,2869500,15880,55976.90625
19470,2869500,15910,56060.890625
19471,2869500,15940,56025.59375
19472,2869500,15970,55979.09375
19473,2869500,16000,55393.28125
19474,2869500,16030,55932.59375
19475,2869500,16060,55949.109375
19476,2869500,16090,56009.6875
19477,2869500,16120,56037.5
19478,2869500,16150,55993.890625
19479,2869500,16180,55941.0
19480,2869500,16210,55897.6875
19481,2869500,16240,55899.296875
19482,2869500,16270,55562.3125
19483,2869500,16300,56080.0
19484,2869500,16330,56043.8125
19485,2869500,16360,56008.5
19486,2869500,16390,55887.703125
19487,2869500,16420,55952.71875
19488,2869500,16450,55965.0
19489,2869500,16480,56030.984375
19490,2869500,16510,56091.40625
19491,2869500,16540,55957.09375
19492,2869500,16570,55995.5
19493,2869500,16600,55979.59375
19494,2869500,16630,55949.984375
19495,2869500,16660,55531.296875
19496,2869500,16690,56039.015625
19497,2869500,16720,55984.109375
19498,2869500,16750,55984.515625
19499,2869500,16780,56059.40625
19500,2869500,16810,55950.703125
19501,2869500,16840,55907.78125
19502,2869500,16870,55947.0
19503,2869500,16900,55519.3125
19504,2869500,16930,56013.890625
19505,2869500,16960,56060.984375
19506,2869500,16990,55961.109375
19507,2869500,17020,56019.390625
19508,2869500,17050,55930.90625
19509,2869500,17080,55952.1875
19510,2869500,17110,56012.609375
19511,2869500,17140,56001.90625
19512,2869500,17170,56026.890625
19513,2869500,17200,56016.6875
19514,2869500,17230,56028.21875
19515,2869500,17260,55531.890625
19516,2869500,17290,55971.59375
19517,2869500,17320,55910.0
19518,2869500,17350,56020.890625
19519,2869500,17380,56114.59375
19520,2869500,17410,56070.890625
19521,2869500,17440,55985.5
19522,2869500,17470,55941.703125
19523,2869500,17500,55949.296875
19524,2869500,17530,55596.21875
19525,2869500,17560,56053.09375
19526,2869500,17590,56027.40625
19527,2869500,17620,56024.3125
19528,2869500,17650,55918.40625
19529,2869500,17680,55952.796875
19530,2869500,17710,56008.203125
19531,2869500,17740,56074.09375
19532,2869500,17770,56037.796875
19533,2869500,17800,55989.8125
19534,2869500,17830,56019.484375
19535,2869500,17860,55988.71875
19536,2869500,17890,55550.0
19537,2869500,17920,55984.09375
19538,2869500,17950,55946.484375
19539,2869500,17980,55952.40625
19540,2869500,18010,56036.90625
19541,2869500,18040,56036.203125
19542,2869500,18070,56114.71875
19543,2869500,18100,56022.1875
19544,2869500,18130,55972.8125
19545,2869500,18160,55916.109375
19546,2869500,18190,55592.40625
19547,2869500,18220,56109.484375
19548,2869500,18250,56075.5
19549,2869500,18280,55958.5
19550,2869500,18310,55909.09375
19551,2869500,18340,55921.109375
19552,2869500,18370,56000.3125
19553,2869500,18400,56072.0
19554,2869500,18430,56053.609375
19555,2869500,18460,55584.6875
19556,2869500,18490,55995.296875
19557,2869500,18520,55993.78125
19558,2869500,18550,56032.40625
19559,2869500,18580,56032.59375
19560,2869500,18610,55948.8125
19561,2869500,18640,55942.890625
19562,2869500,18670,55994.1875
19563,2869500,18700,56036.515625
19564,2869500,18730,56080.90625
19565,2869500,18760,56028.390625
19566,2869500,18790,55942.609375
19567,2869500,18820,55538.390625
19568,2869500,18850,56060.296875
19569,2869500,18880,56088.90625
19570,2869500,18910,56069.015625
19571,2869500,18940,55994.59375
19572,2869500,18970,55930.890625
19573,2869500,19000,55957.203125
19574,2869500,19030,55996.796875
19575,2869500,19060,56053.203125
19576,2869500,19090,55587.203125
19577,2869500,19120,56104.609375
19578,2869500,19150,56034.78125
19579,2869500,19180,55984.796875
19580,2869500,19210,56023.0
19581,2869500,19240,56009.0
19582,2869500,19270,56033.90625
19583,2869500,19300,55988.8125
19584,2869500,19330,55948.390625
19585,2869500,19360,55971.484375
19586,2869500,19390,55937.3125
19587,2869500,19420,56055.390625
19588,2869500,19450,55551.90625
19589,2869500,19480,55986.703125
19590,2869500,19510,56027.109375
19591,2869500,19540,56042.296875
19592,2869500,19570,56116.109375
19593,2869500,19600,56070.78125
19594,2869500,19630,55963.3125
19595,2869500,19660,55957.203125
19596,2869500,19690,56018.40625
19597,2869500,19720,55536.59375
19598,2869500,19750,56002.5
19599,2869500,19780,55970.71875
19600,2869500,19810,56011.09375
19601,2869500,19840,55996.8125
19602,2869500,19870,55997.1875
19603,2869500,19900,56014.796875
19604,2869500,19930,55998.8125
19605,2869500,19960,56011.59375
19606,2869500,19990,55968.890625
19607,2869500,20020,56040.90625
19608,2869500,20050,56075.3125
19609,2869500,20080,55546.40625
19610,2869500,20110,56043.0
19611,2869500,20140,56117.390625
19612,2869500,20170,56009.1875
19613,2869500,20200,56007.484375
19614,2869500,20230,56037.59375
19615,2869500,20260,56006.203125
19616,2869500,20290,56065.40625
19617,2869500,20320,56010.390625
19618,2869500,20350,55550.609375
19619,2869500,20380,56042.40625
19620,2869500,20410,56042.5
19621,2869500,20440,55968.5
19622,2869500,20470,56051.984375
19623,2869500,20500,56023.609375
19624,2869500,20530,55966.5
19625,2869500,20560,56049.515625
19626,2869500,20590,56050.0
19627,2869500,20620,56013.515625
19628,2869500,20650,55598.5
19629,2869500,20680,56008.5
19630,2869500,20710,55973.1875
19631,2869500,20740,55977.203125
19632,2869500,20770,56075.109375
19633,2869500,20800,56106.09375
19634,2869500,20830,56040.3125
19635,2869500,20860,56079.40625
19636,2869500,20890,55992.09375
19637,2869500,20920,56008.5
19638,2869500,20950,56075.203125
19639,2869500,20980,56059.890625
19640,2869500,21010,55627.0
19641,2869500,21040,55994.296875
19642,2869500,21070,56018.6875
19643,2869500,21100,56071.0
19644,2869500,21130,56043.1875
19645,2869500,21160,56012.8125
19646,2869500,21190,56010.59375
19647,2869500,21220,56033.3125
19648,2869500,21250,56072.90625
19649,2869500,21280,55582.59375
19650,2869500,21310,56050.890625
19651,2869500,21340,56037.40625
19652,2869500,21370,55966.59375
19653,2869500,21400,55990.09375
19654,2869500,21430,56005.8125
19655,2869500,21460,56072.40625
19656,2869500,21490,56064.09375
19657,2869500,21520,56044.40625
19658,2869500,21550,55956.1875
19659,2869500,21580,55991.1875
19660,2869500,21610,55967.109375
19661,2869500,21640,56087.90625
19662,2869500,21670,55578.703125
19663,2869500,21700,55983.90625
19664,2869500,21730,56046.390625
19665,2869500,21760,56019.796875
19666,2869500,21790,56051.8125
19667,2869500,21820,56007.09375
19668,2869500,21850,56028.296875
19669,2869500,21880,56048.484375
19670,2869500,21910,56032.515625
19671,2869500,21940,56082.984375
19672,2869500,21970,55570.515625
19673,2869500,22000,56052.21875
19674,2869500,22030,56014.40625
19675,2869500,22060,56023.109375
19676,2869500,22090,56051.90625
19677,2869500,22120,56079.890625
19678,2869500,22150,55996.609375
19679,2869500,22180,56007.90625
19680,2869500,22210,56033.609375
19681,2869500,22240,56062.796875
19682,2869500,22270,55550.5
19683,2869500,22300,56060.703125
19684,2869500,22330,56137.296875
19685,2869500,22360,56053.5
19686,2869500,22390,55978.296875
19687,2869500,22420,56055.59375
19688,2869500,22450,56023.5
19689,2869500,22480,56029.6875
19690,2869500,22510,56090.109375
19691,2869500,22540,55586.09375
19692,2869500,22570,56009.8125
19693,2869500,22600,56020.40625
19694,2869500,22630,55995.296875
19695,2869500,22660,56047.5
19696,2869500,22690,56068.09375
19697,2869500,22720,55994.90625
19698,2869500,22750,56039.40625
19699,2869500,22780,56034.296875
19700,2869500,22810,56017.296875
19701,2869500,22840,55596.703125
19702,2869500,22870,56042.984375
19703,2869500,22900,56017.109375
19704,2869500,22930,56043.609375
19705,2869500,22960,56020.1875
19706,2869500,22990,56076.5
19707,2869500,23020,56114.109375
19708,2869500,23050,56035.59375
19709,2869500,23080,56035.59375
19710,2869500,23110,56063.3125
19711,2869500,23140,56053.609375
19712,2869500,23170,56057.890625
19713,2869500,23200,56053.21875
19714,2869500,23230,55566.703125
19715,2869500,23260,55947.0
19716,2869500,23290,56010.203125
19717,2869500,23320,56082.203125
19718,2869500,23350,56034.0
19719,2869500,23380,56024.6875
19720,2869500,23410,56010.0
19721,2869500,23440,55970.703125
19722,2869500,23470,55581.109375
19723,2869500,23500,56058.6875
19724,2869500,23530,56077.796875
19725,2869500,23560,56049.890625
19726,2869500,23590,55982.890625
19727,2869500,23620,55951.8125
19728,2869500,23650,56056.609375
19729,2869500,23680,56063.59375
19730,2869500,23710,56000.890625
19731,2869500,23740,56042.015625
19732,2869500,23770,56029.09375
19733,2869500,23800,56071.1875
19734,2869500,23830,55624.0
19735,2869500,23860,56005.90625
19736,2869500,23890,55986.390625
19737,2869500,23920,56025.015625
19738,2869500,23950,56063.0
19739,2869500,23980,56084.8125
19740,2869500,24010,56050.28125
19741,2869500,24040,56045.21875
19742,2869500,24070,56051.0
19743,2869500,24100,55609.203125
19744,2869500,24130,56000.5
19745,2869500,24160,56074.109375
19746,2869500,24190,56076.5
19747,2869500,24220,56021.203125
19748,2869500,24250,55978.203125
19749,2869500,24280,56066.59375
19750,2869500,24310,56060.109375
19751,2869500,24340,56004.59375
19752,2869500,24370,55971.390625
19753,2869500,24400,56030.890625
19754,2869500,24430,56043.890625
19755,2869500,24460,56099.015625
19756,2869500,24490,55694.0
19757,2869500,24520,56027.8125
19758,2869500,24550,56011.8125
19759,2869500,24580,56078.1875
19760,2869500,24610,56034.796875
19761,2869500,24640,56084.09375
19762,2869500,24670,56040.390625
19763,2869500,24700,55980.890625
19764,2869500,24730,55573.71875
19765,2869500,24760,56062.703125
19766,2869500,24790,56046.40625
19767,2869500,24820,56078.40625
19768,2869500,24850,56097.78125
19769,2869500,24880,56071.8125
19770,2869500,24910,56024.390625
19771,2869500,24940,56005.8125
19772,2869500,24970,56020.6875
19773,2869500,25000,55986.59375
19774,2869500,25030,55595.6875
19775,2869500,25060,56122.203125
19776,2869500,25090,56022.59375
19777,2869500,25120,56050.6875
19778,2869500,25150,55969.203125
19779,2869500,25180,56034.0
19780,2869500,25210,56080.0
19781,2869500,25240,56067.296875
19782,2869500,25270,56046.09375
19783,2869500,25300,56028.5
19784,2869500,25330,56028.28125
19785,2869500,25360,56029.890625
19786,2869500,25390,56054.015625
19787,2869500,25420,56032.40625
19788,2869500,25450,55613.90625
19789,2869500,25480,55956.21875
19790,2869500,25510,56043.90625
19791,2869500,25540,56070.59375
19792,2869500,25570,56076.90625
19793,2869500,25600,56024.515625
19794,2869500,25630,56071.015625
19795,2869500,25660,55649.203125
19796,2869500,25690,56086.3125
19797,2869500,25720,56043.6875
19798,2869500,25750,56038.09375
19799,2869500,25780,56042.890625
19800,2869500,25810,56038.109375
19801,2869500,25840,56014.890625
19802,2869500,25870,56093.40625
19803,2869500,25900,56056.203125
19804,2869500,25930,56054.796875
19805,2869500,25960,56026.890625
19806,2869500,25990,55995.484375
19807,2869500,26020,55559.609375
19808,2869500,26050,56044.109375
19809,2869500,26080,56093.703125
19810,2869500,26110,56011.515625
19811,2869500,26140,55998.8125
19812,2869500,26170,56061.28125
19813,2869500,26200,56051.796875
19814,2869500,26230,56048.3125
19815,2869500,26260,56052.0
19816,2869500,26290,56012.5
19817,2869500,26320,56030.5
19818,2869500,26350,55617.0
19819,2869500,26380,56012.890625
19820,2869500,26410,56014.40625
19821,2869500,26440,56052.5
19822,2869500,26470,55975.796875
19823,2869500,26500,56061.515625
19824,2869500,26530,56029.5
19825,2869500,26560,56064.296875
19826,2869500,26590,55992.6875
19827,2869500,26620,56000.6875
19828,2869500,26650,56048.5
19829,2869500,26680,55584.28125
19830,2869500,26710,56029.1875
19831,2869500,26740,56031.59375
19832,2869500,26770,56094.390625
19833,2869500,26800,56053.296875
19834,2869500,26830,56060.6875
19835,2869500,26860,56044.28125
19836,2869500,26890,56010.890625
19837,2869500,26920,56023.40625
19838,2869500,26950,56106.203125
19839,2869500,26980,55577.5
19840,2869500,27010,56065.0
19841,2869500,27040,56094.890625
19842,2869500,27070,56028.890625
19843,2869500,27100,55996.1875
19844,2869500,27130,56017.28125
19845,2869500,27160,56078.59375
19846,2869500,27190,56067.21875
19847,2869500,27220,55582.3125
19848,2869500,27250,56031.484375
19849,2869500,27280,56107.40625
19850,2869500,27310,56008.984375
19851,2869500,27340,56119.390625
19852,2869500,27370,56075.78125
19853,2869500,27400,56035.90625
19854,2869500,27430,56101.09375
19855,2869500,27460,56004.203125
19856,2869500,27490,56045.109375
19857,2869500,27520,56025.0
19858,2869500,27550,56043.8125
19859,2869500,27580,55579.8125
19860,2869500,27610,56053.390625
19861,2869500,27640,56064.296875
19862,2869500,27670,56088.09375
19863,2869500,27700,56017.6875
19864,2869500,27730,55983.0
19865,2869500,27760,56067.1875
19866,2869500,27790,56099.0
19867,2869500,27820,56104.296875
19868,2869500,27850,55577.796875
19869,2869500,27880,56016.1875
19870,2869500,27910,55996.5
19871,2869500,27940,56078.6875
19872,2869500,27970,56037.5
19873,2869500,28000,56020.796875
19874,2869500,28030,56047.1875
19875,2869500,28060,56067.890625
19876,2869500,28090,56018.6875
19877,2869500,28120,55999.484375
19878,2869500,28150,56033.296875
19879,2869500,28180,56017.203125
19880,2869500,28210,55611.390625
19881,2869500,28240,56099.90625
19882,2869500,28270,56019.09375
19883,2869500,28300,56080.515625
19884,2869500,28330,56057.703125
19885,2869500,28360,56034.90625
19886,2869500,28390,56049.703125
19887,2869500,28420,56027.40625
19888,2869500,28450,56076.296875
19889,2869500,28480,55609.0
19890,2869500,28510,56060.90625
19891,2869500,28540,56032.28125
19892,2869500,28570,56037.40625
19893,2869500,28600,56013.3125
19894,2869500,28630,56031.390625
19895,2869500,28660,56036.8125
19896,2869500,28690,56061.609375
19897,2869500,28720,56019.78125
19898,2869500,28750,56004.09375
19899,2869500,28780,55986.40625
19900,2869500,28810,56042.203125
19901,2869500,28840,55620.796875
19902,2869500,28870,56030.78125
19903,2869500,28900,56031.515625
19904,2869500,28930,56034.296875
19905,2869500,28960,56053.59375
19906,2869500,28990,56022.09375
19907,2869500,29020,56078.28125
19908,2869500,29050,56019.984375
19909,2869500,29080,56078.59375
19910,2869500,29110,55607.90625
19911,2869500,29140,56002.09375
19912,2869500,29170,56006.1875
19913,2869500,29200,56053.609375
19914,2869500,29230,56045.6875
19915,2869500,29260,56067.015625
19916,2869500,29290,56098.40625
19917,2869500,29320,56032.28125
19918,2869500,29350,56052.1875
19919,2869500,29380,56008.609375
19920,2869500,29410,56078.90625
19921,2869500,29440,56007.28125
19922,2869500,29470,55622.71875
19923,2869500,29500,56063.8125
19924,2869500,29530,56087.515625
19925,2869500,29560,56034.6875
19926,2869500,29590,56021.59375
19927,2869500,29620,56057.796875
19928,2869500,29650,56081.390625
19929,2869500,29680,56045.015625
19930,2869500,29710,56065.203125
19931,2869500,29740,56034.296875
19932,2869500,29770,55569.515625
19933,2869500,29800,56024.703125
19934,2869500,29830,56070.5
19935,2869500,29860,56033.59375
19936,2869500,29890,56026.40625
19937,2869500,29920,55999.3125
19938,2869500,29950,56074.1875
19939,2869500,29980,55972.015625
19940,2870000,100,11841.59375
19941,2870000,130,55218.8125
19942,2870000,160,55932.0
19943,2870000,190,54225.484375
19944,2870000,220,47853.90625
19945,2870000,250,51835.59375
19946,2870000,280,54806.890625
19947,2870000,310,56045.3125
19948,2870000,340,52579.09375
19949,2870000,370,45715.109375
19950,2870000,400,47569.09375
19951,2870000,430,52361.71875
19952,2870000,460,52781.484375
19953,2870000,490,52987.0
19954,2870000,520,51774.59375
19955,2870000,550,52770.484375
19956,2870000,580,55378.0
19957,2870000,610,55469.78125
19958,2870000,640,52874.015625
19959,2870000,670,47095.5
19960,2870000,700,46088.5
19961,2870000,730,50525.6875
19962,2870000,760,53483.78125
19963,2870000,790,54550.484375
19964,2870000,820,52748.0
19965,2870000,850,50111.296875
19966,2870000,880,50493.28125
19967,2870000,910,53989.5
19968,2870000,940,55681.703125
19969,2870000,970,54496.09375
19970,2870000,1000,52225.90625
19971,2870000,1030,50095.890625
19972,2870000,1060,49602.1875
19973,2870000,1090,51368.6875
19974,2870000,1120,52564.296875
19975,2870000,1150,53153.0
19976,2870000,1180,53209.90625
19977,2870000,1210,53532.09375
19978,2870000,1240,53447.09375
19979,2870000,1270,53232.703125
19980,2870000,1300,52236.5
19981,2870000,1330,51215.28125
19982,2870000,1360,52364.0
19983,2870000,1390,52817.796875
19984,2870000,1420,52872.40625
19985,2870000,1450,52434.40625
19986,2870000,1480,51399.0
19987,2870000,1510,51400.609375
19988,2870000,1540,52798.1875
19989,2870000,1570,53958.796875
19990,2870000,1600,54304.21875
19991,2870000,1630,53640.1875
19992,2870000,1660,52454.984375
19993,2870000,1690,51542.5
19994,2870000,1720,51723.0
19995,2870000,1750,51871.1875
19996,2870000,1780,52767.59375
19997,2870000,1810,53080.703125
19998,2870000,1840,53128.1875
19999,2870000,1870,53129.0
20000,2870000,1900,52398.5
20001,2870000,1930,51909.8125
20002,2870000,1960,51790.3125
20003,2870000,1990,53336.09375
20004,2870000,2020,54136.890625
20005,2870000,2050,53675.1875
20006,2870000,2080,52459.78125
20007,2870000,2110,51319.015625
20008,2870000,2140,51818.0
20009,2870000,2170,52665.09375
20010,2870000,2200,53601.390625
20011,2870000,2230,53525.6875
20012,2870000,2260,52679.09375
20013,2870000,2290,52061.90625
20014,2870000,2320,51945.609375
20015,2870000,2350,53196.90625
20016,2870000,2380,53266.109375
20017,2870000,2410,52877.390625
20018,2870000,2440,52521.5
20019,2870000,2470,52749.390625
20020,2870000,2500,53289.109375
20021,2870000,2530,53561.09375
20022,2870000,2560,52991.703125
20023,2870000,2590,51322.109375
20024,2870000,2620,51648.8125
20025,2870000,2650,52894.0
20026,2870000,2680,53918.203125
20027,2870000,2710,53838.609375
20028,2870000,2740,52535.5
20029,2870000,2770,51549.484375
20030,2870000,2800,51965.609375
20031,2870000,2830,53300.484375
20032,2870000,2860,54381.78125
20033,2870000,2890,53527.59375
20034,2870000,2920,52531.203125
20035,2870000,2950,51285.515625
20036,2870000,2980,51746.8125
20037,2870000,3010,53037.0
20038,2870000,3040,53709.59375
20039,2870000,3070,53398.6875
20040,2870000,3100,52591.40625
20041,2870000,3130,52416.984375
20042,2870000,3160,52816.1875
20043,2870000,3190,53906.09375
20044,2870000,3220,53826.09375
20045,2870000,3250,52358.0
20046,2870000,3280,52168.59375
20047,2870000,3310,52337.40625
20048,2870000,3340,52749.3125
20049,2870000,3370,53252.28125
20050,2870000,3400,53015.6875
20051,2870000,3430,52302.515625
20052,2870000,3460,52438.5
20053,2870000,3490,53237.703125
20054,2870000,3520,53584.890625
20055,2870000,3550,53974.40625
20056,2870000,3580,53143.78125
20057,2870000,3610,52215.8125
20058,2870000,3640,52247.390625
20059,2870000,3670,52591.78125
20060,2870000,3700,53048.0
20061,2870000,3730,53114.8125
20062,2870000,3760,52646.40625
20063,2870000,3790,52342.796875
20064,2870000,3820,52930.5
20065,2870000,3850,53751.59375
20066,2870000,3880,53493.390625
20067,2870000,3910,53516.90625
20068,2870000,3940,53002.0
20069,2870000,3970,52686.5
20070,2870000,4000,52634.8125
20071,2870000,4030,52904.796875
20072,2870000,4060,52829.0
20073,2870000,4090,52714.203125
20074,2870000,4120,52544.5
20075,2870000,4150,52603.390625
20076,2870000,4180,53601.09375
20077,2870000,4210,53676.390625
20078,2870000,4240,53546.609375
20079,2870000,4270,53369.5
20080,2870000,4300,53159.40625
20081,2870000,4330,52917.90625
20082,2870000,4360,52923.40625
20083,2870000,4390,52625.40625
20084,2870000,4420,52447.203125
20085,2870000,4450,52538.21875
20086,2870000,4480,52814.28125
20087,2870000,4510,53070.5
20088,2870000,4540,53511.890625
20089,2870000,4570,53426.90625
20090,2870000,4600,53369.78125
20091,2870000,4630,53159.890625
20092,2870000,4660,53128.40625
20093,2870000,4690,53246.21875
20094,2870000,4720,53152.40625
20095,2870000,4750,52681.609375
20096,2870000,4780,52280.203125
20097,2870000,4810,52605.3125
20098,2870000,4840,52861.1875
20099,2870000,4870,53405.890625
20100,2870000,4900,53563.890625
20101,2870000,4930,53650.015625
20102,2870000,4960,53500.09375
20103,2870000,4990,53067.40625
20104,2870000,5020,53018.8125
20105,2870000,5050,52869.796875
20106,2870000,5080,52421.59375
20107,2870000,5110,53027.609375
20108,2870000,5140,53060.40625
20109,2870000,5170,53062.5
20110,2870000,5200,52980.109375
20111,2870000,5230,53167.890625
20112,2870000,5260,53356.59375
20113,2870000,5290,53435.3125
20114,2870000,5320,53469.09375
20115,2870000,5350,53449.890625
20116,2870000,5380,53287.1875
20117,2870000,5410,52955.203125
20118,2870000,5440,52380.3125
20119,2870000,5470,52668.78125
20120,2870000,5500,52800.609375
20121,2870000,5530,53188.984375
20122,2870000,5560,53524.8125
20123,2870000,5590,53543.0
20124,2870000,5620,53345.296875
20125,2870000,5650,53036.796875
20126,2870000,5680,52941.703125
20127,2870000,5710,52808.703125
20128,2870000,5740,53527.609375
20129,2870000,5770,53535.90625
20130,2870000,5800,53173.90625
20131,2870000,5830,52725.484375
20132,2870000,5860,52720.78125
20133,2870000,5890,53013.09375
20134,2870000,5920,53367.90625
20135,2870000,5950,53659.40625
20136,2870000,5980,53474.40625
20137,2870000,6010,53324.984375
20138,2870000,6040,52891.5
20139,2870000,6070,53148.40625
20140,2870000,6100,53184.5
20141,2870000,6130,52984.09375
20142,2870000,6160,53010.40625
20143,2870000,6190,53204.5
20144,2870000,6220,53513.203125
20145,2870000,6250,53462.5
20146,2870000,6280,53260.984375
20147,2870000,6310,52833.203125
20148,2870000,6340,52486.984375
20149,2870000,6370,53349.515625
20150,2870000,6400,53722.015625
20151,2870000,6430,53788.40625
20152,2870000,6460,53369.21875
20153,2870000,6490,52655.40625
20154,2870000,6520,52503.890625
20155,2870000,6550,53020.6875
20156,2870000,6580,53613.3125
20157,2870000,6610,53815.015625
20158,2870000,6640,53479.90625
20159,2870000,6670,53051.796875
20160,2870000,6700,52441.015625
20161,2870000,6730,53112.40625
20162,2870000,6760,53386.21875
20163,2870000,6790,53512.796875
20164,2870000,6820,53346.90625
20165,2870000,6850,53270.09375
20166,2870000,6880,53305.3125
20167,2870000,6910,53352.796875
20168,2870000,6940,53232.28125
20169,2870000,6970,52670.296875
20170,2870000,7000,53092.5
20171,2870000,7030,53282.703125
20172,2870000,7060,53630.5
20173,2870000,7090,53648.8125
20174,2870000,7120,53360.296875
20175,2870000,7150,52799.484375
20176,2870000,7180,52750.609375
20177,2870000,7210,53293.890625
20178,2870000,7240,53719.109375
20179,2870000,7270,53494.109375
20180,2870000,7300,53524.09375
20181,2870000,7330,53007.40625
20182,2870000,7360,52808.78125
20183,2870000,7390,53025.390625
20184,2870000,7420,53445.890625
20185,2870000,7450,53643.3125
20186,2870000,7480,53651.5
20187,2870000,7510,53294.90625
20188,2870000,7540,53067.90625
20189,2870000,7570,53102.09375
20190,2870000,7600,53282.703125
20191,2870000,7630,53028.390625
20192,2870000,7660,53511.21875
20193,2870000,7690,53420.109375
20194,2870000,7720,53302.6875
20195,2870000,7750,53214.703125
20196,2870000,7780,53048.90625
20197,2870000,7810,53099.78125
20198,2870000,7840,53285.515625
20199,2870000,7870,53489.796875
20200,2870000,7900,53255.0
20201,2870000,7930,53598.296875
20202,2870000,7960,53431.6875
20203,2870000,7990,53255.8125
20204,2870000,8020,53159.0
20205,2870000,8050,53206.1875
20206,2870000,8080,53382.484375
20207,2870000,8110,53581.8125
20208,2870000,8140,53552.21875
20209,2870000,8170,53393.40625
20210,2870000,8200,53204.78125
20211,2870000,8230,53113.3125
20212,2870000,8260,52827.109375
20213,2870000,8290,53560.015625
20214,2870000,8320,53764.796875
20215,2870000,8350,53670.8125
20216,2870000,8380,53382.109375
20217,2870000,8410,52979.609375
20218,2870000,8440,52829.1875
20219,2870000,8470,53201.015625
20220,2870000,8500,53624.40625
20221,2870000,8530,53362.59375
20222,2870000,8560,53563.3125
20223,2870000,8590,53212.40625
20224,2870000,8620,53111.796875
20225,2870000,8650,53285.5
20226,2870000,8680,53555.015625
20227,2870000,8710,53711.0
20228,2870000,8740,53474.890625
20229,2870000,8770,53233.0
20230,2870000,8800,53184.59375
20231,2870000,8830,53376.59375
20232,2870000,8860,53408.28125
20233,2870000,8890,53009.890625
20234,2870000,8920,53292.8125
20235,2870000,8950,53416.3125
20236,2870000,8980,53630.6875
20237,2870000,9010,53826.1875
20238,2870000,9040,53604.90625
20239,2870000,9070,53172.6875
20240,2870000,9100,52877.390625
20241,2870000,9130,53179.5
20242,2870000,9160,53212.40625
20243,2870000,9190,53861.296875
20244,2870000,9220,53632.609375
20245,2870000,9250,53103.609375
20246,2870000,9280,52903.6875
20247,2870000,9310,53289.390625
20248,2870000,9340,53755.1875
20249,2870000,9370,53922.5
20250,2870000,9400,53679.515625
20251,2870000,9430,53158.59375
20252,2870000,9460,52961.6875
20253,2870000,9490,53346.703125
20254,2870000,9520,53183.203125
20255,2870000,9550,53693.0
20256,2870000,9580,53473.40625
20257,2870000,9610,53232.1875
20258,2870000,9640,53351.28125
20259,2870000,9670,53626.796875
20260,2870000,9700,53681.3125
20261,2870000,9730,53555.59375
20262,2870000,9760,53263.1875
20263,2870000,9790,53247.1875
20264,2870000,9820,53145.796875
20265,2870000,9850,53757.8125
20266,2870000,9880,53645.09375
20267,2870000,9910,53269.703125
20268,2870000,9940,53085.09375
20269,2870000,9970,53299.203125
20270,2870000,10000,53675.609375
20271,2870000,10030,53928.28125
20272,2870000,10060,53763.796875
20273,2870000,10090,52882.015625
20274,2870000,10120,53089.78125
20275,2870000,10150,53302.3125
20276,2870000,10180,53622.09375
20277,2870000,10210,53810.0
20278,2870000,10240,53660.109375
20279,2870000,10270,53279.390625
20280,2870000,10300,53252.390625
20281,2870000,10330,53376.515625
20282,2870000,10360,53665.609375
20283,2870000,10390,53663.09375
20284,2870000,10420,53487.109375
20285,2870000,10450,52993.203125
20286,2870000,10480,53356.703125
20287,2870000,10510,53513.6875
20288,2870000,10540,53578.09375
20289,2870000,10570,53529.109375
20290,2870000,10600,53415.296875
20291,2870000,10630,53435.78125
20292,2870000,10660,53521.015625
20293,2870000,10690,53669.40625
20294,2870000,10720,53271.609375
20295,2870000,10750,53489.3125
20296,2870000,10780,53345.890625
20297,2870000,10810,53440.0
20298,2870000,10840,53478.78125
20299,2870000,10870,53637.78125
20300,2870000,10900,53635.0
20301,2870000,10930,53452.3125
20302,2870000,10960,53434.1875
20303,2870000,10990,53441.796875
20304,2870000,11020,53528.59375
20305,2870000,11050,53670.609375
20306,2870000,11080,53609.40625
20307,2870000,11110,53188.6875
20308,2870000,11140,53495.515625
20309,2870000,11170,53393.40625
20310,2870000,11200,53480.90625
20311,2870000,11230,53555.890625
20312,2870000,11260,53530.0
20313,2870000,11290,53562.890625
20314,2870000,11320,53497.21875
20315,2870000,11350,53099.0
20316,2870000,11380,53500.40625
20317,2870000,11410,53596.28125
20318,2870000,11440,53583.1875
20319,2870000,11470,53540.5
20320,2870000,11500,53477.796875
20321,2870000,11530,53495.484375
20322,2870000,11560,53569.0
20323,2870000,11590,53483.90625
20324,2870000,11620,53569.0
20325,2870000,11650,53581.890625
20326,2870000,11680,53511.5
20327,2870000,11710,53122.203125
20328,2870000,11740,53628.203125
20329,2870000,11770,53630.09375
20330,2870000,11800,53616.40625
20331,2870000,11830,53583.890625
20332,2870000,11860,53454.796875
20333,2870000,11890,53449.703125
20334,2870000,11920,53578.1875
20335,2870000,11950,53664.59375
20336,2870000,11980,53714.40625
20337,2870000,12010,53106.0
20338,2870000,12040,53472.59375
20339,2870000,12070,53538.609375
20340,2870000,12100,53634.703125
20341,2870000,12130,53683.90625
20342,2870000,12160,53589.296875
20343,2870000,12190,53517.6875
20344,2870000,12220,53472.390625
20345,2870000,12250,53577.90625
20346,2870000,12280,53286.015625
20347,2870000,12310,53678.28125
20348,2870000,12340,53547.78125
20349,2870000,12370,53432.6875
20350,2870000,12400,53468.796875
20351,2870000,12430,53624.203125
20352,2870000,12460,53707.90625
20353,2870000,12490,53652.0
20354,2870000,12520,53593.203125
20355,2870000,12550,53433.890625
20356,2870000,12580,53544.6875
20357,2870000,12610,53610.90625
20358,2870000,12640,53725.796875
20359,2870000,12670,53238.1875
20360,2870000,12700,53552.1875
20361,2870000,12730,53495.40625
20362,2870000,12760,53576.0
20363,2870000,12790,53662.890625
20364,2870000,12820,53643.203125
20365,2870000,12850,53570.8125
20366,2870000,12880,53519.703125
20367,2870000,12910,53164.703125
20368,2870000,12940,53672.5
20369,2870000,12970,53691.3125
20370,2870000,13000,53618.0
20371,2870000,13030,53561.296875
20372,2870000,13060,53475.3125
20373,2870000,13090,53623.296875
20374,2870000,13120,53662.6875
20375,2870000,13150,53628.296875
20376,2870000,13180,53455.515625
20377,2870000,13210,53449.90625
20378,2870000,13240,53476.8125
20379,2870000,13270,53244.09375
20380,2870000,13300,53759.890625
20381,2870000,13330,53671.3125
20382,2870000,13360,53589.296875
20383,2870000,13390,53420.8125
20384,2870000,13420,53565.09375
20385,2870000,13450,53624.90625
20386,2870000,13480,53701.5
20387,2870000,13510,53650.015625
20388,2870000,13540,53221.8125
20389,2870000,13570,53498.21875
20390,2870000,13600,53552.296875
20391,2870000,13630,53606.59375
20392,2870000,13660,53643.28125
20393,2870000,13690,53589.1875
20394,2870000,13720,53588.015625
20395,2870000,13750,53603.015625
20396,2870000,13780,53616.109375
20397,2870000,13810,53649.890625
20398,2870000,13840,53568.609375
20399,2870000,13870,53529.90625
20400,2870000,13900,53208.09375
20401,2870000,13930,53685.796875
20402,2870000,13960,53729.5
20403,2870000,13990,53663.703125
20404,2870000,14020,53598.40625
20405,2870000,14050,53520.984375
20406,2870000,14080,53605.90625
20407,2870000,14110,53617.28125
20408,2870000,14140,53691.3125
20409,2870000,14170,53242.515625
20410,2870000,14200,53542.21875
20411,2870000,14230,53511.3125
20412,2870000,14260,53592.890625
20413,2870000,14290,53621.90625
20414,2870000,14320,53678.484375
20415,2870000,14350,53718.3125
20416,2870000,14380,53639.6875
20417,2870000,14410,53655.8125
20418,2870000,14440,53619.515625
20419,2870000,14470,53187.296875
20420,2870000,14500,53653.6875
20421,2870000,14530,53631.515625
20422,2870000,14560,53640.1875
20423,2870000,14590,53684.59375
20424,2870000,14620,53722.203125
20425,2870000,14650,53531.203125
20426,2870000,14680,53560.796875
20427,2870000,14710,53575.609375
20428,2870000,14740,53640.78125
20429,2870000,14770,53703.5
20430,2870000,14800,53716.203125
20431,2870000,14830,53206.0
20432,2870000,14860,53549.296875
20433,2870000,14890,53531.890625
20434,2870000,14920,53614.6875
20435,2870000,14950,53642.203125
20436,2870000,14980,53692.515625
20437,2870000,15010,53621.984375
20438,2870000,15040,53615.796875
20439,2870000,15070,53678.109375
20440,2870000,15100,53626.28125
20441,2870000,15130,53622.796875
20442,2870000,15160,53625.40625
20443,2870000,15190,53256.40625
20444,2870000,15220,53646.796875
20445,2870000,15250,53668.1875
20446,2870000,15280,53606.5
20447,2870000,15310,53585.8125
20448,2870000,15340,53580.390625
20449,2870000,15370,53621.59375
20450,2870000,15400,53687.0
20451,2870000,15430,53755.6875
20452,2870000,15460,53286.0
20453,2870000,15490,53560.796875
20454,2870000,15520,53542.5
20455,2870000,15550,53528.296875
20456,2870000,15580,53645.6875
20457,2870000,15610,53700.8125
20458,2870000,15640,53696.296875
20459,2870000,15670,53570.40625
20460,2870000,15700,53584.59375
20461,2870000,15730,53180.109375
20462,2870000,15760,53653.203125
20463,2870000,15790,53696.015625
20464,2870000,15820,53693.3125
20465,2870000,15850,53596.984375
20466,2870000,15880,53612.78125
20467,2870000,15910,53605.0
20468,2870000,15940,53672.21875
20469,2870000,15970,53703.3125
20470,2870000,16000,53629.90625
20471,2870000,16030,53698.6875
20472,2870000,16060,53678.0
20473,2870000,16090,53261.3125
20474,2870000,16120,53604.09375
20475,2870000,16150,53575.1875
20476,2870000,16180,53544.28125
20477,2870000,16210,53616.484375
20478,2870000,16240,53660.5
20479,2870000,16270,53729.40625
20480,2870000,16300,53653.78125
20481,2870000,16330,53597.8125
20482,2870000,16360,53203.0
20483,2870000,16390,53620.3125
20484,2870000,16420,53658.484375
20485,2870000,16450,53657.609375
20486,2870000,16480,53698.109375
20487,2870000,16510,53661.984375
20488,2870000,16540,53641.1875
20489,2870000,16570,53634.8125
20490,2870000,16600,53632.890625
20491,2870000,16630,53656.796875
20492,2870000,16660,53310.484375
20493,2870000,16690,53646.203125
20494,2870000,16720,53671.390625
20495,2870000,16750,53670.296875
20496,2870000,16780,53667.71875
20497,2870000,16810,53646.796875
20498,2870000,16840,53658.484375
20499,2870000,16870,53717.703125
20500,2870000,16900,53700.0
20501,2870000,16930,53714.21875
20502,2870000,16960,53681.09375
20503,2870000,16990,53736.1875
20504,2870000,17020,53290.0
20505,2870000,17050,53685.0
20506,2870000,17080,53694.3125
20507,2870000,17110,53715.390625
20508,2870000,17140,53665.59375
20509,2870000,17170,53705.28125
20510,2870000,17200,53634.609375
20511,2870000,17230,53619.390625
20512,2870000,17260,53638.8125
20513,2870000,17290,53349.203125
20514,2870000,17320,53719.109375
20515,2870000,17350,53738.0
20516,2870000,17380,53625.703125
20517,2870000,17410,53635.890625
20518,2870000,17440,53590.78125
20519,2870000,17470,53653.40625
20520,2870000,17500,53720.3125
20521,2870000,17530,53761.984375
20522,2870000,17560,53688.203125
20523,2870000,17590,53599.8125
20524,2870000,17620,53580.5
20525,2870000,17650,53292.21875
20526,2870000,17680,53726.515625
20527,2870000,17710,53690.8125
20528,2870000,17740,53586.59375
20529,2870000,17770,53633.59375
20530,2870000,17800,53616.0
20531,2870000,17830,53719.09375
20532,2870000,17860,53670.796875
20533,2870000,17890,53639.890625
20534,2870000,17920,53302.40625
20535,2870000,17950,53662.09375
20536,2870000,17980,53676.40625
20537,2870000,18010,53807.390625
20538,2870000,18040,53700.40625
20539,2870000,18070,53657.109375
20540,2870000,18100,53633.0
20541,2870000,18130,53708.796875
20542,2870000,18160,53785.8125
20543,2870000,18190,53732.40625
20544,2870000,18220,53668.6875
20545,2870000,18250,53615.796875
20546,2870000,18280,53179.8125
20547,2870000,18310,53667.390625
20548,2870000,18340,53757.6875
20549,2870000,18370,53789.890625
20550,2870000,18400,53729.0
20551,2870000,18430,53676.296875
20552,2870000,18460,53655.984375
20553,2870000,18490,53719.703125
20554,2870000,18520,53741.90625
20555,2870000,18550,53312.703125
20556,2870000,18580,53685.515625
20557,2870000,18610,53651.390625
20558,2870000,18640,53698.90625
20559,2870000,18670,53702.984375
20560,2870000,18700,53775.984375
20561,2870000,18730,53645.40625
20562,2870000,18760,53639.296875
20563,2870000,18790,53656.90625
20564,2870000,18820,53719.8125
20565,2870000,18850,53670.6875
20566,2870000,18880,53727.0
20567,2870000,18910,54034.5
20568,2870000,18940,53724.890625
20569,2870000,18970,53747.8125
20570,2870000,19000,53760.015625
20571,2870000,19030,53789.40625
20572,2870000,19060,53311.203125
20573,2870000,19090,53626.703125
20574,2870000,19120,53719.0
20575,2870000,19150,53759.59375
20576,2870000,19180,53744.609375
20577,2870000,19210,53664.203125
20578,2870000,19240,53648.796875
20579,2870000,19270,53707.109375
20580,2870000,19300,53663.3125
20581,2870000,19330,53284.203125
20582,2870000,19360,53666.8125
20583,2870000,19390,53714.609375
20584,2870000,19420,53719.390625
20585,2870000,19450,53705.390625
20586,2870000,19480,53650.21875
20587,2870000,19510,53719.609375
20588,2870000,19540,53732.59375
20589,2870000,19570,53759.890625
20590,2870000,19600,53671.203125
20591,2870000,19630,53690.796875
20592,2870000,19660,53700.59375
20593,2870000,19690,53381.609375
20594,2870000,19720,53720.0
20595,2870000,19750,53652.609375
20596,2870000,19780,53610.09375
20597,2870000,19810,53723.90625
20598,2870000,19840,53748.609375
20599,2870000,19870,53788.6875
20600,2870000,19900,53723.203125
20601,2870000,19930,53696.5
20602,2870000,19960,53284.71875
20603,2870000,19990,53671.609375
20604,2870000,20020,53728.1875
20605,2870000,20050,53789.1875
20606,2870000,20080,53744.5
20607,2870000,20110,53767.1875
20608,2870000,20140,53674.296875
20609,2870000,20170,53732.40625
20610,2870000,20200,53728.59375
20611,2870000,20230,53730.90625
20612,2870000,20260,53757.609375
20613,2870000,20290,53754.390625
20614,2870000,20320,53333.609375
20615,2870000,20350,53728.40625
20616,2870000,20380,53721.390625
20617,2870000,20410,53804.28125
20618,2870000,20440,53722.8125
20619,2870000,20470,53674.609375
20620,2870000,20500,53673.8125
20621,2870000,20530,53712.296875
20622,2870000,20560,53718.0
20623,2870000,20590,53287.3125
20624,2870000,20620,53706.0
20625,2870000,20650,53687.90625
20626,2870000,20680,53751.796875
20627,2870000,20710,53752.59375
20628,2870000,20740,53765.09375
20629,2870000,20770,53768.109375
20630,2870000,20800,53691.609375
20631,2870000,20830,53702.59375
20632,2870000,20860,53664.3125
20633,2870000,20890,53366.0
20634,2870000,20920,53774.203125
20635,2870000,20950,53735.6875
20636,2870000,20980,53730.890625
20637,2870000,21010,53670.015625
20638,2870000,21040,53636.59375
20639,2870000,21070,53702.890625
20640,2870000,21100,53719.5
20641,2870000,21130,53701.90625
20642,2870000,21160,53693.984375
20643,2870000,21190,53717.609375
20644,2870000,21220,53793.609375
20645,2870000,21250,53333.59375
20646,2870000,21280,53705.3125
20647,2870000,21310,53729.5
20648,2870000,21340,53706.09375
20649,2870000,21370,53769.796875
20650,2870000,21400,53739.71875
20651,2870000,21430,53699.40625
20652,2870000,21460,53751.0
20653,2870000,21490,53669.390625
20654,2870000,21520,53336.1875
20655,2870000,21550,53773.90625
20656,2870000,21580,53742.296875
20657,2870000,21610,53706.59375
20658,2870000,21640,53667.59375
20659,2870000,21670,53673.203125
20660,2870000,21700,53699.8125
20661,2870000,21730,53709.984375
20662,2870000,21760,53759.5
20663,2870000,21790,53767.5
20664,2870000,21820,53741.015625
20665,2870000,21850,53666.890625
20666,2870000,21880,53343.890625
20667,2870000,21910,53742.90625
20668,2870000,21940,53719.8125
20669,2870000,21970,53771.890625
20670,2870000,22000,53729.90625
20671,2870000,22030,53701.3125
20672,2870000,22060,53765.203125
20673,2870000,22090,53691.703125
20674,2870000,22120,53734.515625
20675,2870000,22150,53278.09375
20676,2870000,22180,53742.40625
20677,2870000,22210,53685.5
20678,2870000,22240,53787.6875
20679,2870000,22270,53703.5
20680,2870000,22300,53721.0
20681,2870000,22330,53632.1875
20682,2870000,22360,53648.703125
20683,2870000,22390,53756.703125
20684,2870000,22420,53763.78125
20685,2870000,22450,53761.09375
20686,2870000,22480,53697.28125
20687,2870000,22510,53278.8125
20688,2870000,22540,53713.5
20689,2870000,22570,53732.890625
20690,2870000,22600,53763.0
20691,2870000,22630,53735.59375
20692,2870000,22660,53791.609375
20693,2870000,22690,53672.6875
20694,2870000,22720,53729.515625
20695,2870000,22750,53766.109375
20696,2870000,22780,53396.796875
20697,2870000,22810,53709.5
20698,2870000,22840,53692.109375
20699,2870000,22870,53734.28125
20700,2870000,22900,53676.703125
20701,2870000,22930,53733.984375
20702,2870000,22960,53737.6875
20703,2870000,22990,53696.71875
20704,2870000,23020,53689.8125
20705,2870000,23050,53683.484375
20706,2870000,23080,53743.0
20707,2870000,23110,53721.0
20708,2870000,23140,53264.09375
20709,2870000,23170,53768.109375
20710,2870000,23200,53757.8125
20711,2870000,23230,53745.015625
20712,2870000,23260,53781.59375
20713,2870000,23290,53747.40625
20714,2870000,23320,53723.90625
20715,2870000,23350,53724.296875
20716,2870000,23380,53719.0
20717,2870000,23410,53745.890625
20718,2870000,23440,53291.6875
20719,2870000,23470,53736.09375
20720,2870000,23500,53770.390625
20721,2870000,23530,53745.390625
20722,2870000,23560,53723.5
20723,2870000,23590,53700.890625
20724,2870000,23620,53761.1875
20725,2870000,23650,53710.609375
20726,2870000,23680,53673.0
20727,2870000,23710,53303.296875
20728,2870000,23740,53749.90625
20729,2870000,23770,53720.796875
20730,2870000,23800,53716.203125
20731,2870000,23830,53770.59375
20732,2870000,23860,53688.1875
20733,2870000,23890,53761.515625
20734,2870000,23920,53764.5
20735,2870000,23950,53777.609375
20736,2870000,23980,53733.5
20737,2870000,24010,53691.40625
20738,2870000,24040,53756.796875
20739,2870000,24070,53321.21875
20740,2870000,24100,53730.484375
20741,2870000,24130,53773.0
20742,2870000,24160,53691.703125
20743,2870000,24190,53687.796875
20744,2870000,24220,53704.71875
20745,2870000,24250,53742.1875
20746,2870000,24280,53765.609375
20747,2870000,24310,53684.484375
20748,2870000,24340,53314.28125
20749,2870000,24370,53736.40625
20750,2870000,24400,53755.890625
20751,2870000,24430,53735.40625
20752,2870000,24460,53669.109375
20753,2870000,24490,53748.0
20754,2870000,24520,53773.90625
20755,2870000,24550,53745.78125
20756,2870000,24580,53736.8125
20757,2870000,24610,53729.609375
20758,2870000,24640,53625.0
20759,2870000,24670,53695.5
20760,2870000,24700,53334.6875
20761,2870000,24730,53770.28125
20762,2870000,24760,53701.609375
20763,2870000,24790,53698.40625
20764,2870000,24820,53719.09375
20765,2870000,24850,53778.796875
20766,2870000,24880,53705.5
20767,2870000,24910,53723.8125
20768,2870000,24940,53731.890625
20769,2870000,24970,53267.6875
20770,2870000,25000,53725.296875
20771,2870000,25030,53771.40625
20772,2870000,25060,53689.890625
20773,2870000,25090,53699.296875
20774,2870000,25120,53646.40625
20775,2870000,25150,53744.296875
20776,2870000,25180,53773.890625
20777,2870000,25210,53642.09375
20778,2870000,25240,53686.28125
20779,2870000,25270,53683.703125
20780,2870000,25300,53696.90625
20781,2870000,25330,53305.3125
20782,2870000,25360,53776.59375
20783,2870000,25390,53681.09375
20784,2870000,25420,53717.6875
20785,2870000,25450,53723.609375
20786,2870000,25480,53781.390625
20787,2870000,25510,53746.015625
20788,2870000,25540,53702.890625
20789,2870000,25570,53728.0
20790,2870000,25600,53739.3125
20791,2870000,25630,53294.90625
20792,2870000,25660,53708.109375
20793,2870000,25690,53729.09375
20794,2870000,25720,53730.984375
20795,2870000,25750,53727.6875
20796,2870000,25780,53794.0
20797,2870000,25810,53727.40625
20798,2870000,25840,53730.296875
20799,2870000,25870,53698.59375
20800,2870000,25900,53262.796875
20801,2870000,25930,53697.984375
20802,2870000,25960,53719.796875
20803,2870000,25990,53706.703125
20804,2870000,26020,53662.09375
20805,2870000,26050,53719.609375
20806,2870000,26080,53707.203125
20807,2870000,26110,53685.78125
20808,2870000,26140,53729.90625
20809,2870000,26170,53629.984375
20810,2870000,26200,53686.484375
20811,2870000,26230,53710.8125
20812,2870000,26260,53675.390625
20813,2870000,26290,53354.90625
20814,2870000,26320,53687.09375
20815,2870000,26350,53711.890625
20816,2870000,26380,53762.109375
20817,2870000,26410,53771.984375
20818,2870000,26440,53718.90625
20819,2870000,26470,53711.609375
20820,2870000,26500,53729.390625
20821,2870000,26530,53305.78125
20822,2870000,26560,53745.796875
20823,2870000,26590,53792.703125
20824,2870000,26620,53761.109375
20825,2870000,26650,53748.109375
20826,2870000,26680,53750.28125
20827,2870000,26710,53720.71875
20828,2870000,26740,53699.703125
20829,2870000,26770,53777.3125
20830,2870000,26800,53708.09375
20831,2870000,26830,53728.984375
20832,2870000,26860,53685.90625
20833,2870000,26890,53271.5
20834,2870000,26920,53800.90625
20835,2870000,26950,53672.5
20836,2870000,26980,53681.515625
20837,2870000,27010,53761.1875
20838,2870000,27040,53738.703125
20839,2870000,27070,53754.90625
20840,2870000,27100,53771.90625
20841,2870000,27130,53682.71875
20842,2870000,27160,53305.0
20843,2870000,27190,53752.203125
20844,2870000,27220,53727.0
20845,2870000,27250,53709.203125
20846,2870000,27280,53715.203125
20847,2870000,27310,53727.09375
20848,2870000,27340,53741.90625
20849,2870000,27370,53683.0
20850,2870000,27400,53740.890625
20851,2870000,27430,53757.8125
20852,2870000,27460,53688.28125
20853,2870000,27490,53750.71875
20854,2870000,27520,53704.28125
20855,2870000,27550,53322.296875
20856,2870000,27580,53734.3125
20857,2870000,27610,53769.296875
20858,2870000,27640,53703.3125
20859,2870000,27670,53713.390625
20860,2870000,27700,53689.390625
20861,2870000,27730,53794.296875
20862,2870000,27760,53754.609375
20863,2870000,27790,53316.609375
20864,2870000,27820,53757.015625
20865,2870000,27850,53776.78125
20866,2870000,27880,53720.890625
20867,2870000,27910,53692.8125
20868,2870000,27940,53701.796875
20869,2870000,27970,53750.5
20870,2870000,28000,53740.015625
20871,2870000,28030,53705.8125
20872,2870000,28060,53783.0
20873,2870000,28090,53706.40625
20874,2870000,28120,53750.90625
20875,2870000,28150,53326.71875
20876,2870000,28180,53666.59375
20877,2870000,28210,53664.015625
20878,2870000,28240,53731.09375
20879,2870000,28270,53711.0
20880,2870000,28300,53724.484375
20881,2870000,28330,53782.90625
20882,2870000,28360,53714.09375
20883,2870000,28390,53694.890625
20884,2870000,28420,53756.5
20885,2870000,28450,53320.40625
20886,2870000,28480,53760.5
20887,2870000,28510,53703.203125
20888,2870000,28540,53727.59375
20889,2870000,28570,53768.796875
20890,2870000,28600,53742.0
20891,2870000,28630,53710.3125
20892,2870000,28660,53728.0
20893,2870000,28690,53713.796875
20894,2870000,28720,53750.6875
20895,2870000,28750,53723.6875
20896,2870000,28780,53303.78125
20897,2870000,28810,53685.984375
20898,2870000,28840,53692.59375
20899,2870000,28870,53705.890625
20900,2870000,28900,53680.609375
20901,2870000,28930,53694.5
20902,2870000,28960,53732.890625
20903,2870000,28990,53724.296875
20904,2870000,29020,53715.6875
20905,2870000,29050,53678.8125
20906,2870000,29080,53344.390625
20907,2870000,29110,53702.203125
20908,2870000,29140,53707.40625
20909,2870000,29170,53676.6875
20910,2870000,29200,53760.0
20911,2870000,29230,53714.40625
20912,2870000,29260,53710.09375
20913,2870000,29290,53724.90625
20914,2870000,29320,53771.90625
20915,2870000,29350,53321.90625
20916,2870000,29380,53703.796875
20917,2870000,29410,53704.40625
20918,2870000,29440,53750.0
20919,2870000,29470,53750.203125
20920,2870000,29500,53714.703125
20921,2870000,29530,53747.484375
20922,2870000,29560,53785.90625
20923,2870000,29590,53733.21875
20924,2870000,29620,53725.6875
20925,2870000,29650,53687.296875
20926,2870000,29680,53741.90625
20927,2870000,29710,53723.8125
20928,2870000,29740,53332.09375
20929,2870000,29770,53724.390625
20930,2870000,29800,53715.0
20931,2870000,29830,53731.703125
20932,2870000,29860,53708.78125
20933,2870000,29890,53729.0
20934,2870000,29920,53731.3125
20935,2870000,29950,53713.1875
20936,2870000,29980,53329.21875
20937,2870500,100,10246.6875
20938,2870500,130,44889.203125
20939,2870500,160,46952.203125
20940,2870500,190,45286.3125
20941,2870500,220,39380.09375
20942,2870500,250,43176.296875
20943,2870500,280,45997.90625
20944,2870500,310,46928.203125
20945,2870500,340,43485.90625
20946,2870500,370,37404.0
20947,2870500,400,39552.1875
20948,2870500,430,43736.71875
20949,2870500,460,44067.90625
20950,2870500,490,43911.3125
20951,2870500,520,42813.0
20952,2870500,550,44004.015625
20953,2870500,580,46469.1875
20954,2870500,610,46286.5
20955,2870500,640,43768.40625
20956,2870500,670,38579.609375
20957,2870500,700,38664.203125
20958,2870500,730,42323.1875
20959,2870500,760,44943.015625
20960,2870500,790,45653.0
20961,2870500,820,43734.796875
20962,2870500,850,41174.6875
20963,2870500,880,42093.296875
20964,2870500,910,45324.8125
20965,2870500,940,46605.1875
20966,2870500,970,45305.6875
20967,2870500,1000,43060.609375
20968,2870500,1030,41365.515625
20969,2870500,1060,41458.203125
20970,2870500,1090,42860.09375
20971,2870500,1120,43695.609375
20972,2870500,1150,44376.3125
20973,2870500,1180,44335.28125
20974,2870500,1210,44681.40625
20975,2870500,1240,44633.109375
20976,2870500,1270,44326.8125
20977,2870500,1300,43270.6875
20978,2870500,1330,42975.390625
20979,2870500,1360,43722.1875
20980,2870500,1390,44160.1875
20981,2870500,1420,43811.796875
20982,2870500,1450,43504.6875
20983,2870500,1480,42656.09375
20984,2870500,1510,42890.40625
20985,2870500,1540,44215.515625
20986,2870500,1570,45048.59375
20987,2870500,1600,45240.3125
20988,2870500,1630,44509.28125
20989,2870500,1660,43544.796875
20990,2870500,1690,43226.5
20991,2870500,1720,43127.28125
20992,2870500,1750,43326.6875
20993,2870500,1780,43751.59375
20994,2870500,1810,44172.0
20995,2870500,1840,44254.203125
20996,2870500,1870,44275.8125
20997,2870500,1900,43687.890625
20998,2870500,1930,43169.390625
20999,2870500,1960,43551.09375
21000,2870500,1990,44593.5
21001,2870500,2020,45189.390625
21002,2870500,2050,44707.40625
21003,2870500,2080,43628.1875
21004,2870500,2110,42540.203125
21005,2870500,2140,43163.515625
21006,2870500,2170,43941.703125
21007,2870500,2200,44787.3125
21008,2870500,2230,44597.59375
21009,2870500,2260,43698.59375
21010,2870500,2290,43252.0
21011,2870500,2320,43714.015625
21012,2870500,2350,44476.984375
21013,2870500,2380,44457.703125
21014,2870500,2410,43875.1875
21015,2870500,2440,43882.203125
21016,2870500,2470,43929.90625
21017,2870500,2500,44451.90625
21018,2870500,2530,44807.6875
21019,2870500,2560,43907.40625
21020,2870500,2590,43020.6875
21021,2870500,2620,43187.09375
21022,2870500,2650,44313.59375
21023,2870500,2680,45051.09375
21024,2870500,2710,44776.90625
21025,2870500,2740,43839.703125
21026,2870500,2770,43212.8125
21027,2870500,2800,43367.1875
21028,2870500,2830,44600.296875
21029,2870500,2860,45296.796875
21030,2870500,2890,44215.09375
21031,2870500,2920,43401.515625
21032,2870500,2950,42682.390625
21033,2870500,2980,43203.90625
21034,2870500,3010,44474.09375
21035,2870500,3040,44903.40625
21036,2870500,3070,44497.59375
21037,2870500,3100,43842.015625
21038,2870500,3130,43793.984375
21039,2870500,3160,44266.015625
21040,2870500,3190,44767.6875
21041,2870500,3220,44554.5
21042,2870500,3250,43591.09375
21043,2870500,3280,43366.0
21044,2870500,3310,43513.890625
21045,2870500,3340,44176.78125
21046,2870500,3370,44606.3125
21047,2870500,3400,44283.71875
21048,2870500,3430,43811.28125
21049,2870500,3460,43659.6875
21050,2870500,3490,44583.890625
21051,2870500,3520,45091.890625
21052,2870500,3550,44837.296875
21053,2870500,3580,43959.40625
21054,2870500,3610,43350.5
21055,2870500,3640,43417.109375
21056,2870500,3670,43775.390625
21057,2870500,3700,44356.59375
21058,2870500,3730,44261.59375
21059,2870500,3760,43935.40625
21060,2870500,3790,44051.890625
21061,2870500,3820,44174.484375
21062,2870500,3850,44818.71875
21063,2870500,3880,44814.703125
21064,2870500,3910,44264.09375
21065,2870500,3940,43936.40625
21066,2870500,3970,43718.296875
21067,2870500,4000,43828.984375
21068,2870500,4030,44126.609375
21069,2870500,4060,44125.28125
21070,2870500,4090,43814.59375
21071,2870500,4120,44018.390625
21072,2870500,4150,44442.09375
21073,2870500,4180,44781.59375
21074,2870500,4210,44705.609375
21075,2870500,4240,44582.09375
21076,2870500,4270,44266.59375
21077,2870500,4300,43904.6875
21078,2870500,4330,43910.890625
21079,2870500,4360,44025.296875
21080,2870500,4390,43891.484375
21081,2870500,4420,44015.71875
21082,2870500,4450,44020.609375
21083,2870500,4480,44607.0
21084,2870500,4510,44760.703125
21085,2870500,4540,44561.90625
21086,2870500,4570,44446.8125
21087,2870500,4600,44304.984375
21088,2870500,4630,44183.5
21089,2870500,4660,44297.5
21090,2870500,4690,44261.0
21091,2870500,4720,43764.8125
21092,2870500,4750,43925.015625
21093,2870500,4780,43950.6875
21094,2870500,4810,44291.296875
21095,2870500,4840,44555.59375
21096,2870500,4870,44743.796875
21097,2870500,4900,44696.0
21098,2870500,4930,44573.90625
21099,2870500,4960,44289.203125
21100,2870500,4990,44104.703125
21101,2870500,5020,44133.6875
21102,2870500,5050,44083.203125
21103,2870500,5080,43894.609375
21104,2870500,5110,44263.6875
21105,2870500,5140,44309.296875
21106,2870500,5170,44389.3125
21107,2870500,5200,44404.296875
21108,2870500,5230,44449.609375
21109,2870500,5260,44542.390625
21110,2870500,5290,44547.40625
21111,2870500,5320,44545.796875
21112,2870500,5350,44278.296875
21113,2870500,5380,44252.203125
21114,2870500,5410,43951.5
21115,2870500,5440,43921.015625
21116,2870500,5470,44154.390625
21117,2870500,5500,44425.6875
21118,2870500,5530,44740.1875
21119,2870500,5560,44737.0
21120,2870500,5590,44461.09375
21121,2870500,5620,44204.109375
21122,2870500,5650,44119.1875
21123,2870500,5680,44402.8125
21124,2870500,5710,44338.1875
21125,2870500,5740,44622.1875
21126,2870500,5770,44337.890625
21127,2870500,5800,44096.3125
21128,2870500,5830,43999.71875
21129,2870500,5860,44285.6875
21130,2870500,5890,44613.90625
21131,2870500,5920,44709.8125
21132,2870500,5950,44576.3125
21133,2870500,5980,44475.484375
21134,2870500,6010,44078.6875
21135,2870500,6040,44314.90625
21136,2870500,6070,44317.0
21137,2870500,6100,44283.1875
21138,2870500,6130,44234.390625
21139,2870500,6160,44420.90625
21140,2870500,6190,44648.109375
21141,2870500,6220,44646.5
21142,2870500,6250,44477.5
21143,2870500,6280,43870.296875
21144,2870500,6310,44086.1875
21145,2870500,6340,44423.796875
21146,2870500,6370,44835.8125
21147,2870500,6400,44902.703125
21148,2870500,6430,44464.59375
21149,2870500,6460,44042.390625
21150,2870500,6490,43941.609375
21151,2870500,6520,44237.0
21152,2870500,6550,44844.015625
21153,2870500,6580,44915.5
21154,2870500,6610,44632.203125
21155,2870500,6640,43991.390625
21156,2870500,6670,44146.296875
21157,2870500,6700,44204.0
21158,2870500,6730,44654.28125
21159,2870500,6760,44714.3125
21160,2870500,6790,44593.796875
21161,2870500,6820,44482.71875
21162,2870500,6850,44455.890625
21163,2870500,6880,44484.203125
21164,2870500,6910,44480.109375
21165,2870500,6940,44316.09375
21166,2870500,6970,44020.40625
21167,2870500,7000,44472.1875
21168,2870500,7030,44694.609375
21169,2870500,7060,44750.984375
21170,2870500,7090,44523.90625
21171,2870500,7120,44297.21875
21172,2870500,7150,44144.0
21173,2870500,7180,44410.8125
21174,2870500,7210,44835.5
21175,2870500,7240,44956.515625
21176,2870500,7270,44343.609375
21177,2870500,7300,44226.3125
21178,2870500,7330,44076.109375
21179,2870500,7360,44207.0
21180,2870500,7390,44618.1875
21181,2870500,7420,44839.8125
21182,2870500,7450,44800.28125
21183,2870500,7480,44515.5
21184,2870500,7510,44359.8125
21185,2870500,7540,44123.59375
21186,2870500,7570,44561.1875
21187,2870500,7600,44602.6875
21188,2870500,7630,44634.203125
21189,2870500,7660,44559.390625
21190,2870500,7690,44505.203125
21191,2870500,7720,44469.015625
21192,2870500,7750,44420.09375
21193,2870500,7780,44430.203125
21194,2870500,7810,44560.109375
21195,2870500,7840,44705.296875
21196,2870500,7870,44769.6875
21197,2870500,7900,44733.1875
21198,2870500,7930,44251.3125
21199,2870500,7960,44347.09375
21200,2870500,7990,44376.3125
21201,2870500,8020,44409.3125
21202,2870500,8050,44590.390625
21203,2870500,8080,44656.90625
21204,2870500,8110,44675.90625
21205,2870500,8140,44625.71875
21206,2870500,8170,44473.109375
21207,2870500,8200,44173.3125
21208,2870500,8230,44505.3125
21209,2870500,8260,44713.90625
21210,2870500,8290,44818.90625
21211,2870500,8320,44839.40625
21212,2870500,8350,44502.40625
21213,2870500,8380,44280.109375
21214,2870500,8410,44244.203125
21215,2870500,8440,44451.0
21216,2870500,8470,44590.296875
21217,2870500,8500,44961.609375
21218,2870500,8530,44751.28125
21219,2870500,8560,44554.703125
21220,2870500,8590,44379.390625
21221,2870500,8620,44485.90625
21222,2870500,8650,44755.890625
21223,2870500,8680,44823.5
21224,2870500,8710,44688.5
21225,2870500,8740,44462.015625
21226,2870500,8770,44445.6875
21227,2870500,8800,44577.0
21228,2870500,8830,44347.5
21229,2870500,8860,44675.59375
21230,2870500,8890,44536.78125
21231,2870500,8920,44607.609375
21232,2870500,8950,44708.8125
21233,2870500,8980,44820.5
21234,2870500,9010,44690.296875
21235,2870500,9040,44488.59375
21236,2870500,9070,44272.109375
21237,2870500,9100,44175.40625
21238,2870500,9130,44771.78125
21239,2870500,9160,44914.90625
21240,2870500,9190,44825.1875
21241,2870500,9220,44478.890625
21242,2870500,9250,44278.90625
21243,2870500,9280,44504.203125
21244,2870500,9310,44896.3125
21245,2870500,9340,45051.703125
21246,2870500,9370,44751.90625
21247,2870500,9400,44490.984375
21248,2870500,9430,44293.40625
21249,2870500,9460,44232.6875
21250,2870500,9490,44792.515625
21251,2870500,9520,44923.0
21252,2870500,9550,44757.28125
21253,2870500,9580,44560.1875
21254,2870500,9610,44568.296875
21255,2870500,9640,44729.59375
21256,2870500,9670,44783.890625
21257,2870500,9700,44739.890625
21258,2870500,9730,44200.8125
21259,2870500,9760,44469.3125
21260,2870500,9790,44662.09375
21261,2870500,9820,44825.40625
21262,2870500,9850,44819.09375
21263,2870500,9880,44617.515625
21264,2870500,9910,44407.09375
21265,2870500,9940,44481.984375
21266,2870500,9970,44771.40625
21267,2870500,10000,44956.5
21268,2870500,10030,44831.296875
21269,2870500,10060,44622.40625
21270,2870500,10090,44066.296875
21271,2870500,10120,44471.6875
21272,2870500,10150,44776.0
21273,2870500,10180,44964.1875
21274,2870500,10210,44812.28125
21275,2870500,10240,44576.8125
21276,2870500,10270,44484.5
21277,2870500,10300,44611.796875
21278,2870500,10330,44803.796875
21279,2870500,10360,44538.796875
21280,2870500,10390,44720.28125
21281,2870500,10420,44587.6875
21282,2870500,10450,44549.609375
21283,2870500,10480,44740.5
21284,2870500,10510,44795.40625
21285,2870500,10540,44682.484375
21286,2870500,10570,44627.3125
21287,2870500,10600,44552.09375
21288,2870500,10630,44733.515625
21289,2870500,10660,44810.0
21290,2870500,10690,44744.796875
21291,2870500,10720,44381.890625
21292,2870500,10750,44571.3125
21293,2870500,10780,44606.796875
21294,2870500,10810,44741.71875
21295,2870500,10840,44806.703125
21296,2870500,10870,44855.890625
21297,2870500,10900,44719.296875
21298,2870500,10930,44565.203125
21299,2870500,10960,44637.3125
21300,2870500,10990,44664.984375
21301,2870500,11020,44518.09375
21302,2870500,11050,44736.90625
21303,2870500,11080,44719.28125
21304,2870500,11110,44722.90625
21305,2870500,11140,44662.5
21306,2870500,11170,44721.90625
21307,2870500,11200,44692.59375
21308,2870500,11230,44741.0
21309,2870500,11260,44738.78125
21310,2870500,11290,44468.09375
21311,2870500,11320,44750.296875
21312,2870500,11350,44693.90625
21313,2870500,11380,44626.1875
21314,2870500,11410,44658.6875
21315,2870500,11440,44709.6875
21316,2870500,11470,44688.5
21317,2870500,11500,44749.0
21318,2870500,11530,44713.90625
21319,2870500,11560,44783.78125
21320,2870500,11590,44801.609375
21321,2870500,11620,44750.40625
21322,2870500,11650,44418.0
21323,2870500,11680,44710.5
21324,2870500,11710,44744.59375
21325,2870500,11740,44768.6875
21326,2870500,11770,44758.203125
21327,2870500,11800,44694.0
21328,2870500,11830,44689.984375
21329,2870500,11860,44624.40625
21330,2870500,11890,44695.296875
21331,2870500,11920,44776.71875
21332,2870500,11950,44743.109375
21333,2870500,11980,44418.984375
21334,2870500,12010,44692.28125
21335,2870500,12040,44654.3125
21336,2870500,12070,44783.59375
21337,2870500,12100,44796.203125
21338,2870500,12130,44827.8125
21339,2870500,12160,44760.609375
21340,2870500,12190,44645.3125
21341,2870500,12220,44729.515625
21342,2870500,12250,44848.1875
21343,2870500,12280,44561.6875
21344,2870500,12310,44723.09375
21345,2870500,12340,44695.296875
21346,2870500,12370,44693.09375
21347,2870500,12400,44814.5
21348,2870500,12430,44827.71875
21349,2870500,12460,44744.09375
21350,2870500,12490,44729.1875
21351,2870500,12520,44622.40625
21352,2870500,12550,44494.6875
21353,2870500,12580,44843.5
21354,2870500,12610,44855.3125
21355,2870500,12640,44838.703125
21356,2870500,12670,44641.0
21357,2870500,12700,44619.796875
21358,2870500,12730,44803.59375
21359,2870500,12760,44846.609375
21360,2870500,12790,44801.1875
21361,2870500,12820,44788.0
21362,2870500,12850,44389.09375
21363,2870500,12880,44692.515625
21364,2870500,12910,44741.59375
21365,2870500,12940,44838.109375
21366,2870500,12970,44816.59375
21367,2870500,13000,44720.390625
21368,2870500,13030,44730.09375
21369,2870500,13060,44738.0
21370,2870500,13090,44763.59375
21371,2870500,13120,44801.21875
21372,2870500,13150,44714.5
21373,2870500,13180,44737.8125
21374,2870500,13210,44394.109375
21375,2870500,13240,44876.8125
21376,2870500,13270,44873.5
21377,2870500,13300,44881.90625
21378,2870500,13330,44689.296875
21379,2870500,13360,44627.59375
21380,2870500,13390,44765.203125
21381,2870500,13420,44770.390625
21382,2870500,13450,44833.109375
21383,2870500,13480,44490.609375
21384,2870500,13510,44703.796875
21385,2870500,13540,44662.703125
21386,2870500,13570,44768.203125
21387,2870500,13600,44803.09375
21388,2870500,13630,44832.0
21389,2870500,13660,44783.390625
21390,2870500,13690,44763.5
21391,2870500,13720,44786.703125
21392,2870500,13750,44784.703125
21393,2870500,13780,44764.28125
21394,2870500,13810,44758.1875
21395,2870500,13840,44543.5
21396,2870500,13870,44799.015625
21397,2870500,13900,44827.78125
21398,2870500,13930,44825.5
21399,2870500,13960,44792.6875
21400,2870500,13990,44639.59375
21401,2870500,14020,44770.28125
21402,2870500,14050,44780.890625
21403,2870500,14080,44853.71875
21404,2870500,14110,44578.40625
21405,2870500,14140,44831.5
21406,2870500,14170,44750.3125
21407,2870500,14200,44717.09375
21408,2870500,14230,44791.5
21409,2870500,14260,44854.796875
21410,2870500,14290,44749.296875
21411,2870500,14320,44795.1875
21412,2870500,14350,44820.203125
21413,2870500,14380,44817.8125
21414,2870500,14410,44759.09375
21415,2870500,14440,44729.296875
21416,2870500,14470,44814.890625
21417,2870500,14500,44535.984375
21418,2870500,14530,44862.8125
21419,2870500,14560,44846.78125
21420,2870500,14590,44771.8125
21421,2870500,14620,44787.296875
21422,2870500,14650,44732.109375
21423,2870500,14680,44781.703125
21424,2870500,14710,44854.59375
21425,2870500,14740,44566.0
21426,2870500,14770,44833.78125
21427,2870500,14800,44761.5
21428,2870500,14830,44771.8125
21429,2870500,14860,44839.609375
21430,2870500,14890,44845.28125
21431,2870500,14920,44884.703125
21432,2870500,14950,44847.40625
21433,2870500,14980,44821.609375
21434,2870500,15010,44758.703125
21435,2870500,15040,44548.59375
21436,2870500,15070,44812.5
21437,2870500,15100,44825.890625
21438,2870500,15130,44747.8125
21439,2870500,15160,44812.3125
21440,2870500,15190,44825.59375
21441,2870500,15220,44876.0
21442,2870500,15250,44771.59375
21443,2870500,15280,44766.890625
21444,2870500,15310,44775.609375
21445,2870500,15340,44869.515625
21446,2870500,15370,44882.90625
21447,2870500,15400,44871.40625
21448,2870500,15430,44544.28125
21449,2870500,15460,44693.3125
21450,2870500,15490,44830.09375
21451,2870500,15520,44842.90625
21452,2870500,15550,44905.78125
21453,2870500,15580,44870.40625
21454,2870500,15610,44815.515625
21455,2870500,15640,44809.703125
21456,2870500,15670,44782.390625
21457,2870500,15700,44857.40625
21458,2870500,15730,44858.8125
21459,2870500,15760,44623.5
21460,2870500,15790,44864.109375
21461,2870500,15820,44831.3125
21462,2870500,15850,44836.5
21463,2870500,15880,44843.40625
21464,2870500,15910,44827.28125
21465,2870500,15940,44807.203125
21466,2870500,15970,44864.515625
21467,2870500,16000,44889.6875
21468,2870500,16030,44588.0
21469,2870500,16060,44887.40625
21470,2870500,16090,44812.890625
21471,2870500,16120,44783.09375
21472,2870500,16150,44890.703125
21473,2870500,16180,44858.296875
21474,2870500,16210,44934.609375
21475,2870500,16240,44860.609375
21476,2870500,16270,44782.1875
21477,2870500,16300,44502.40625
21478,2870500,16330,44801.703125
21479,2870500,16360,44892.1875
21480,2870500,16390,44838.40625
21481,2870500,16420,44882.09375
21482,2870500,16450,44843.09375
21483,2870500,16480,44877.09375
21484,2870500,16510,44793.59375
21485,2870500,16540,44825.3125
21486,2870500,16570,44820.609375
21487,2870500,16600,44847.40625
21488,2870500,16630,44849.09375
21489,2870500,16660,44536.5
21490,2870500,16690,44885.28125
21491,2870500,16720,44823.78125
21492,2870500,16750,44835.3125
21493,2870500,16780,44890.890625
21494,2870500,16810,44846.890625
21495,2870500,16840,44860.484375
21496,2870500,16870,44901.703125
21497,2870500,16900,44823.390625
21498,2870500,16930,44812.90625
21499,2870500,16960,44562.203125
21500,2870500,16990,44876.6875
21501,2870500,17020,44898.109375
21502,2870500,17050,44878.390625
21503,2870500,17080,44851.0
21504,2870500,17110,44852.40625
21505,2870500,17140,44829.21875
21506,2870500,17170,44825.0
21507,2870500,17200,44844.90625
21508,2870500,17230,44577.09375
21509,2870500,17260,44902.296875
21510,2870500,17290,44869.6875
21511,2870500,17320,44825.0
21512,2870500,17350,44787.296875
21513,2870500,17380,44800.890625
21514,2870500,17410,44793.0
21515,2870500,17440,44843.6875
21516,2870500,17470,44870.09375
21517,2870500,17500,44904.0
21518,2870500,17530,44826.609375
21519,2870500,17560,44828.609375
21520,2870500,17590,44580.609375
21521,2870500,17620,44841.59375
21522,2870500,17650,44875.1875
21523,2870500,17680,44775.390625
21524,2870500,17710,44852.40625
21525,2870500,17740,44886.0
21526,2870500,17770,44817.90625
21527,2870500,17800,44927.8125
21528,2870500,17830,44897.703125
21529,2870500,17860,44596.3125
21530,2870500,17890,44864.0
21531,2870500,17920,44875.40625
21532,2870500,17950,44870.890625
21533,2870500,17980,44914.390625
21534,2870500,18010,44874.28125
21535,2870500,18040,44804.59375
21536,2870500,18070,44854.609375
21537,2870500,18100,44870.1875
21538,2870500,18130,44934.390625
21539,2870500,18160,44822.0
21540,2870500,18190,44808.203125
21541,2870500,18220,44563.484375
21542,2870500,18250,44847.015625
21543,2870500,18280,44871.703125
21544,2870500,18310,44889.40625
21545,2870500,18340,44911.40625
21546,2870500,18370,44816.28125
21547,2870500,18400,44846.40625
21548,2870500,18430,44847.890625
21549,2870500,18460,44927.0
21550,2870500,18490,44611.5
21551,2870500,18520,44875.0
21552,2870500,18550,44899.40625
21553,2870500,18580,44869.015625
21554,2870500,18610,44884.09375
21555,2870500,18640,44868.390625
21556,2870500,18670,44860.5
21557,2870500,18700,44828.796875
21558,2870500,18730,44884.109375
21559,2870500,18760,44890.1875
21560,2870500,18790,44834.71875
21561,2870500,18820,44880.21875
21562,2870500,18850,44653.109375
21563,2870500,18880,44856.0
21564,2870500,18910,44844.5
21565,2870500,18940,44889.40625
21566,2870500,18970,44896.3125
21567,2870500,19000,44864.21875
21568,2870500,19030,44833.609375
21569,2870500,19060,44803.0
21570,2870500,19090,44839.1875
21571,2870500,19120,44649.28125
21572,2870500,19150,44867.59375
21573,2870500,19180,44834.59375
21574,2870500,19210,44858.90625
21575,2870500,19240,44859.1875
21576,2870500,19270,44828.59375
21577,2870500,19300,44866.796875
21578,2870500,19330,44899.203125
21579,2870500,19360,44930.296875
21580,2870500,19390,44870.21875
21581,2870500,19420,44844.390625
21582,2870500,19450,44880.390625
21583,2870500,19480,44609.203125
21584,2870500,19510,44879.984375
21585,2870500,19540,44865.3125
21586,2870500,19570,44850.796875
21587,2870500,19600,44852.796875
21588,2870500,19630,44850.609375
21589,2870500,19660,44891.5
21590,2870500,19690,44857.390625
21591,2870500,19720,44811.609375
21592,2870500,19750,44838.09375
21593,2870500,19780,44569.40625
21594,2870500,19810,44876.203125
21595,2870500,19840,44958.609375
21596,2870500,19870,44791.59375
21597,2870500,19900,44901.59375
21598,2870500,19930,44910.0
21599,2870500,19960,44892.78125
21600,2870500,19990,44928.40625
21601,2870500,20020,44909.609375
21602,2870500,20050,44590.109375
21603,2870500,20080,44892.390625
21604,2870500,20110,44851.90625
21605,2870500,20140,44883.09375
21606,2870500,20170,44880.8125
21607,2870500,20200,44825.28125
21608,2870500,20230,44879.0
21609,2870500,20260,44827.203125
21610,2870500,20290,44916.6875
21611,2870500,20320,44863.5
21612,2870500,20350,44837.984375
21613,2870500,20380,44886.703125
21614,2870500,20410,44582.28125
21615,2870500,20440,44925.21875
21616,2870500,20470,44842.109375
21617,2870500,20500,44930.890625
21618,2870500,20530,44912.515625
21619,2870500,20560,44857.703125
21620,2870500,20590,44870.296875
21621,2870500,20620,44902.890625
21622,2870500,20650,44856.90625
21623,2870500,20680,44962.515625
21624,2870500,20710,44904.40625
21625,2870500,20740,44588.484375
21626,2870500,20770,44862.890625
21627,2870500,20800,44901.3125
21628,2870500,20830,44926.796875
21629,2870500,20860,44914.484375
21630,2870500,20890,44840.09375
21631,2870500,20920,44873.8125
21632,2870500,20950,44930.09375
21633,2870500,20980,44859.203125
21634,2870500,21010,44918.09375
21635,2870500,21040,44638.109375
21636,2870500,21070,44921.09375
21637,2870500,21100,44928.890625
21638,2870500,21130,44878.09375
21639,2870500,21160,44887.703125
21640,2870500,21190,44874.5
21641,2870500,21220,44860.015625
21642,2870500,21250,44854.109375
21643,2870500,21280,44884.515625
21644,2870500,21310,44656.09375
21645,2870500,21340,44923.609375
21646,2870500,21370,44917.890625
21647,2870500,21400,44909.203125
21648,2870500,21430,44903.890625
21649,2870500,21460,44885.515625
21650,2870500,21490,44919.609375
21651,2870500,21520,44951.8125
21652,2870500,21550,44924.71875
21653,2870500,21580,44912.3125
21654,2870500,21610,44867.8125
21655,2870500,21640,44915.59375
21656,2870500,21670,44896.8125
21657,2870500,21700,44643.390625
21658,2870500,21730,44901.59375
21659,2870500,21760,44873.21875
21660,2870500,21790,44872.40625
21661,2870500,21820,44840.609375
21662,2870500,21850,44912.6875
21663,2870500,21880,44884.484375
21664,2870500,21910,44866.390625
21665,2870500,21940,44927.703125
21666,2870500,21970,44881.40625
21667,2870500,22000,44586.484375
21668,2870500,22030,44965.0
21669,2870500,22060,44908.109375
21670,2870500,22090,44932.390625
21671,2870500,22120,44863.109375
21672,2870500,22150,44841.5
21673,2870500,22180,44897.90625
21674,2870500,22210,44895.109375
21675,2870500,22240,44628.890625
21676,2870500,22270,44825.484375
21677,2870500,22300,44903.109375
21678,2870500,22330,44907.6875
21679,2870500,22360,44834.390625
21680,2870500,22390,44921.6875
21681,2870500,22420,44876.78125
21682,2870500,22450,44858.0
21683,2870500,22480,44882.90625
21684,2870500,22510,44900.203125
21685,2870500,22540,44821.609375
21686,2870500,22570,44896.0
21687,2870500,22600,44597.78125
21688,2870500,22630,44849.0
21689,2870500,22660,44871.8125
21690,2870500,22690,44934.5
21691,2870500,22720,44911.0
21692,2870500,22750,44886.90625
21693,2870500,22780,44883.390625
21694,2870500,22810,44851.390625
21695,2870500,22840,44879.40625
21696,2870500,22870,44644.59375
21697,2870500,22900,44883.0
21698,2870500,22930,44913.515625
21699,2870500,22960,44912.09375
21700,2870500,22990,44879.6875
21701,2870500,23020,44865.59375
21702,2870500,23050,44882.5
21703,2870500,23080,44906.796875
21704,2870500,23110,44873.1875
21705,2870500,23140,44908.59375
21706,2870500,23170,44938.890625
21707,2870500,23200,44863.5
21708,2870500,23230,44653.0
21709,2870500,23260,44906.28125
21710,2870500,23290,44909.484375
21711,2870500,23320,44876.59375
21712,2870500,23350,44936.6875
21713,2870500,23380,44873.78125
21714,2870500,23410,44948.109375
21715,2870500,23440,44841.59375
21716,2870500,23470,44879.09375
21717,2870500,23500,44605.90625
21718,2870500,23530,44865.90625
21719,2870500,23560,44911.296875
21720,2870500,23590,44855.40625
21721,2870500,23620,44876.1875
21722,2870500,23650,44873.796875
21723,2870500,23680,44975.6875
21724,2870500,23710,44899.78125
21725,2870500,23740,44845.703125
21726,2870500,23770,44852.09375
21727,2870500,23800,44879.609375
21728,2870500,23830,44869.796875
21729,2870500,23860,44685.28125
21730,2870500,23890,44883.390625
21731,2870500,23920,44879.40625
21732,2870500,23950,44860.90625
21733,2870500,23980,44904.3125
21734,2870500,24010,44919.6875
21735,2870500,24040,44933.390625
21736,2870500,24070,44883.984375
21737,2870500,24100,44855.609375
21738,2870500,24130,44848.390625
21739,2870500,24160,44907.015625
21740,2870500,24190,44617.5
21741,2870500,24220,44915.109375
21742,2870500,24250,44885.21875
21743,2870500,24280,44981.28125
21744,2870500,24310,44892.40625
21745,2870500,24340,44869.5
21746,2870500,24370,44949.8125
21747,2870500,24400,44884.3125
21748,2870500,24430,44910.984375
21749,2870500,24460,44876.09375
21750,2870500,24490,44615.5
21751,2870500,24520,44836.78125
21752,2870500,24550,44817.0
21753,2870500,24580,44834.09375
21754,2870500,24610,44903.6875
21755,2870500,24640,44893.109375
21756,2870500,24670,44879.1875
21757,2870500,24700,44862.0
21758,2870500,24730,44901.59375
21759,2870500,24760,44898.890625
21760,2870500,24790,44632.109375
21761,2870500,24820,44877.5
21762,2870500,24850,44862.59375
21763,2870500,24880,44897.3125
21764,2870500,24910,44931.984375
21765,2870500,24940,44848.0
21766,2870500,24970,44849.90625
21767,2870500,25000,44880.09375
21768,2870500,25030,44834.90625
21769,2870500,25060,44613.21875
21770,2870500,25090,44925.40625
21771,2870500,25120,44923.5
21772,2870500,25150,44872.09375
21773,2870500,25180,44846.390625
21774,2870500,25210,44912.609375
21775,2870500,25240,44920.8125
21776,2870500,25270,44872.203125
21777,2870500,25300,44860.09375
21778,2870500,25330,44901.90625
21779,2870500,25360,44895.90625
21780,2870500,25390,44907.59375
21781,2870500,25420,44627.71875
21782,2870500,25450,44928.296875
21783,2870500,25480,44859.5
21784,2870500,25510,44868.40625
21785,2870500,25540,44878.59375
21786,2870500,25570,44882.5
21787,2870500,25600,44912.21875
21788,2870500,25630,44898.015625
21789,2870500,25660,44870.109375
21790,2870500,25690,44866.890625
21791,2870500,25720,44630.703125
21792,2870500,25750,44967.5
21793,2870500,25780,44923.1875
21794,2870500,25810,44843.6875
21795,2870500,25840,44885.703125
21796,2870500,25870,44874.0
21797,2870500,25900,44879.8125
21798,2870500,25930,44907.6875
21799,2870500,25960,45170.984375
21800,2870500,25990,44865.09375
21801,2870500,26020,44943.796875
21802,2870500,26050,44893.59375
21803,2870500,26080,44890.0
21804,2870500,26110,44911.59375
21805,2870500,26140,44884.71875
21806,2870500,26170,44606.515625
21807,2870500,26200,44884.71875
21808,2870500,26230,44889.484375
21809,2870500,26260,44882.59375
21810,2870500,26290,44789.3125
21811,2870500,26320,44883.609375
21812,2870500,26350,44886.6875
21813,2870500,26380,44877.3125
21814,2870500,26410,44941.890625
21815,2870500,26440,44885.109375
21816,2870500,26470,44604.21875
21817,2870500,26500,44926.5
21818,2870500,26530,44895.203125
21819,2870500,26560,44940.203125
21820,2870500,26590,44932.09375
21821,2870500,26620,44807.1875
21822,2870500,26650,44866.203125
21823,2870500,26680,44883.984375
21824,2870500,26710,44910.6875
21825,2870500,26740,44905.296875
21826,2870500,26770,44853.09375
21827,2870500,26800,44857.109375
21828,2870500,26830,44851.21875
21829,2870500,26860,44669.59375
21830,2870500,26890,44875.390625
21831,2870500,26920,44855.28125
21832,2870500,26950,44919.296875
21833,2870500,26980,44905.1875
21834,2870500,27010,44791.515625
21835,2870500,27040,44924.3125
21836,2870500,27070,44919.71875
21837,2870500,27100,44608.296875
21838,2870500,27130,44924.890625
21839,2870500,27160,44883.484375
21840,2870500,27190,44894.90625
21841,2870500,27220,44863.8125
21842,2870500,27250,44855.71875
21843,2870500,27280,44904.0
21844,2870500,27310,44834.203125
21845,2870500,27340,44876.3125
21846,2870500,27370,44887.09375
21847,2870500,27400,44867.78125
21848,2870500,27430,44841.28125
21849,2870500,27460,44567.515625
21850,2870500,27490,44880.6875
21851,2870500,27520,44884.59375
21852,2870500,27550,44862.90625
21853,2870500,27580,44846.796875
21854,2870500,27610,44917.09375
21855,2870500,27640,44885.0
21856,2870500,27670,44844.6875
21857,2870500,27700,44854.0
21858,2870500,27730,44608.40625
21859,2870500,27760,44925.78125
21860,2870500,27790,44916.890625
21861,2870500,27820,44841.984375
21862,2870500,27850,44879.703125
21863,2870500,27880,44912.203125
21864,2870500,27910,44879.90625
21865,2870500,27940,44839.390625
21866,2870500,27970,44830.203125
21867,2870500,28000,44852.09375
21868,2870500,28030,44859.703125
21869,2870500,28060,44887.5
21870,2870500,28090,44618.59375
21871,2870500,28120,44897.796875
21872,2870500,28150,44880.59375
21873,2870500,28180,44875.40625
21874,2870500,28210,44849.109375
21875,2870500,28240,44887.703125
21876,2870500,28270,44862.5
21877,2870500,28300,44833.0
21878,2870500,28330,44893.09375
21879,2870500,28360,44606.09375
21880,2870500,28390,44881.90625
21881,2870500,28420,44931.390625
21882,2870500,28450,44869.703125
21883,2870500,28480,44926.109375
21884,2870500,28510,44921.609375
21885,2870500,28540,44929.5
21886,2870500,28570,44924.59375
21887,2870500,28600,44825.40625
21888,2870500,28630,44876.484375
21889,2870500,28660,44932.90625
21890,2870500,28690,44863.5
21891,2870500,28720,44619.90625
21892,2870500,28750,44943.6875
21893,2870500,28780,44875.203125
21894,2870500,28810,44869.1875
21895,2870500,28840,44813.203125
21896,2870500,28870,44899.703125
21897,2870500,28900,44799.1875
21898,2870500,28930,44872.6875
21899,2870500,28960,44857.984375
21900,2870500,28990,44904.3125
21901,2870500,29020,44819.90625
21902,2870500,29050,44579.484375
21903,2870500,29080,44860.609375
21904,2870500,29110,44831.984375
21905,2870500,29140,44911.296875
21906,2870500,29170,44828.984375
21907,2870500,29200,44872.3125
21908,2870500,29230,44847.015625
21909,2870500,29260,44893.515625
21910,2870500,29290,44861.09375
21911,2870500,29320,44913.703125
21912,2870500,29350,44592.6875
21913,2870500,29380,44916.6875
21914,2870500,29410,44884.28125
21915,2870500,29440,44889.984375
21916,2870500,29470,44875.1875
21917,2870500,29500,44851.3125
21918,2870500,29530,44892.984375
21919,2870500,29560,44887.109375
21920,2870500,29590,44827.8125
21921,2870500,29620,44924.90625
21922,2870500,29650,44595.5
21923,2870500,29680,44835.796875
21924,2870500,29710,44895.6875
21925,2870500,29740,44876.59375
21926,2870500,29770,44831.09375
21927,2870500,29800,44912.609375
21928,2870500,29830,44896.203125
21929,2870500,29860,44909.59375
21930,2870500,29890,44866.71875
21931,2870500,29920,44590.90625
21932,2870500,29950,44842.390625
21933,2870500,29980,44859.296875
21934,2871000,100,10772.71875
21935,2871000,130,47647.09375
21936,2871000,160,49592.390625
21937,2871000,190,47700.40625
21938,2871000,220,41250.296875
21939,2871000,250,45541.90625
21940,2871000,280,48517.390625
21941,2871000,310,49421.3125
21942,2871000,340,45738.796875
21943,2871000,370,39341.40625
21944,2871000,400,42137.0
21945,2871000,430,46102.5
21946,2871000,460,46685.609375
21947,2871000,490,46679.59375
21948,2871000,520,45269.109375
21949,2871000,550,46577.5
21950,2871000,580,49131.59375
21951,2871000,610,48660.109375
21952,2871000,640,45748.1875
21953,2871000,670,40352.390625
21954,2871000,700,40991.1875
21955,2871000,730,45270.09375
21956,2871000,760,48134.1875
21957,2871000,790,48530.109375
21958,2871000,820,46179.5
21959,2871000,850,43795.515625
21960,2871000,880,44385.09375
21961,2871000,910,48276.203125
21962,2871000,940,49331.09375
21963,2871000,970,47611.59375
21964,2871000,1000,45273.484375
21965,2871000,1030,43725.59375
21966,2871000,1060,43646.6875
21967,2871000,1090,45697.703125
21968,2871000,1120,47061.90625
21969,2871000,1150,47168.609375
21970,2871000,1180,47115.203125
21971,2871000,1210,47199.890625
21972,2871000,1240,47024.296875
21973,2871000,1270,46701.484375
21974,2871000,1300,45663.6875
21975,2871000,1330,45716.890625
21976,2871000,1360,46507.59375
21977,2871000,1390,46854.71875
21978,2871000,1420,46535.90625
21979,2871000,1450,46089.40625
21980,2871000,1480,45314.609375
21981,2871000,1510,46012.40625
21982,2871000,1540,47343.59375
21983,2871000,1570,47857.90625
21984,2871000,1600,47889.484375
21985,2871000,1630,46769.71875
21986,2871000,1660,45820.59375
21987,2871000,1690,45341.40625
21988,2871000,1720,45563.40625
21989,2871000,1750,46213.1875
21990,2871000,1780,46926.09375
21991,2871000,1810,47039.40625
21992,2871000,1840,47167.890625
21993,2871000,1870,46888.71875
21994,2871000,1900,46031.28125
21995,2871000,1930,45780.109375
21996,2871000,1960,46457.703125
21997,2871000,1990,47215.390625
21998,2871000,2020,47821.1875
21999,2871000,2050,46946.40625
22000,2871000,2080,45844.015625
22001,2871000,2110,45394.3125
22002,2871000,2140,45934.609375
22003,2871000,2170,47162.90625
22004,2871000,2200,47830.890625
22005,2871000,2230,47086.40625
22006,2871000,2260,46082.09375
22007,2871000,2290,45742.71875
22008,2871000,2320,46315.890625
22009,2871000,2350,46897.890625
22010,2871000,2380,47124.890625
22011,2871000,2410,46636.59375
22012,2871000,2440,46385.21875
22013,2871000,2470,46771.90625
22014,2871000,2500,47200.390625
22015,2871000,2530,47025.890625
22016,2871000,2560,46286.796875
22017,2871000,2590,45645.484375
22018,2871000,2620,45849.59375
22019,2871000,2650,47383.390625
22020,2871000,2680,47953.0
22021,2871000,2710,47072.109375
22022,2871000,2740,45940.703125
22023,2871000,2770,45717.59375
22024,2871000,2800,46360.703125
22025,2871000,2830,47753.703125
22026,2871000,2860,47911.890625
22027,2871000,2890,46708.5
22028,2871000,2920,45431.390625
22029,2871000,2950,45379.78125
22030,2871000,2980,46165.3125
22031,2871000,3010,47635.296875
22032,2871000,3040,47773.1875
22033,2871000,3070,46935.0
22034,2871000,3100,46287.28125
22035,2871000,3130,46511.0
22036,2871000,3160,47213.40625
22037,2871000,3190,47578.90625
22038,2871000,3220,46829.390625
22039,2871000,3250,45641.8125
22040,2871000,3280,45901.6875
22041,2871000,3310,46557.703125
22042,2871000,3340,47198.5
22043,2871000,3370,47306.3125
22044,2871000,3400,46783.0
22045,2871000,3430,46507.015625
22046,2871000,3460,46914.8125
22047,2871000,3490,47594.015625
22048,2871000,3520,47783.8125
22049,2871000,3550,46558.203125
22050,2871000,3580,45854.296875
22051,2871000,3610,45770.09375
22052,2871000,3640,46206.5
22053,2871000,3670,47035.890625
22054,2871000,3700,47421.3125
22055,2871000,3730,46890.0
22056,2871000,3760,46527.296875
22057,2871000,3790,46908.390625
22058,2871000,3820,47354.1875
22059,2871000,3850,47541.3125
22060,2871000,3880,46908.890625
22061,2871000,3910,46446.40625
22062,2871000,3940,46080.78125
22063,2871000,3970,46200.796875
22064,2871000,4000,46658.796875
22065,2871000,4030,47064.5
22066,2871000,4060,46967.1875
22067,2871000,4090,46854.703125
22068,2871000,4120,47032.890625
22069,2871000,4150,47364.09375
22070,2871000,4180,47387.40625
22071,2871000,4210,47147.5
22072,2871000,4240,46616.0
22073,2871000,4270,46506.09375
22074,2871000,4300,46408.40625
22075,2871000,4330,46672.40625
22076,2871000,4360,46710.015625
22077,2871000,4390,46728.09375
22078,2871000,4420,46966.515625
22079,2871000,4450,47188.6875
22080,2871000,4480,47459.515625
22081,2871000,4510,47390.890625
22082,2871000,4540,47102.890625
22083,2871000,4570,46582.40625
22084,2871000,4600,46626.6875
22085,2871000,4630,46652.5
22086,2871000,4660,46955.609375
22087,2871000,4690,46780.109375
22088,2871000,4720,46716.5
22089,2871000,4750,46882.8125
22090,2871000,4780,46899.90625
22091,2871000,4810,46917.59375
22092,2871000,4840,47508.40625
22093,2871000,4870,47394.8125
22094,2871000,4900,47211.5
22095,2871000,4930,46847.1875
22096,2871000,4960,46627.984375
22097,2871000,4990,46544.59375
22098,2871000,5020,46569.703125
22099,2871000,5050,46868.203125
22100,2871000,5080,47109.5
22101,2871000,5110,47268.609375
22102,2871000,5140,47182.40625
22103,2871000,5170,46938.3125
22104,2871000,5200,47097.796875
22105,2871000,5230,47097.390625
22106,2871000,5260,47126.203125
22107,2871000,5290,47031.703125
22108,2871000,5320,47062.890625
22109,2871000,5350,46857.6875
22110,2871000,5380,46721.90625
22111,2871000,5410,46707.90625
22112,2871000,5440,46583.296875
22113,2871000,5470,47178.890625
22114,2871000,5500,47413.609375
22115,2871000,5530,47521.390625
22116,2871000,5560,47222.28125
22117,2871000,5590,46880.796875
22118,2871000,5620,46647.90625
22119,2871000,5650,46673.109375
22120,2871000,5680,46942.796875
22121,2871000,5710,47290.59375
22122,2871000,5740,47210.1875
22123,2871000,5770,47021.09375
22124,2871000,5800,46801.796875
22125,2871000,5830,46632.71875
22126,2871000,5860,47172.796875
22127,2871000,5890,47403.203125
22128,2871000,5920,47349.203125
22129,2871000,5950,47078.8125
22130,2871000,5980,46873.515625
22131,2871000,6010,46871.59375
22132,2871000,6040,46911.5
22133,2871000,6070,46769.984375
22134,2871000,6100,47069.09375
22135,2871000,6130,47156.890625
22136,2871000,6160,47315.1875
22137,2871000,6190,47327.90625
22138,2871000,6220,47258.109375
22139,2871000,6250,46837.3125
22140,2871000,6280,46745.0
22141,2871000,6310,46904.1875
22142,2871000,6340,47303.890625
22143,2871000,6370,47233.015625
22144,2871000,6400,47343.59375
22145,2871000,6430,46801.5
22146,2871000,6460,46620.6875
22147,2871000,6490,46843.5
22148,2871000,6520,47351.796875
22149,2871000,6550,47663.609375
22150,2871000,6580,47460.390625
22151,2871000,6610,46914.90625
22152,2871000,6640,46660.6875
22153,2871000,6670,46779.28125
22154,2871000,6700,47230.796875
22155,2871000,6730,47219.484375
22156,2871000,6760,47396.59375
22157,2871000,6790,47158.40625
22158,2871000,6820,47017.296875
22159,2871000,6850,47115.90625
22160,2871000,6880,47192.203125
22161,2871000,6910,47127.203125
22162,2871000,6940,47049.515625
22163,2871000,6970,47082.90625
22164,2871000,7000,47002.703125
22165,2871000,7030,47448.203125
22166,2871000,7060,47257.59375
22167,2871000,7090,47023.8125
22168,2871000,7120,46822.1875
22169,2871000,7150,47105.484375
22170,2871000,7180,47471.796875
22171,2871000,7210,47591.890625
22172,2871000,7240,47411.6875
22173,2871000,7270,46858.296875
22174,2871000,7300,46650.609375
22175,2871000,7330,46859.015625
22176,2871000,7360,46997.203125
22177,2871000,7390,47614.703125
22178,2871000,7420,47506.609375
22179,2871000,7450,47198.109375
22180,2871000,7480,46986.0
22181,2871000,7510,46898.09375
22182,2871000,7540,47152.109375
22183,2871000,7570,47292.59375
22184,2871000,7600,47370.296875
22185,2871000,7630,46922.0
22186,2871000,7660,47123.6875
22187,2871000,7690,47071.890625
22188,2871000,7720,47077.015625
22189,2871000,7750,47244.3125
22190,2871000,7780,47346.296875
22191,2871000,7810,47384.109375
22192,2871000,7840,47403.40625
22193,2871000,7870,47328.6875
22194,2871000,7900,47134.703125
22195,2871000,7930,46972.609375
22196,2871000,7960,46996.90625
22197,2871000,7990,46849.21875
22198,2871000,8020,47403.796875
22199,2871000,8050,47423.3125
22200,2871000,8080,47383.8125
22201,2871000,8110,47212.5
22202,2871000,8140,47108.78125
22203,2871000,8170,47040.0
22204,2871000,8200,47127.390625
22205,2871000,8230,47345.390625
22206,2871000,8260,47108.296875
22207,2871000,8290,47315.0
22208,2871000,8320,47092.796875
22209,2871000,8350,46925.796875
22210,2871000,8380,46982.5
22211,2871000,8410,47331.109375
22212,2871000,8440,47577.296875
22213,2871000,8470,47637.703125
22214,2871000,8500,47315.109375
22215,2871000,8530,46984.59375
22216,2871000,8560,46610.28125
22217,2871000,8590,47181.59375
22218,2871000,8620,47447.28125
22219,2871000,8650,47488.59375
22220,2871000,8680,47327.90625
22221,2871000,8710,47060.40625
22222,2871000,8740,47076.8125
22223,2871000,8770,47321.1875
22224,2871000,8800,47430.90625
22225,2871000,8830,47420.0
22226,2871000,8860,47259.78125
22227,2871000,8890,47238.6875
22228,2871000,8920,47035.390625
22229,2871000,8950,47352.09375
22230,2871000,8980,47269.8125
22231,2871000,9010,47021.09375
22232,2871000,9040,46982.09375
22233,2871000,9070,47346.109375
22234,2871000,9100,47605.703125
22235,2871000,9130,47613.3125
22236,2871000,9160,47370.890625
22237,2871000,9190,46634.3125
22238,2871000,9220,46919.59375
22239,2871000,9250,47330.609375
22240,2871000,9280,47592.59375
22241,2871000,9310,47597.21875
22242,2871000,9340,47280.8125
22243,2871000,9370,46922.484375
22244,2871000,9400,46991.796875
22245,2871000,9430,47349.5
22246,2871000,9460,47655.515625
22247,2871000,9490,47572.6875
22248,2871000,9520,47324.09375
22249,2871000,9550,47057.609375
22250,2871000,9580,46883.484375
22251,2871000,9610,47346.515625
22252,2871000,9640,47471.796875
22253,2871000,9670,47271.09375
22254,2871000,9700,47183.8125
22255,2871000,9730,47240.0
22256,2871000,9760,47457.203125
22257,2871000,9790,47603.703125
22258,2871000,9820,47129.0
22259,2871000,9850,47158.3125
22260,2871000,9880,47063.5
22261,2871000,9910,47343.3125
22262,2871000,9940,47552.3125
22263,2871000,9970,47585.09375
22264,2871000,10000,47360.09375
22265,2871000,10030,47040.515625
22266,2871000,10060,47059.09375
22267,2871000,10090,47431.59375
22268,2871000,10120,47603.40625
22269,2871000,10150,47550.71875
22270,2871000,10180,47008.0
22271,2871000,10210,47060.40625
22272,2871000,10240,47138.390625
22273,2871000,10270,47357.78125
22274,2871000,10300,47523.3125
22275,2871000,10330,47474.984375
22276,2871000,10360,47286.8125
22277,2871000,10390,47208.09375
22278,2871000,10420,47247.609375
22279,2871000,10450,47179.8125
22280,2871000,10480,47455.3125
22281,2871000,10510,47362.6875
22282,2871000,10540,47231.796875
22283,2871000,10570,47333.40625
22284,2871000,10600,47367.390625
22285,2871000,10630,47440.90625
22286,2871000,10660,47364.5
22287,2871000,10690,47292.90625
22288,2871000,10720,47266.78125
22289,2871000,10750,47103.796875
22290,2871000,10780,47439.0
22291,2871000,10810,47451.796875
22292,2871000,10840,47414.609375
22293,2871000,10870,47249.390625
22294,2871000,10900,47271.90625
22295,2871000,10930,47365.3125
22296,2871000,10960,47435.40625
22297,2871000,10990,47359.0
22298,2871000,11020,47261.09375
22299,2871000,11050,47300.796875
22300,2871000,11080,47310.90625
22301,2871000,11110,47133.1875
22302,2871000,11140,47470.1875
22303,2871000,11170,47421.78125
22304,2871000,11200,47419.109375
22305,2871000,11230,47321.59375
22306,2871000,11260,47348.890625
22307,2871000,11290,47365.90625
22308,2871000,11320,47374.40625
22309,2871000,11350,47425.390625
22310,2871000,11380,47103.90625
22311,2871000,11410,47385.5
22312,2871000,11440,47388.296875
22313,2871000,11470,47343.390625
22314,2871000,11500,47475.109375
22315,2871000,11530,47396.203125
22316,2871000,11560,47447.6875
22317,2871000,11590,47310.703125
22318,2871000,11620,47312.109375
22319,2871000,11650,47371.5
22320,2871000,11680,47412.21875
22321,2871000,11710,47451.40625
22322,2871000,11740,47136.015625
22323,2871000,11770,47386.609375
22324,2871000,11800,47306.796875
22325,2871000,11830,47447.6875
22326,2871000,11860,47474.5
22327,2871000,11890,47403.59375
22328,2871000,11920,47427.71875
22329,2871000,11950,47338.6875
22330,2871000,11980,47425.78125
22331,2871000,12010,47137.90625
22332,2871000,12040,47456.984375
22333,2871000,12070,47474.09375
22334,2871000,12100,47365.09375
22335,2871000,12130,47397.484375
22336,2871000,12160,47425.3125
22337,2871000,12190,47436.5
22338,2871000,12220,47436.71875
22339,2871000,12250,47363.6875
22340,2871000,12280,47282.0
22341,2871000,12310,47404.390625
22342,2871000,12340,47442.296875
22343,2871000,12370,47243.890625
22344,2871000,12400,47494.21875
22345,2871000,12430,47473.296875
22346,2871000,12460,47355.296875
22347,2871000,12490,47372.59375
22348,2871000,12520,47426.984375
22349,2871000,12550,47465.296875
22350,2871000,12580,47446.890625
22351,2871000,12610,47333.296875
22352,2871000,12640,47106.109375
22353,2871000,12670,47440.40625
22354,2871000,12700,47506.09375
22355,2871000,12730,47530.71875
22356,2871000,12760,47480.40625
22357,2871000,12790,47415.28125
22358,2871000,12820,47425.09375
22359,2871000,12850,47430.0
22360,2871000,12880,47419.09375
22361,2871000,12910,47396.703125
22362,2871000,12940,47089.796875
22363,2871000,12970,47433.09375
22364,2871000,13000,47494.59375
22365,2871000,13030,47500.90625
22366,2871000,13060,47514.3125
22367,2871000,13090,47394.21875
22368,2871000,13120,47376.6875
22369,2871000,13150,47408.796875
22370,2871000,13180,47527.90625
22371,2871000,13210,47558.296875
22372,2871000,13240,47557.6875
22373,2871000,13270,47493.0
22374,2871000,13300,47088.796875
22375,2871000,13330,47365.3125
22376,2871000,13360,47552.5
22377,2871000,13390,47531.390625
22378,2871000,13420,47613.3125
22379,2871000,13450,47495.796875
22380,2871000,13480,47496.984375
22381,2871000,13510,47465.296875
22382,2871000,13540,47454.390625
22383,2871000,13570,47257.90625
22384,2871000,13600,47524.703125
22385,2871000,13630,47512.484375
22386,2871000,13660,47467.28125
22387,2871000,13690,47525.984375
22388,2871000,13720,47456.59375
22389,2871000,13750,47477.5
22390,2871000,13780,47452.09375
22391,2871000,13810,47492.59375
22392,2871000,13840,47547.21875
22393,2871000,13870,47445.015625
22394,2871000,13900,47452.609375
22395,2871000,13930,47100.609375
22396,2871000,13960,47417.21875
22397,2871000,13990,47483.90625
22398,2871000,14020,47573.609375
22399,2871000,14050,47510.203125
22400,2871000,14080,47416.5
22401,2871000,14110,47362.09375
22402,2871000,14140,47463.609375
22403,2871000,14170,47546.515625
22404,2871000,14200,47225.5
22405,2871000,14230,47549.609375
22406,2871000,14260,47427.40625
22407,2871000,14290,47463.390625
22408,2871000,14320,47478.40625
22409,2871000,14350,47422.390625
22410,2871000,14380,47555.203125
22411,2871000,14410,47507.40625
22412,2871000,14440,47502.609375
22413,2871000,14470,47453.71875
22414,2871000,14500,47487.5
22415,2871000,14530,47498.703125
22416,2871000,14560,47424.0
22417,2871000,14590,47188.59375
22418,2871000,14620,47549.203125
22419,2871000,14650,47501.296875
22420,2871000,14680,47541.390625
22421,2871000,14710,47467.703125
22422,2871000,14740,47405.1875
22423,2871000,14770,47441.515625
22424,2871000,14800,47547.390625
22425,2871000,14830,47242.515625
22426,2871000,14860,47563.40625
22427,2871000,14890,47445.5
22428,2871000,14920,47460.1875
22429,2871000,14950,47455.609375
22430,2871000,14980,47454.90625
22431,2871000,15010,47565.59375
22432,2871000,15040,47540.90625
22433,2871000,15070,47495.71875
22434,2871000,15100,47535.6875
22435,2871000,15130,47483.8125
22436,2871000,15160,47497.515625
22437,2871000,15190,47206.0
22438,2871000,15220,47503.1875
22439,2871000,15250,47480.6875
22440,2871000,15280,47554.109375
22441,2871000,15310,47556.59375
22442,2871000,15340,47604.609375
22443,2871000,15370,47436.796875
22444,2871000,15400,47494.984375
22445,2871000,15430,47502.0
22446,2871000,15460,47274.90625
22447,2871000,15490,47615.3125
22448,2871000,15520,47566.40625
22449,2871000,15550,47483.703125
22450,2871000,15580,47463.296875
22451,2871000,15610,47534.40625
22452,2871000,15640,47495.8125
22453,2871000,15670,47555.0
22454,2871000,15700,47513.3125
22455,2871000,15730,47567.5
22456,2871000,15760,47184.90625
22457,2871000,15790,47444.203125
22458,2871000,15820,47539.6875
22459,2871000,15850,47557.0
22460,2871000,15880,47515.0
22461,2871000,15910,47517.09375
22462,2871000,15940,47541.09375
22463,2871000,15970,47541.890625
22464,2871000,16000,47512.21875
22465,2871000,16030,47512.90625
22466,2871000,16060,47541.984375
22467,2871000,16090,47564.703125
22468,2871000,16120,47547.5
22469,2871000,16150,47254.59375
22470,2871000,16180,47511.3125
22471,2871000,16210,47450.609375
22472,2871000,16240,47494.296875
22473,2871000,16270,47551.484375
22474,2871000,16300,47529.09375
22475,2871000,16330,47591.09375
22476,2871000,16360,47546.109375
22477,2871000,16390,47238.796875
22478,2871000,16420,47528.3125
22479,2871000,16450,47527.6875
22480,2871000,16480,47577.1875
22481,2871000,16510,47609.796875
22482,2871000,16540,47598.609375
22483,2871000,16570,47502.40625
22484,2871000,16600,47512.609375
22485,2871000,16630,47512.390625
22486,2871000,16660,47602.5
22487,2871000,16690,47543.71875
22488,2871000,16720,47599.890625
22489,2871000,16750,47288.0
22490,2871000,16780,47542.21875
22491,2871000,16810,47576.90625
22492,2871000,16840,47577.40625
22493,2871000,16870,47507.203125
22494,2871000,16900,47572.390625
22495,2871000,16930,47564.203125
22496,2871000,16960,47590.3125
22497,2871000,16990,47577.015625
22498,2871000,17020,47209.0
22499,2871000,17050,47554.109375
22500,2871000,17080,47556.0
22501,2871000,17110,47481.90625
22502,2871000,17140,47580.109375
22503,2871000,17170,47490.109375
22504,2871000,17200,47545.0
22505,2871000,17230,47557.296875
22506,2871000,17260,47545.890625
22507,2871000,17290,47502.09375
22508,2871000,17320,47527.796875
22509,2871000,17350,47553.703125
22510,2871000,17380,47307.59375
22511,2871000,17410,47555.5
22512,2871000,17440,47537.78125
22513,2871000,17470,47455.90625
22514,2871000,17500,47520.09375
22515,2871000,17530,47559.296875
22516,2871000,17560,47570.5
22517,2871000,17590,47594.90625
22518,2871000,17620,47484.0
22519,2871000,17650,47203.09375
22520,2871000,17680,47523.015625
22521,2871000,17710,47635.59375
22522,2871000,17740,47625.5
22523,2871000,17770,47566.890625
22524,2871000,17800,47531.203125
22525,2871000,17830,47463.203125
22526,2871000,17860,47568.3125
22527,2871000,17890,47632.3125
22528,2871000,17920,47551.703125
22529,2871000,17950,47214.109375
22530,2871000,17980,47507.390625
22531,2871000,18010,47551.109375
22532,2871000,18040,47569.90625
22533,2871000,18070,47573.6875
22534,2871000,18100,47496.296875
22535,2871000,18130,47518.3125
22536,2871000,18160,47529.90625
22537,2871000,18190,47585.0
22538,2871000,18220,47595.296875
22539,2871000,18250,47474.90625
22540,2871000,18280,47527.6875
22541,2871000,18310,47485.6875
22542,2871000,18340,47553.09375
22543,2871000,18370,47295.40625
22544,2871000,18400,47590.09375
22545,2871000,18430,47468.390625
22546,2871000,18460,47499.90625
22547,2871000,18490,47490.6875
22548,2871000,18520,47549.390625
22549,2871000,18550,47550.5
22550,2871000,18580,47228.609375
22551,2871000,18610,47482.609375
22552,2871000,18640,47576.890625
22553,2871000,18670,47566.40625
22554,2871000,18700,47597.890625
22555,2871000,18730,47536.59375
22556,2871000,18760,47567.59375
22557,2871000,18790,47505.890625
22558,2871000,18820,47499.59375
22559,2871000,18850,47482.6875
22560,2871000,18880,47537.1875
22561,2871000,18910,47548.703125
22562,2871000,18940,47222.609375
22563,2871000,18970,47483.90625
22564,2871000,19000,47571.71875
22565,2871000,19030,47542.390625
22566,2871000,19060,47563.1875
22567,2871000,19090,47556.1875
22568,2871000,19120,47513.6875
22569,2871000,19150,47525.1875
22570,2871000,19180,47555.90625
22571,2871000,19210,47319.0
22572,2871000,19240,47585.3125
22573,2871000,19270,47561.296875
22574,2871000,19300,47570.703125
22575,2871000,19330,47571.5
22576,2871000,19360,47617.984375
22577,2871000,19390,47607.5
22578,2871000,19420,47577.203125
22579,2871000,19450,47549.484375
22580,2871000,19480,47599.609375
22581,2871000,19510,47527.109375
22582,2871000,19540,47575.109375
22583,2871000,19570,47257.890625
22584,2871000,19600,47537.0
22585,2871000,19630,47578.609375
22586,2871000,19660,47552.90625
22587,2871000,19690,47536.703125
22588,2871000,19720,47547.203125
22589,2871000,19750,47538.8125
22590,2871000,19780,47507.90625
22591,2871000,19810,47515.90625
22592,2871000,19840,47575.203125
22593,2871000,19870,47308.015625
22594,2871000,19900,47601.484375
22595,2871000,19930,47537.59375
22596,2871000,19960,47509.28125
22597,2871000,19990,47515.40625
22598,2871000,20020,47521.0
22599,2871000,20050,47561.890625
22600,2871000,20080,47561.09375
22601,2871000,20110,47552.40625
22602,2871000,20140,47538.09375
22603,2871000,20170,47552.703125
22604,2871000,20200,47294.78125
22605,2871000,20230,47537.703125
22606,2871000,20260,47553.90625
22607,2871000,20290,47532.390625
22608,2871000,20320,47580.3125
22609,2871000,20350,47570.890625
22610,2871000,20380,47540.984375
22611,2871000,20410,47610.703125
22612,2871000,20440,47569.78125
22613,2871000,20470,47573.59375
22614,2871000,20500,47265.484375
22615,2871000,20530,47566.390625
22616,2871000,20560,47599.59375
22617,2871000,20590,47535.109375
22618,2871000,20620,47585.40625
22619,2871000,20650,47568.21875
22620,2871000,20680,47545.59375
22621,2871000,20710,47527.203125
22622,2871000,20740,47621.703125
22623,2871000,20770,47293.890625
22624,2871000,20800,47583.09375
22625,2871000,20830,47564.59375
22626,2871000,20860,47585.1875
22627,2871000,20890,47588.3125
22628,2871000,20920,47610.0
22629,2871000,20950,47579.90625
22630,2871000,20980,47580.6875
22631,2871000,21010,47546.21875
22632,2871000,21040,47549.90625
22633,2871000,21070,47535.015625
22634,2871000,21100,47508.09375
22635,2871000,21130,47310.390625
22636,2871000,21160,47570.90625
22637,2871000,21190,47620.5
22638,2871000,21220,47536.90625
22639,2871000,21250,47565.40625
22640,2871000,21280,47560.3125
22641,2871000,21310,47529.609375
22642,2871000,21340,47545.3125
22643,2871000,21370,47589.8125
22644,2871000,21400,47250.1875
22645,2871000,21430,47517.8125
22646,2871000,21460,47580.59375
22647,2871000,21490,47595.3125
22648,2871000,21520,47637.0
22649,2871000,21550,47567.203125
22650,2871000,21580,47581.3125
22651,2871000,21610,47582.8125
22652,2871000,21640,47565.1875
22653,2871000,21670,47628.296875
22654,2871000,21700,47600.890625
22655,2871000,21730,47552.09375
22656,2871000,21760,47313.40625
22657,2871000,21790,47589.1875
22658,2871000,21820,47589.90625
22659,2871000,21850,47614.703125
22660,2871000,21880,47579.390625
22661,2871000,21910,47594.390625
22662,2871000,21940,47585.5
22663,2871000,21970,47587.3125
22664,2871000,22000,47518.203125
22665,2871000,22030,47264.890625
22666,2871000,22060,47626.8125
22667,2871000,22090,47618.59375
22668,2871000,22120,47602.90625
22669,2871000,22150,47574.59375
22670,2871000,22180,47548.3125
22671,2871000,22210,47568.3125
22672,2871000,22240,47643.703125
22673,2871000,22270,47595.28125
22674,2871000,22300,47561.90625
22675,2871000,22330,47325.609375
22676,2871000,22360,47620.40625
22677,2871000,22390,47575.59375
22678,2871000,22420,47592.09375
22679,2871000,22450,47620.40625
22680,2871000,22480,47589.90625
22681,2871000,22510,47557.5
22682,2871000,22540,47514.1875
22683,2871000,22570,47588.390625
22684,2871000,22600,47589.796875
22685,2871000,22630,47636.609375
22686,2871000,22660,47266.296875
22687,2871000,22690,47640.296875
22688,2871000,22720,47593.3125
22689,2871000,22750,47555.703125
22690,2871000,22780,47632.0
22691,2871000,22810,47580.5
22692,2871000,22840,47577.609375
22693,2871000,22870,47586.1875
22694,2871000,22900,47606.8125
22695,2871000,22930,47579.109375
22696,2871000,22960,47395.515625
22697,2871000,22990,47603.1875
22698,2871000,23020,47551.796875
22699,2871000,23050,47582.890625
22700,2871000,23080,47544.3125
22701,2871000,23110,47526.890625
22702,2871000,23140,47577.5
22703,2871000,23170,47591.390625
22704,2871000,23200,47654.703125
22705,2871000,23230,47614.203125
22706,2871000,23260,47636.0
22707,2871000,23290,47639.59375
22708,2871000,23320,47559.5
22709,2871000,23350,47586.015625
22710,2871000,23380,47559.703125
22711,2871000,23410,47302.21875
22712,2871000,23440,47567.1875
22713,2871000,23470,47620.90625
22714,2871000,23500,47590.015625
22715,2871000,23530,47635.8125
22716,2871000,23560,47602.015625
22717,2871000,23590,47332.484375
22718,2871000,23620,47586.28125
22719,2871000,23650,47537.296875
22720,2871000,23680,47608.09375
22721,2871000,23710,47584.8125
22722,2871000,23740,47575.203125
22723,2871000,23770,47613.90625
22724,2871000,23800,47552.796875
22725,2871000,23830,47570.890625
22726,2871000,23860,47576.3125
22727,2871000,23890,47563.796875
22728,2871000,23920,47627.8125
22729,2871000,23950,47331.3125
22730,2871000,23980,47620.890625
22731,2871000,24010,47590.296875
22732,2871000,24040,47587.0
22733,2871000,24070,47643.59375
22734,2871000,24100,47588.5
22735,2871000,24130,47567.5
22736,2871000,24160,47651.09375
22737,2871000,24190,47605.0
22738,2871000,24220,47620.203125
22739,2871000,24250,47256.40625
22740,2871000,24280,47583.8125
22741,2871000,24310,47538.703125
22742,2871000,24340,47591.390625
22743,2871000,24370,47624.59375
22744,2871000,24400,47564.1875
22745,2871000,24430,47631.296875
22746,2871000,24460,47605.8125
22747,2871000,24490,47599.59375
22748,2871000,24520,47621.09375
22749,2871000,24550,47587.390625
22750,2871000,24580,47286.21875
22751,2871000,24610,47600.8125
22752,2871000,24640,47658.3125
22753,2871000,24670,47634.6875
22754,2871000,24700,47523.5
22755,2871000,24730,47643.59375
22756,2871000,24760,47553.90625
22757,2871000,24790,47551.71875
22758,2871000,24820,47590.203125
22759,2871000,24850,47515.5
22760,2871000,24880,47296.609375
22761,2871000,24910,47498.5
22762,2871000,24940,47608.5
22763,2871000,24970,47656.09375
22764,2871000,25000,47553.71875
22765,2871000,25030,47553.109375
22766,2871000,25060,47544.90625
22767,2871000,25090,47566.5
22768,2871000,25120,47471.1875
22769,2871000,25150,47613.59375
22770,2871000,25180,47502.6875
22771,2871000,25210,47340.59375
22772,2871000,25240,47566.5
22773,2871000,25270,47625.8125
22774,2871000,25300,47524.5
22775,2871000,25330,47604.203125
22776,2871000,25360,47558.1875
22777,2871000,25390,47491.1875
22778,2871000,25420,47529.390625
22779,2871000,25450,47519.78125
22780,2871000,25480,47527.203125
22781,2871000,25510,47276.6875
22782,2871000,25540,47573.09375
22783,2871000,25570,47605.203125
22784,2871000,25600,47652.59375
22785,2871000,25630,47600.90625
22786,2871000,25660,47631.296875
22787,2871000,25690,47618.703125
22788,2871000,25720,47570.09375
22789,2871000,25750,47671.296875
22790,2871000,25780,47356.59375
22791,2871000,25810,47604.703125
22792,2871000,25840,47644.203125
22793,2871000,25870,47634.015625
22794,2871000,25900,47654.21875
22795,2871000,25930,47644.296875
22796,2871000,25960,47600.09375
22797,2871000,25990,47630.71875
22798,2871000,26020,47630.296875
22799,2871000,26050,47567.203125
22800,2871000,26080,47604.796875
22801,2871000,26110,47707.90625
22802,2871000,26140,47369.390625
22803,2871000,26170,47620.90625
22804,2871000,26200,47646.90625
22805,2871000,26230,47637.3125
22806,2871000,26260,47681.6875
22807,2871000,26290,47583.59375
22808,2871000,26320,47569.0
22809,2871000,26350,47652.890625
22810,2871000,26380,47706.6875
22811,2871000,26410,47334.609375
22812,2871000,26440,47590.296875
22813,2871000,26470,47646.203125
22814,2871000,26500,47572.90625
22815,2871000,26530,47625.109375
22816,2871000,26560,47644.296875
22817,2871000,26590,47614.40625
22818,2871000,26620,47608.5
22819,2871000,26650,47620.71875
22820,2871000,26680,47610.1875
22821,2871000,26710,47599.21875
22822,2871000,26740,47654.21875
22823,2871000,26770,47387.890625
22824,2871000,26800,47635.109375
22825,2871000,26830,47617.21875
22826,2871000,26860,47589.90625
22827,2871000,26890,47627.0
22828,2871000,26920,47574.5
22829,2871000,26950,47644.90625
22830,2871000,26980,47644.203125
22831,2871000,27010,47721.5
22832,2871000,27040,47669.78125
22833,2871000,27070,47314.796875
22834,2871000,27100,47643.59375
22835,2871000,27130,47620.390625
22836,2871000,27160,47630.09375
22837,2871000,27190,47657.5
22838,2871000,27220,47574.78125
22839,2871000,27250,47650.296875
22840,2871000,27280,47630.90625
22841,2871000,27310,47666.0
22842,2871000,27340,47369.6875
22843,2871000,27370,47602.09375
22844,2871000,27400,47630.3125
22845,2871000,27430,47624.09375
22846,2871000,27460,47585.703125
22847,2871000,27490,47651.515625
22848,2871000,27520,47603.59375
22849,2871000,27550,47607.28125
22850,2871000,27580,47657.015625
22851,2871000,27610,47566.703125
22852,2871000,27640,47613.09375
22853,2871000,27670,47658.3125
22854,2871000,27700,47361.59375
22855,2871000,27730,47638.28125
22856,2871000,27760,47572.390625
22857,2871000,27790,47624.09375
22858,2871000,27820,47635.109375
22859,2871000,27850,47640.703125
22860,2871000,27880,47592.203125
22861,2871000,27910,47623.015625
22862,2871000,27940,47615.984375
22863,2871000,27970,47360.5
22864,2871000,28000,47612.0
22865,2871000,28030,47696.296875
22866,2871000,28060,47563.71875
22867,2871000,28090,47600.09375
22868,2871000,28120,47601.59375
22869,2871000,28150,47632.203125
22870,2871000,28180,47608.609375
22871,2871000,28210,47652.59375
22872,2871000,28240,47673.3125
22873,2871000,28270,47646.390625
22874,2871000,28300,47544.390625
22875,2871000,28330,47634.90625
22876,2871000,28360,47336.390625
22877,2871000,28390,47619.484375
22878,2871000,28420,47654.796875
22879,2871000,28450,47648.609375
22880,2871000,28480,47630.890625
22881,2871000,28510,47609.40625
22882,2871000,28540,47624.09375
22883,2871000,28570,47601.1875
22884,2871000,28600,47316.703125
22885,2871000,28630,47649.09375
22886,2871000,28660,47617.90625
22887,2871000,28690,47669.8125
22888,2871000,28720,47679.3125
22889,2871000,28750,47617.515625
22890,2871000,28780,47643.3125
22891,2871000,28810,47645.5
22892,2871000,28840,47644.21875
22893,2871000,28870,47580.90625
22894,2871000,28900,47713.09375
22895,2871000,28930,47620.40625
22896,2871000,28960,47314.203125
22897,2871000,28990,47670.0
22898,2871000,29020,47547.296875
22899,2871000,29050,47642.8125
22900,2871000,29080,47666.796875
22901,2871000,29110,47638.796875
22902,2871000,29140,47678.890625
22903,2871000,29170,47635.40625
22904,2871000,29200,47651.484375
22905,2871000,29230,47553.40625
22906,2871000,29260,47342.90625
22907,2871000,29290,47589.59375
22908,2871000,29320,47600.609375
22909,2871000,29350,47618.1875
22910,2871000,29380,47633.71875
22911,2871000,29410,47595.203125
22912,2871000,29440,47638.90625
22913,2871000,29470,47662.203125
22914,2871000,29500,47667.71875
22915,2871000,29530,47312.59375
22916,2871000,29560,47588.1875
22917,2871000,29590,47700.0
22918,2871000,29620,47583.890625
22919,2871000,29650,47625.90625
22920,2871000,29680,47667.59375
22921,2871000,29710,47640.296875
22922,2871000,29740,47596.71875
22923,2871000,29770,47667.90625
22924,2871000,29800,47689.71875
22925,2871000,29830,47634.21875
22926,2871000,29860,47656.40625
22927,2871000,29890,47367.203125
22928,2871000,29920,47621.59375
22929,2871000,29950,47651.09375
22930,2871000,29980,47637.890625
22931,2871500,100,11612.40625
22932,2871500,130,52023.09375
22933,2871500,160,53215.984375
22934,2871500,190,51040.390625
22935,2871500,220,44388.90625
22936,2871500,250,49115.09375
22937,2871500,280,52127.59375
22938,2871500,310,52940.21875
22939,2871500,340,48797.390625
22940,2871500,370,42040.6875
22941,2871500,400,46056.109375
22942,2871500,430,50143.609375
22943,2871500,460,50362.484375
22944,2871500,490,50212.59375
22945,2871500,520,48498.40625
22946,2871500,550,50343.609375
22947,2871500,580,52720.515625
22948,2871500,610,51910.609375
22949,2871500,640,48730.5
22950,2871500,670,43347.40625
22951,2871500,700,44972.0
22952,2871500,730,49401.6875
22953,2871500,760,52330.09375
22954,2871500,790,52208.09375
22955,2871500,820,49429.609375
22956,2871500,850,47204.609375
22957,2871500,880,48531.90625
22958,2871500,910,52354.296875
22959,2871500,940,52781.6875
22960,2871500,970,50652.296875
22961,2871500,1000,48220.40625
22962,2871500,1030,46566.8125
22963,2871500,1060,47570.3125
22964,2871500,1090,49910.703125
22965,2871500,1120,51164.09375
22966,2871500,1150,50801.40625
22967,2871500,1180,50772.5
22968,2871500,1210,50602.59375
22969,2871500,1240,50474.09375
22970,2871500,1270,49918.296875
22971,2871500,1300,48683.8125
22972,2871500,1330,49595.515625
22973,2871500,1360,50306.3125
22974,2871500,1390,50493.703125
22975,2871500,1420,50486.3125
22976,2871500,1450,49531.90625
22977,2871500,1480,48993.703125
22978,2871500,1510,50195.0
22979,2871500,1540,51139.796875
22980,2871500,1570,51319.90625
22981,2871500,1600,51158.984375
22982,2871500,1630,49630.5
22983,2871500,1660,49051.515625
22984,2871500,1690,48771.1875
22985,2871500,1720,49288.6875
22986,2871500,1750,50178.796875
22987,2871500,1780,50666.1875
22988,2871500,1810,50764.90625
22989,2871500,1840,50944.40625
22990,2871500,1870,50086.515625
22991,2871500,1900,49351.5
22992,2871500,1930,49124.109375
22993,2871500,1960,50313.703125
22994,2871500,1990,51300.09375
22995,2871500,2020,51417.09375
22996,2871500,2050,50035.5
22997,2871500,2080,49034.21875
22998,2871500,2110,49053.0
22999,2871500,2140,50027.90625
23000,2871500,2170,51391.0
23001,2871500,2200,51488.59375
23002,2871500,2230,49806.609375
23003,2871500,2260,49218.5
23004,2871500,2290,49422.203125
23005,2871500,2320,50327.90625
23006,2871500,2350,50965.203125
23007,2871500,2380,50677.8125
23008,2871500,2410,50140.90625
23009,2871500,2440,49884.6875
23010,2871500,2470,50436.609375
23011,2871500,2500,50846.609375
23012,2871500,2530,50328.5
23013,2871500,2560,49580.390625
23014,2871500,2590,49104.40625
23015,2871500,2620,50368.609375
23016,2871500,2650,51426.6875
23017,2871500,2680,51476.890625
23018,2871500,2710,50179.296875
23019,2871500,2740,49313.40625
23020,2871500,2770,49526.78125
23021,2871500,2800,50502.0
23022,2871500,2830,51617.0
23023,2871500,2860,50668.40625
23024,2871500,2890,49269.28125
23025,2871500,2920,48610.015625
23026,2871500,2950,49548.59375
23027,2871500,2980,50861.296875
23028,2871500,3010,51644.3125
23029,2871500,3040,51203.484375
23030,2871500,3070,49970.609375
23031,2871500,3100,49789.28125
23032,2871500,3130,50302.296875
23033,2871500,3160,51028.5
23034,2871500,3190,50702.1875
23035,2871500,3220,49494.109375
23036,2871500,3250,49412.3125
23037,2871500,3280,49788.0
23038,2871500,3310,50718.71875
23039,2871500,3340,51194.1875
23040,2871500,3370,50767.890625
23041,2871500,3400,50217.296875
23042,2871500,3430,50197.796875
23043,2871500,3460,50775.515625
23044,2871500,3490,50852.90625
23045,2871500,3520,50816.109375
23046,2871500,3550,49573.59375
23047,2871500,3580,49212.5
23048,2871500,3610,49802.390625
23049,2871500,3640,50415.890625
23050,2871500,3670,51273.59375
23051,2871500,3700,50919.015625
23052,2871500,3730,50205.390625
23053,2871500,3760,50241.21875
23054,2871500,3790,50774.3125
23055,2871500,3820,50943.109375
23056,2871500,3850,50441.40625
23057,2871500,3880,50188.5
23058,2871500,3910,49590.296875
23059,2871500,3940,49754.1875
23060,2871500,3970,50445.703125
23061,2871500,4000,50876.6875
23062,2871500,4030,50900.90625
23063,2871500,4060,50664.109375
23064,2871500,4090,50614.59375
23065,2871500,4120,50401.09375
23066,2871500,4150,50833.40625
23067,2871500,4180,50630.09375
23068,2871500,4210,50358.296875
23069,2871500,4240,50028.6875
23070,2871500,4270,49980.296875
23071,2871500,4300,50322.59375
23072,2871500,4330,50593.40625
23073,2871500,4360,50568.890625
23074,2871500,4390,50667.390625
23075,2871500,4420,50828.78125
23076,2871500,4450,50983.109375
23077,2871500,4480,50668.296875
23078,2871500,4510,50568.0
23079,2871500,4540,50234.59375
23080,2871500,4570,50024.1875
23081,2871500,4600,50161.3125
23082,2871500,4630,50591.484375
23083,2871500,4660,50660.109375
23084,2871500,4690,50602.6875
23085,2871500,4720,50626.90625
23086,2871500,4750,50653.5
23087,2871500,4780,50366.40625
23088,2871500,4810,50944.40625
23089,2871500,4840,50892.5
23090,2871500,4870,50651.71875
23091,2871500,4900,50404.90625
23092,2871500,4930,50179.09375
23093,2871500,4960,50216.484375
23094,2871500,4990,50439.90625
23095,2871500,5020,50710.890625
23096,2871500,5050,50984.28125
23097,2871500,5080,50893.40625
23098,2871500,5110,50476.5
23099,2871500,5140,50671.6875
23100,2871500,5170,50596.015625
23101,2871500,5200,50549.40625
23102,2871500,5230,50573.703125
23103,2871500,5260,50606.90625
23104,2871500,5290,50566.5
23105,2871500,5320,50529.21875
23106,2871500,5350,50541.0
23107,2871500,5380,50598.09375
23108,2871500,5410,50338.90625
23109,2871500,5440,50777.40625
23110,2871500,5470,50992.59375
23111,2871500,5500,51014.890625
23112,2871500,5530,50735.015625
23113,2871500,5560,50389.59375
23114,2871500,5590,50130.203125
23115,2871500,5620,50320.40625
23116,2871500,5650,50732.0
23117,2871500,5680,51039.09375
23118,2871500,5710,50686.90625
23119,2871500,5740,50657.78125
23120,2871500,5770,50351.109375
23121,2871500,5800,50374.5
23122,2871500,5830,50705.390625
23123,2871500,5860,50985.609375
23124,2871500,5890,50942.8125
23125,2871500,5920,50635.09375
23126,2871500,5950,50442.21875
23127,2871500,5980,50451.28125
23128,2871500,6010,50668.390625
23129,2871500,6040,50443.09375
23130,2871500,6070,50789.40625
23131,2871500,6100,50771.609375
23132,2871500,6130,50831.515625
23133,2871500,6160,50827.390625
23134,2871500,6190,50717.5
23135,2871500,6220,50525.484375
23136,2871500,6250,50421.609375
23137,2871500,6280,50519.609375
23138,2871500,6310,50613.109375
23139,2871500,6340,51155.296875
23140,2871500,6370,50970.203125
23141,2871500,6400,50559.40625
23142,2871500,6430,50231.90625
23143,2871500,6460,50506.390625
23144,2871500,6490,51007.984375
23145,2871500,6520,51236.5
23146,2871500,6550,50979.09375
23147,2871500,6580,50536.90625
23148,2871500,6610,49843.703125
23149,2871500,6640,50368.515625
23150,2871500,6670,50989.09375
23151,2871500,6700,51228.609375
23152,2871500,6730,51052.609375
23153,2871500,6760,50766.296875
23154,2871500,6790,50565.5
23155,2871500,6820,50585.984375
23156,2871500,6850,50737.515625
23157,2871500,6880,50820.59375
23158,2871500,6910,50723.390625
23159,2871500,6940,50352.0
23160,2871500,6970,50806.6875
23161,2871500,7000,51063.09375
23162,2871500,7030,50955.90625
23163,2871500,7060,50642.109375
23164,2871500,7090,50549.796875
23165,2871500,7120,50686.390625
23166,2871500,7150,51016.59375
23167,2871500,7180,51071.390625
23168,2871500,7210,50850.890625
23169,2871500,7240,50542.59375
23170,2871500,7270,50324.484375
23171,2871500,7300,50379.796875
23172,2871500,7330,51193.296875
23173,2871500,7360,51301.40625
23174,2871500,7390,51106.703125
23175,2871500,7420,50662.71875
23176,2871500,7450,50488.296875
23177,2871500,7480,50579.8125
23178,2871500,7510,50840.015625
23179,2871500,7540,51035.21875
23180,2871500,7570,51016.703125
23181,2871500,7600,50601.8125
23182,2871500,7630,50778.0
23183,2871500,7660,50727.890625
23184,2871500,7690,50855.609375
23185,2871500,7720,50849.1875
23186,2871500,7750,50983.0
23187,2871500,7780,50920.59375
23188,2871500,7810,50883.296875
23189,2871500,7840,50836.59375
23190,2871500,7870,50271.59375
23191,2871500,7900,50676.796875
23192,2871500,7930,50845.484375
23193,2871500,7960,50979.796875
23194,2871500,7990,51058.21875
23195,2871500,8020,51029.609375
23196,2871500,8050,50983.3125
23197,2871500,8080,50897.3125
23198,2871500,8110,50698.78125
23199,2871500,8140,50744.203125
23200,2871500,8170,50845.90625
23201,2871500,8200,50963.109375
23202,2871500,8230,50662.109375
23203,2871500,8260,50926.0
23204,2871500,8290,50733.109375
23205,2871500,8320,50699.71875
23206,2871500,8350,50908.28125
23207,2871500,8380,51019.515625
23208,2871500,8410,51179.09375
23209,2871500,8440,51080.09375
23210,2871500,8470,50750.09375
23211,2871500,8500,50182.90625
23212,2871500,8530,50606.1875
23213,2871500,8560,50825.796875
23214,2871500,8590,51157.3125
23215,2871500,8620,51069.890625
23216,2871500,8650,50882.5
23217,2871500,8680,50775.40625
23218,2871500,8710,50806.59375
23219,2871500,8740,50930.1875
23220,2871500,8770,51067.40625
23221,2871500,8800,50625.59375
23222,2871500,8830,50739.90625
23223,2871500,8860,50845.40625
23224,2871500,8890,50875.984375
23225,2871500,8920,51003.1875
23226,2871500,8950,50909.984375
23227,2871500,8980,50769.703125
23228,2871500,9010,50776.515625
23229,2871500,9040,50955.484375
23230,2871500,9070,51228.796875
23231,2871500,9100,51061.296875
23232,2871500,9130,50423.6875
23233,2871500,9160,50568.0
23234,2871500,9190,50647.1875
23235,2871500,9220,51053.109375
23236,2871500,9250,51273.0
23237,2871500,9280,51201.0
23238,2871500,9310,50783.1875
23239,2871500,9340,50654.78125
23240,2871500,9370,50858.21875
23241,2871500,9400,51088.8125
23242,2871500,9430,51238.109375
23243,2871500,9460,51053.1875
23244,2871500,9490,50332.796875
23245,2871500,9520,50626.78125
23246,2871500,9550,50832.78125
23247,2871500,9580,51040.71875
23248,2871500,9610,51176.40625
23249,2871500,9640,50967.390625
23250,2871500,9670,50834.390625
23251,2871500,9700,50893.796875
23252,2871500,9730,51040.703125
23253,2871500,9760,51075.984375
23254,2871500,9790,50581.3125
23255,2871500,9820,50724.09375
23256,2871500,9850,50794.515625
23257,2871500,9880,51039.3125
23258,2871500,9910,51178.3125
23259,2871500,9940,51147.71875
23260,2871500,9970,50896.90625
23261,2871500,10000,50772.203125
23262,2871500,10030,50855.0
23263,2871500,10060,50775.515625
23264,2871500,10090,51215.515625
23265,2871500,10120,51036.6875
23266,2871500,10150,50802.5
23267,2871500,10180,50724.015625
23268,2871500,10210,50882.203125
23269,2871500,10240,51115.59375
23270,2871500,10270,51163.703125
23271,2871500,10300,51019.28125
23272,2871500,10330,50855.015625
23273,2871500,10360,50883.796875
23274,2871500,10390,51029.109375
23275,2871500,10420,50768.984375
23276,2871500,10450,51047.28125
23277,2871500,10480,50949.296875
23278,2871500,10510,50857.78125
23279,2871500,10540,50942.6875
23280,2871500,10570,51037.109375
23281,2871500,10600,51038.984375
23282,2871500,10630,51017.6875
23283,2871500,10660,50979.5
23284,2871500,10690,50596.1875
23285,2871500,10720,51057.28125
23286,2871500,10750,51086.296875
23287,2871500,10780,50996.203125
23288,2871500,10810,50911.6875
23289,2871500,10840,50935.59375
23290,2871500,10870,51036.390625
23291,2871500,10900,51018.0
23292,2871500,10930,51078.40625
23293,2871500,10960,51071.6875
23294,2871500,10990,50957.609375
23295,2871500,11020,50972.5
23296,2871500,11050,50626.6875
23297,2871500,11080,51027.296875
23298,2871500,11110,51067.6875
23299,2871500,11140,51007.890625
23300,2871500,11170,50979.203125
23301,2871500,11200,50974.703125
23302,2871500,11230,51023.09375
23303,2871500,11260,51048.703125
23304,2871500,11290,51084.40625
23305,2871500,11320,50667.8125
23306,2871500,11350,50995.609375
23307,2871500,11380,50960.609375
23308,2871500,11410,50932.40625
23309,2871500,11440,51010.40625
23310,2871500,11470,51001.90625
23311,2871500,11500,51051.8125
23312,2871500,11530,50983.109375
23313,2871500,11560,51011.5
23314,2871500,11590,51024.09375
23315,2871500,11620,50745.1875
23316,2871500,11650,51080.09375
23317,2871500,11680,51014.5
23318,2871500,11710,51013.203125
23319,2871500,11740,51025.1875
23320,2871500,11770,50987.09375
23321,2871500,11800,50985.8125
23322,2871500,11830,51093.40625
23323,2871500,11860,51072.609375
23324,2871500,11890,51030.390625
23325,2871500,11920,51033.8125
23326,2871500,11950,51027.609375
23327,2871500,11980,50710.0
23328,2871500,12010,51065.6875
23329,2871500,12040,51026.8125
23330,2871500,12070,50969.40625
23331,2871500,12100,51064.40625
23332,2871500,12130,51086.296875
23333,2871500,12160,51090.6875
23334,2871500,12190,51081.5
23335,2871500,12220,51019.8125
23336,2871500,12250,50676.484375
23337,2871500,12280,51057.0
23338,2871500,12310,51088.59375
23339,2871500,12340,51074.796875
23340,2871500,12370,50989.21875
23341,2871500,12400,50984.609375
23342,2871500,12430,50989.71875
23343,2871500,12460,51062.390625
23344,2871500,12490,51102.09375
23345,2871500,12520,51139.09375
23346,2871500,12550,51071.59375
23347,2871500,12580,51069.890625
23348,2871500,12610,50665.5
23349,2871500,12640,51165.6875
23350,2871500,12670,51186.5
23351,2871500,12700,51092.609375
23352,2871500,12730,51054.90625
23353,2871500,12760,51014.5
23354,2871500,12790,51085.296875
23355,2871500,12820,51117.8125
23356,2871500,12850,51087.5
23357,2871500,12880,50720.59375
23358,2871500,12910,51083.28125
23359,2871500,12940,51167.109375
23360,2871500,12970,51100.71875
23361,2871500,13000,51173.390625
23362,2871500,13030,51057.5
23363,2871500,13060,51044.1875
23364,2871500,13090,51046.796875
23365,2871500,13120,51127.890625
23366,2871500,13150,51162.6875
23367,2871500,13180,51118.1875
23368,2871500,13210,51081.296875
23369,2871500,13240,50667.40625
23370,2871500,13270,51070.109375
23371,2871500,13300,51171.203125
23372,2871500,13330,51143.8125
23373,2871500,13360,51133.890625
23374,2871500,13390,51066.59375
23375,2871500,13420,51035.0
23376,2871500,13450,51056.28125
23377,2871500,13480,51178.09375
23378,2871500,13510,50781.6875
23379,2871500,13540,51155.90625
23380,2871500,13570,51147.6875
23381,2871500,13600,51136.59375
23382,2871500,13630,51091.015625
23383,2871500,13660,51092.09375
23384,2871500,13690,51086.984375
23385,2871500,13720,51066.796875
23386,2871500,13750,51083.28125
23387,2871500,13780,51120.40625
23388,2871500,13810,51125.1875
23389,2871500,13840,51098.5
23390,2871500,13870,50775.8125
23391,2871500,13900,51145.609375
23392,2871500,13930,51162.390625
23393,2871500,13960,51173.796875
23394,2871500,13990,51217.09375
23395,2871500,14020,51111.109375
23396,2871500,14050,51087.703125
23397,2871500,14080,51087.203125
23398,2871500,14110,51129.890625
23399,2871500,14140,51167.1875
23400,2871500,14170,51176.40625
23401,2871500,14200,50752.203125
23402,2871500,14230,51071.3125
23403,2871500,14260,51151.28125
23404,2871500,14290,51202.59375
23405,2871500,14320,51188.296875
23406,2871500,14350,51120.21875
23407,2871500,14380,51108.8125
23408,2871500,14410,51134.59375
23409,2871500,14440,51150.6875
23410,2871500,14470,51127.5
23411,2871500,14500,50767.703125
23412,2871500,14530,51153.296875
23413,2871500,14560,51159.515625
23414,2871500,14590,51128.515625
23415,2871500,14620,51138.90625
23416,2871500,14650,51067.59375
23417,2871500,14680,51086.515625
23418,2871500,14710,51162.0
23419,2871500,14740,51136.8125
23420,2871500,14770,51144.609375
23421,2871500,14800,50907.890625
23422,2871500,14830,51152.5
23423,2871500,14860,51106.0
23424,2871500,14890,51109.5
23425,2871500,14920,51093.515625
23426,2871500,14950,51176.984375
23427,2871500,14980,51128.984375
23428,2871500,15010,51078.015625
23429,2871500,15040,51101.609375
23430,2871500,15070,50804.1875
23431,2871500,15100,51186.09375
23432,2871500,15130,51100.6875
23433,2871500,15160,51159.609375
23434,2871500,15190,51102.296875
23435,2871500,15220,51104.0
23436,2871500,15250,51101.890625
23437,2871500,15280,51171.390625
23438,2871500,15310,51077.015625
23439,2871500,15340,51129.59375
23440,2871500,15370,51151.015625
23441,2871500,15400,51140.609375
23442,2871500,15430,51216.78125
23443,2871500,15460,50828.703125
23444,2871500,15490,51071.90625
23445,2871500,15520,51154.0
23446,2871500,15550,51146.28125
23447,2871500,15580,51184.296875
23448,2871500,15610,51150.5
23449,2871500,15640,51169.59375
23450,2871500,15670,51106.21875
23451,2871500,15700,50725.09375
23452,2871500,15730,51154.796875
23453,2871500,15760,51165.296875
23454,2871500,15790,51179.890625
23455,2871500,15820,51138.1875
23456,2871500,15850,51168.71875
23457,2871500,15880,51145.296875
23458,2871500,15910,51155.90625
23459,2871500,15940,51192.1875
23460,2871500,15970,51177.796875
23461,2871500,16000,50841.28125
23462,2871500,16030,51148.203125
23463,2871500,16060,51208.71875
23464,2871500,16090,51143.015625
23465,2871500,16120,51158.796875
23466,2871500,16150,51136.484375
23467,2871500,16180,51169.015625
23468,2871500,16210,51220.109375
23469,2871500,16240,51183.8125
23470,2871500,16270,51166.484375
23471,2871500,16300,51165.28125
23472,2871500,16330,51153.703125
23473,2871500,16360,50752.40625
23474,2871500,16390,51215.59375
23475,2871500,16420,51255.203125
23476,2871500,16450,51233.90625
23477,2871500,16480,51161.28125
23478,2871500,16510,51155.109375
23479,2871500,16540,51144.796875
23480,2871500,16570,51109.390625
23481,2871500,16600,51232.109375
23482,2871500,16630,50869.796875
23483,2871500,16660,51233.0
23484,2871500,16690,51157.796875
23485,2871500,16720,51221.515625
23486,2871500,16750,51190.90625
23487,2871500,16780,51234.984375
23488,2871500,16810,51236.8125
23489,2871500,16840,51173.484375
23490,2871500,16870,51219.6875
23491,2871500,16900,51198.28125
23492,2871500,16930,51161.0
23493,2871500,16960,51184.21875
23494,2871500,16990,50854.8125
23495,2871500,17020,51212.09375
23496,2871500,17050,51216.890625
23497,2871500,17080,51219.40625
23498,2871500,17110,51166.203125
23499,2871500,17140,51233.8125
23500,2871500,17170,51189.890625
23501,2871500,17200,51168.015625
23502,2871500,17230,51179.59375
23503,2871500,17260,50810.015625
23504,2871500,17290,51223.90625
23505,2871500,17320,51162.1875
23506,2871500,17350,51158.796875
23507,2871500,17380,51145.984375
23508,2871500,17410,51203.015625
23509,2871500,17440,51200.890625
23510,2871500,17470,51239.796875
23511,2871500,17500,51213.890625
23512,2871500,17530,51220.296875
23513,2871500,17560,51126.6875
23514,2871500,17590,51207.40625
23515,2871500,17620,50826.59375
23516,2871500,17650,51225.09375
23517,2871500,17680,51228.703125
23518,2871500,17710,51225.890625
23519,2871500,17740,51192.8125
23520,2871500,17770,51156.203125
23521,2871500,17800,51185.796875
23522,2871500,17830,51215.6875
23523,2871500,17860,51243.3125
23524,2871500,17890,50892.90625
23525,2871500,17920,51210.609375
23526,2871500,17950,51226.390625
23527,2871500,17980,51269.203125
23528,2871500,18010,51234.609375
23529,2871500,18040,51288.90625
23530,2871500,18070,51234.3125
23531,2871500,18100,51248.390625
23532,2871500,18130,51254.6875
23533,2871500,18160,51240.609375
23534,2871500,18190,51198.203125
23535,2871500,18220,51196.40625
23536,2871500,18250,50902.703125
23537,2871500,18280,51268.59375
23538,2871500,18310,51208.6875
23539,2871500,18340,51242.296875
23540,2871500,18370,51211.0
23541,2871500,18400,51160.0
23542,2871500,18430,51154.59375
23543,2871500,18460,51172.5
23544,2871500,18490,51230.59375
23545,2871500,18520,51196.609375
23546,2871500,18550,50889.484375
23547,2871500,18580,51226.0
23548,2871500,18610,51225.0
23549,2871500,18640,51247.015625
23550,2871500,18670,51330.203125
23551,2871500,18700,51163.90625
23552,2871500,18730,51228.21875
23553,2871500,18760,51197.484375
23554,2871500,18790,51208.0
23555,2871500,18820,50936.59375
23556,2871500,18850,51267.40625
23557,2871500,18880,51164.6875
23558,2871500,18910,51175.09375
23559,2871500,18940,51253.1875
23560,2871500,18970,51291.0
23561,2871500,19000,51251.8125
23562,2871500,19030,51283.59375
23563,2871500,19060,51253.90625
23564,2871500,19090,51250.90625
23565,2871500,19120,51257.3125
23566,2871500,19150,51217.0
23567,2871500,19180,50906.703125
23568,2871500,19210,51236.59375
23569,2871500,19240,51178.6875
23570,2871500,19270,51238.109375
23571,2871500,19300,51221.5
23572,2871500,19330,51237.0
23573,2871500,19360,51249.59375
23574,2871500,19390,51169.203125
23575,2871500,19420,51211.59375
23576,2871500,19450,50909.5
23577,2871500,19480,51190.109375
23578,2871500,19510,51205.203125
23579,2871500,19540,51241.296875
23580,2871500,19570,51238.40625
23581,2871500,19600,51212.40625
23582,2871500,19630,51247.40625
23583,2871500,19660,51244.796875
23584,2871500,19690,51238.1875
23585,2871500,19720,51237.59375
23586,2871500,19750,51192.203125
23587,2871500,19780,51170.40625
23588,2871500,19810,50893.109375
23589,2871500,19840,51240.609375
23590,2871500,19870,51232.59375
23591,2871500,19900,51236.796875
23592,2871500,19930,51270.09375
23593,2871500,19960,51261.8125
23594,2871500,19990,51309.59375
23595,2871500,20020,51235.09375
23596,2871500,20050,51269.59375
23597,2871500,20080,50916.796875
23598,2871500,20110,51237.796875
23599,2871500,20140,51255.703125
23600,2871500,20170,51227.28125
23601,2871500,20200,51234.8125
23602,2871500,20230,51271.296875
23603,2871500,20260,51266.0
23604,2871500,20290,51256.703125
23605,2871500,20320,51189.390625
23606,2871500,20350,51267.203125
23607,2871500,20380,51213.09375
23608,2871500,20410,51220.09375
23609,2871500,20440,50884.5
23610,2871500,20470,51228.484375
23611,2871500,20500,51225.5
23612,2871500,20530,51222.6875
23613,2871500,20560,51226.796875
23614,2871500,20590,51185.1875
23615,2871500,20620,51263.59375
23616,2871500,20650,51249.90625
23617,2871500,20680,51216.109375
23618,2871500,20710,51169.296875
23619,2871500,20740,50929.203125
23620,2871500,20770,51234.296875
23621,2871500,20800,51264.0
23622,2871500,20830,51306.296875
23623,2871500,20860,51289.78125
23624,2871500,20890,51278.796875
23625,2871500,20920,51217.90625
23626,2871500,20950,51245.796875
23627,2871500,20980,51207.8125
23628,2871500,21010,50996.3125
23629,2871500,21040,51257.59375
23630,2871500,21070,51215.609375
23631,2871500,21100,51227.40625
23632,2871500,21130,51219.203125
23633,2871500,21160,51265.3125
23634,2871500,21190,51288.40625
23635,2871500,21220,51257.5
23636,2871500,21250,51230.296875
23637,2871500,21280,51293.515625
23638,2871500,21310,51207.78125
23639,2871500,21340,51271.8125
23640,2871500,21370,50873.90625
23641,2871500,21400,51246.1875
23642,2871500,21430,51244.609375
23643,2871500,21460,51297.09375
23644,2871500,21490,51201.5
23645,2871500,21520,51264.515625
23646,2871500,21550,51292.0
23647,2871500,21580,51346.5
23648,2871500,21610,51264.296875
23649,2871500,21640,50944.0
23650,2871500,21670,51283.484375
23651,2871500,21700,51236.0
23652,2871500,21730,51288.6875
23653,2871500,21760,51200.0
23654,2871500,21790,51267.796875
23655,2871500,21820,51218.90625
23656,2871500,21850,51249.40625
23657,2871500,21880,51259.390625
23658,2871500,21910,51293.8125
23659,2871500,21940,51242.40625
23660,2871500,21970,51263.6875
23661,2871500,22000,50916.0
23662,2871500,22030,51216.90625
23663,2871500,22060,51287.71875
23664,2871500,22090,51246.0
23665,2871500,22120,51253.5
23666,2871500,22150,51231.78125
23667,2871500,22180,51246.890625
23668,2871500,22210,51247.484375
23669,2871500,22240,51264.59375
23670,2871500,22270,50903.390625
23671,2871500,22300,51264.40625
23672,2871500,22330,51261.5
23673,2871500,22360,51261.484375
23674,2871500,22390,51278.703125
23675,2871500,22420,51224.296875
23676,2871500,22450,51274.09375
23677,2871500,22480,51236.90625
23678,2871500,22510,51289.890625
23679,2871500,22540,51251.3125
23680,2871500,22570,51240.6875
23681,2871500,22600,51197.484375
23682,2871500,22630,50894.09375
23683,2871500,22660,51321.1875
23684,2871500,22690,51257.109375
23685,2871500,22720,51333.390625
23686,2871500,22750,51268.21875
23687,2871500,22780,51277.703125
23688,2871500,22810,51281.8125
23689,2871500,22840,51340.6875
23690,2871500,22870,51275.59375
23691,2871500,22900,51289.59375
23692,2871500,22930,50901.78125
23693,2871500,22960,51287.71875
23694,2871500,22990,51258.59375
23695,2871500,23020,51304.203125
23696,2871500,23050,51265.1875
23697,2871500,23080,51207.0
23698,2871500,23110,51253.6875
23699,2871500,23140,51239.59375
23700,2871500,23170,51250.28125
23701,2871500,23200,51267.8125
23702,2871500,23230,51231.796875
23703,2871500,23260,50930.203125
23704,2871500,23290,51243.90625
23705,2871500,23320,51215.609375
23706,2871500,23350,51331.09375
23707,2871500,23380,51232.703125
23708,2871500,23410,51279.78125
23709,2871500,23440,51238.90625
23710,2871500,23470,51194.796875
23711,2871500,23500,51266.0
23712,2871500,23530,51302.796875
23713,2871500,23560,50925.609375
23714,2871500,23590,51240.8125
23715,2871500,23620,51296.796875
23716,2871500,23650,51256.1875
23717,2871500,23680,51262.015625
23718,2871500,23710,51260.203125
23719,2871500,23740,51256.3125
23720,2871500,23770,51316.40625
23721,2871500,23800,51274.890625
23722,2871500,23830,50894.703125
23723,2871500,23860,51245.09375
23724,2871500,23890,51241.515625
23725,2871500,23920,51950.5
23726,2871500,23950,51246.0
23727,2871500,23980,51306.1875
23728,2871500,24010,51241.59375
23729,2871500,24040,50911.1875
23730,2871500,24070,51275.8125
23731,2871500,24100,51272.40625
23732,2871500,24130,51278.515625
23733,2871500,24160,51286.8125
23734,2871500,24190,51236.6875
23735,2871500,24220,51236.5
23736,2871500,24250,51297.09375
23737,2871500,24280,51307.0
23738,2871500,24310,50900.59375
23739,2871500,24340,51277.40625
23740,2871500,24370,51277.09375
23741,2871500,24400,51244.8125
23742,2871500,24430,51293.5
23743,2871500,24460,51314.78125
23744,2871500,24490,51298.59375
23745,2871500,24520,51243.6875
23746,2871500,24550,51297.90625
23747,2871500,24580,51275.09375
23748,2871500,24610,51265.109375
23749,2871500,24640,51279.3125
23750,2871500,24670,50951.296875
23751,2871500,24700,51248.5
23752,2871500,24730,51265.296875
23753,2871500,24760,51297.0
23754,2871500,24790,51269.296875
23755,2871500,24820,51272.3125
23756,2871500,24850,51254.296875
23757,2871500,24880,51265.0
23758,2871500,24910,51297.0
23759,2871500,24940,50964.796875
23760,2871500,24970,51258.09375
23761,2871500,25000,51311.515625
23762,2871500,25030,51302.0
23763,2871500,25060,51275.0
23764,2871500,25090,51306.0
23765,2871500,25120,51265.5
23766,2871500,25150,51276.8125
23767,2871500,25180,51281.09375
23768,2871500,25210,51260.78125
23769,2871500,25240,51273.8125
23770,2871500,25270,51306.890625
23771,2871500,25300,50991.8125
23772,2871500,25330,51316.390625
23773,2871500,25360,51294.296875
23774,2871500,25390,51306.203125
23775,2871500,25420,51251.6875
23776,2871500,25450,51234.0
23777,2871500,25480,51242.0
23778,2871500,25510,51267.3125
23779,2871500,25540,51308.1875
23780,2871500,25570,51286.515625
23781,2871500,25600,51015.296875
23782,2871500,25630,51329.1875
23783,2871500,25660,51283.703125
23784,2871500,25690,51284.59375
23785,2871500,25720,51242.0
23786,2871500,25750,51258.609375
23787,2871500,25780,51307.3125
23788,2871500,25810,51267.203125
23789,2871500,25840,51276.90625
23790,2871500,25870,50955.6875
23791,2871500,25900,51270.109375
23792,2871500,25930,51234.703125
23793,2871500,25960,51238.609375
23794,2871500,25990,51235.703125
23795,2871500,26020,51332.5
23796,2871500,26050,51291.109375
23797,2871500,26080,51331.984375
23798,2871500,26110,51271.8125
23799,2871500,26140,51305.390625
23800,2871500,26170,51313.5
23801,2871500,26200,51247.09375
23802,2871500,26230,50962.296875
23803,2871500,26260,51288.703125
23804,2871500,26290,51333.5
23805,2871500,26320,51302.3125
23806,2871500,26350,51326.3125
23807,2871500,26380,51252.890625
23808,2871500,26410,51317.3125
23809,2871500,26440,51320.3125
23810,2871500,26470,51300.40625
23811,2871500,26500,50966.890625
23812,2871500,26530,51261.703125
23813,2871500,26560,51289.59375
23814,2871500,26590,51239.109375
23815,2871500,26620,51219.8125
23816,2871500,26650,51285.59375
23817,2871500,26680,51282.296875
23818,2871500,26710,51288.59375
23819,2871500,26740,51254.09375
23820,2871500,26770,51320.796875
23821,2871500,26800,51325.203125
23822,2871500,26830,51271.609375
23823,2871500,26860,50938.40625
23824,2871500,26890,51262.796875
23825,2871500,26920,51305.8125
23826,2871500,26950,51265.609375
23827,2871500,26980,51242.90625
23828,2871500,27010,51295.3125
23829,2871500,27040,51312.296875
23830,2871500,27070,51275.203125
23831,2871500,27100,51264.109375
23832,2871500,27130,50910.78125
23833,2871500,27160,51236.90625
23834,2871500,27190,51253.0
23835,2871500,27220,51277.203125
23836,2871500,27250,51264.390625
23837,2871500,27280,51261.0
23838,2871500,27310,51264.515625
23839,2871500,27340,51256.59375
23840,2871500,27370,51301.109375
23841,2871500,27400,51270.3125
23842,2871500,27430,51274.203125
23843,2871500,27460,51298.1875
23844,2871500,27490,50906.109375
23845,2871500,27520,51308.609375
23846,2871500,27550,51274.6875
23847,2871500,27580,51243.59375
23848,2871500,27610,51320.015625
23849,2871500,27640,51242.90625
23850,2871500,27670,51282.890625
23851,2871500,27700,51250.296875
23852,2871500,27730,51228.109375
23853,2871500,27760,51308.109375
23854,2871500,27790,50949.1875
23855,2871500,27820,51240.3125
23856,2871500,27850,51265.890625
23857,2871500,27880,51269.09375
23858,2871500,27910,51269.40625
23859,2871500,27940,51307.609375
23860,2871500,27970,51302.203125
23861,2871500,28000,51239.40625
23862,2871500,28030,51370.3125
23863,2871500,28060,51307.296875
23864,2871500,28090,51283.90625
23865,2871500,28120,50912.703125
23866,2871500,28150,51280.90625
23867,2871500,28180,51349.5
23868,2871500,28210,51296.3125
23869,2871500,28240,51268.5
23870,2871500,28270,51206.40625
23871,2871500,28300,51219.890625
23872,2871500,28330,51299.90625
23873,2871500,28360,51279.1875
23874,2871500,28390,51237.890625
23875,2871500,28420,50951.984375
23876,2871500,28450,51262.796875
23877,2871500,28480,51301.515625
23878,2871500,28510,51249.703125
23879,2871500,28540,51271.109375
23880,2871500,28570,51330.0
23881,2871500,28600,51343.015625
23882,2871500,28630,51303.0
23883,2871500,28660,51324.28125
23884,2871500,28690,51004.203125
23885,2871500,28720,51299.109375
23886,2871500,28750,51303.109375
23887,2871500,28780,51294.78125
23888,2871500,28810,51276.515625
23889,2871500,28840,51306.09375
23890,2871500,28870,51253.8125
23891,2871500,28900,51260.984375
23892,2871500,28930,51287.0
23893,2871500,28960,51304.71875
23894,2871500,28990,51265.0
23895,2871500,29020,51287.28125
23896,2871500,29050,51339.90625
23897,2871500,29080,50940.3125
23898,2871500,29110,51256.3125
23899,2871500,29140,51259.59375
23900,2871500,29170,51294.21875
23901,2871500,29200,51266.703125
23902,2871500,29230,51262.390625
23903,2871500,29260,51307.0
23904,2871500,29290,51278.609375
23905,2871500,29320,50927.890625
23906,2871500,29350,51298.59375
23907,2871500,29380,51279.09375
23908,2871500,29410,51331.90625
23909,2871500,29440,51295.0
23910,2871500,29470,51323.703125
23911,2871500,29500,51323.6875
23912,2871500,29530,51320.296875
23913,2871500,29560,51263.296875
23914,2871500,29590,51279.59375
23915,2871500,29620,50925.3125
23916,2871500,29650,51295.40625
23917,2871500,29680,51268.984375
23918,2871500,29710,51286.1875
23919,2871500,29740,51286.796875
23920,2871500,29770,51243.0
23921,2871500,29800,51283.0
23922,2871500,29830,51277.609375
23923,2871500,29860,51263.3125
23924,2871500,29890,51294.40625
23925,2871500,29920,51310.3125
23926,2871500,29950,51217.890625
23927,2871500,29980,50968.609375
23928,2872000,100,12292.5
23929,2872000,130,54962.390625
23930,2872000,160,55593.203125
23931,2872000,190,53214.59375
23932,2872000,220,46442.484375
23933,2872000,250,51367.109375
23934,2872000,280,54586.5
23935,2872000,310,55011.203125
23936,2872000,340,50730.890625
23937,2872000,370,44362.3125
23938,2872000,400,48657.40625
23939,2872000,430,52590.09375
23940,2872000,460,52505.28125
23941,2872000,490,52464.09375
23942,2872000,520,50646.90625
23943,2872000,550,52591.90625
23944,2872000,580,54963.5
23945,2872000,610,53769.609375
23946,2872000,640,50280.21875
23947,2872000,670,45428.796875
23948,2872000,700,47951.8125
23949,2872000,730,52955.78125
23950,2872000,760,55230.515625
23951,2872000,790,54457.6875
23952,2872000,820,50928.515625
23953,2872000,850,49354.609375
23954,2872000,880,51115.484375
23955,2872000,910,54815.390625
23956,2872000,940,54822.90625
23957,2872000,970,52267.90625
23958,2872000,1000,49903.5
23959,2872000,1030,49039.6875
23960,2872000,1060,50249.984375
23961,2872000,1090,53030.890625
23962,2872000,1120,53497.5
23963,2872000,1150,53099.1875
23964,2872000,1180,53066.09375
23965,2872000,1210,52660.015625
23966,2872000,1240,52647.59375
23967,2872000,1270,51950.609375
23968,2872000,1300,51375.984375
23969,2872000,1330,52059.90625
23970,2872000,1360,52767.6875
23971,2872000,1390,52490.390625
23972,2872000,1420,52868.28125
23973,2872000,1450,51915.609375
23974,2872000,1480,51573.78125
23975,2872000,1510,52793.890625
23976,2872000,1540,53466.8125
23977,2872000,1570,53547.515625
23978,2872000,1600,53074.40625
23979,2872000,1630,51559.1875
23980,2872000,1660,51340.0
23981,2872000,1690,51531.796875
23982,2872000,1720,51891.21875
23983,2872000,1750,52521.109375
23984,2872000,1780,53134.796875
23985,2872000,1810,53203.40625
23986,2872000,1840,53187.703125
23987,2872000,1870,52045.703125
23988,2872000,1900,51527.59375
23989,2872000,1930,52092.703125
23990,2872000,1960,52948.09375
23991,2872000,1990,53841.703125
23992,2872000,2020,52943.296875
23993,2872000,2050,51920.59375
23994,2872000,2080,51220.609375
23995,2872000,2110,51729.015625
23996,2872000,2140,52919.59375
23997,2872000,2170,54000.109375
23998,2872000,2200,53347.3125
23999,2872000,2230,51853.40625
24000,2872000,2260,51320.90625
24001,2872000,2290,52163.78125
24002,2872000,2320,53117.78125
24003,2872000,2350,53465.984375
24004,2872000,2380,52471.71875
24005,2872000,2410,52145.5
24006,2872000,2440,52277.90625
24007,2872000,2470,52896.09375
24008,2872000,2500,53118.90625
24009,2872000,2530,52371.09375
24010,2872000,2560,51750.203125
24011,2872000,2590,52138.40625
24012,2872000,2620,53164.59375
24013,2872000,2650,53535.90625
24014,2872000,2680,53404.0
24015,2872000,2710,52032.109375
24016,2872000,2740,51630.09375
24017,2872000,2770,52150.203125
24018,2872000,2800,53327.90625
24019,2872000,2830,53719.890625
24020,2872000,2860,52572.984375
24021,2872000,2890,51089.28125
24022,2872000,2920,51275.703125
24023,2872000,2950,52782.21875
24024,2872000,2980,53995.59375
24025,2872000,3010,53557.3125
24026,2872000,3040,53047.3125
24027,2872000,3070,51898.515625
24028,2872000,3100,52054.0
24029,2872000,3130,52955.796875
24030,2872000,3160,53291.1875
24031,2872000,3190,52523.0
24032,2872000,3220,51874.28125
24033,2872000,3250,52044.90625
24034,2872000,3280,52700.0
24035,2872000,3310,53607.5
24036,2872000,3340,53167.1875
24037,2872000,3370,52766.609375
24038,2872000,3400,52358.09375
24039,2872000,3430,52686.6875
24040,2872000,3460,53129.609375
24041,2872000,3490,53067.0
24042,2872000,3520,52409.1875
24043,2872000,3550,51671.203125
24044,2872000,3580,51683.6875
24045,2872000,3610,52859.5
24046,2872000,3640,53514.3125
24047,2872000,3670,53624.28125
24048,2872000,3700,52834.609375
24049,2872000,3730,52389.890625
24050,2872000,3760,52674.796875
24051,2872000,3790,53007.609375
24052,2872000,3820,53010.296875
24053,2872000,3850,52538.203125
24054,2872000,3880,52083.515625
24055,2872000,3910,52146.6875
24056,2872000,3940,52366.5
24057,2872000,3970,53391.71875
24058,2872000,4000,53508.0
24059,2872000,4030,53150.40625
24060,2872000,4060,52773.703125
24061,2872000,4090,52835.09375
24062,2872000,4120,52884.90625
24063,2872000,4150,52812.59375
24064,2872000,4180,52576.6875
24065,2872000,4210,52467.296875
24066,2872000,4240,52426.8125
24067,2872000,4270,52473.40625
24068,2872000,4300,53189.296875
24069,2872000,4330,53171.109375
24070,2872000,4360,53080.28125
24071,2872000,4390,53093.203125
24072,2872000,4420,53137.0
24073,2872000,4450,53050.0
24074,2872000,4480,52710.1875
24075,2872000,4510,52402.390625
24076,2872000,4540,52343.09375
24077,2872000,4570,52305.984375
24078,2872000,4600,52974.90625
24079,2872000,4630,53245.78125
24080,2872000,4660,53149.21875
24081,2872000,4690,53081.609375
24082,2872000,4720,53016.40625
24083,2872000,4750,52889.390625
24084,2872000,4780,53077.5
24085,2872000,4810,53024.90625
24086,2872000,4840,52829.0
24087,2872000,4870,52269.890625
24088,2872000,4900,52614.890625
24089,2872000,4930,52673.09375
24090,2872000,4960,52926.59375
24091,2872000,4990,53245.296875
24092,2872000,5020,53319.21875
24093,2872000,5050,53263.78125
24094,2872000,5080,53029.3125
24095,2872000,5110,52826.0
24096,2872000,5140,52739.390625
24097,2872000,5170,52746.796875
24098,2872000,5200,52505.09375
24099,2872000,5230,52971.40625
24100,2872000,5260,52981.609375
24101,2872000,5290,53056.40625
24102,2872000,5320,53038.109375
24103,2872000,5350,53041.78125
24104,2872000,5380,53053.0
24105,2872000,5410,53057.09375
24106,2872000,5440,53123.0
24107,2872000,5470,52791.296875
24108,2872000,5500,53003.59375
24109,2872000,5530,52715.109375
24110,2872000,5560,52590.703125
24111,2872000,5590,52824.609375
24112,2872000,5620,53166.40625
24113,2872000,5650,53468.8125
24114,2872000,5680,53329.8125
24115,2872000,5710,53007.8125
24116,2872000,5740,52671.0
24117,2872000,5770,52299.796875
24118,2872000,5800,52888.78125
24119,2872000,5830,53324.28125
24120,2872000,5860,53282.09375
24121,2872000,5890,52982.40625
24122,2872000,5920,52806.796875
24123,2872000,5950,52866.3125
24124,2872000,5980,53050.296875
24125,2872000,6010,53254.3125
24126,2872000,6040,53214.90625
24127,2872000,6070,53046.40625
24128,2872000,6100,52947.59375
24129,2872000,6130,52666.28125
24130,2872000,6160,53025.390625
24131,2872000,6190,52935.0
24132,2872000,6220,52832.984375
24133,2872000,6250,53031.59375
24134,2872000,6280,53229.71875
24135,2872000,6310,53436.984375
24136,2872000,6340,53227.6875
24137,2872000,6370,52815.09375
24138,2872000,6400,52232.890625
24139,2872000,6430,52869.21875
24140,2872000,6460,53355.703125
24141,2872000,6490,53508.1875
24142,2872000,6520,53276.109375
24143,2872000,6550,52722.609375
24144,2872000,6580,52610.609375
24145,2872000,6610,52971.390625
24146,2872000,6640,53318.015625
24147,2872000,6670,53490.59375
24148,2872000,6700,53277.703125
24149,2872000,6730,52876.3125
24150,2872000,6760,52385.109375
24151,2872000,6790,52869.609375
24152,2872000,6820,53175.390625
24153,2872000,6850,53318.40625
24154,2872000,6880,53193.6875
24155,2872000,6910,53085.21875
24156,2872000,6940,53218.0
24157,2872000,6970,53238.109375
24158,2872000,7000,53161.1875
24159,2872000,7030,52571.0
24160,2872000,7060,52883.21875
24161,2872000,7090,53045.0
24162,2872000,7120,53302.5
24163,2872000,7150,53454.703125
24164,2872000,7180,53224.40625
24165,2872000,7210,52896.515625
24166,2872000,7240,52876.6875
24167,2872000,7270,53242.0
24168,2872000,7300,53501.6875
24169,2872000,7330,53128.796875
24170,2872000,7360,53290.09375
24171,2872000,7390,52839.78125
24172,2872000,7420,52796.1875
24173,2872000,7450,53014.515625
24174,2872000,7480,53272.40625
24175,2872000,7510,53438.796875
24176,2872000,7540,53729.90625
24177,2872000,7570,53134.1875
24178,2872000,7600,53058.28125
24179,2872000,7630,53082.609375
24180,2872000,7660,53211.0
24181,2872000,7690,53247.796875
24182,2872000,7720,53221.609375
24183,2872000,7750,53108.8125
24184,2872000,7780,53104.703125
24185,2872000,7810,53197.0
24186,2872000,7840,53108.1875
24187,2872000,7870,52745.5
24188,2872000,7900,53392.3125
24189,2872000,7930,53337.609375
24190,2872000,7960,53361.3125
24191,2872000,7990,53216.90625
24192,2872000,8020,53080.28125
24193,2872000,8050,53057.09375
24194,2872000,8080,52970.390625
24195,2872000,8110,53244.59375
24196,2872000,8140,53271.109375
24197,2872000,8170,53339.90625
24198,2872000,8200,52944.90625
24199,2872000,8230,53198.3125
24200,2872000,8260,53130.109375
24201,2872000,8290,53083.0
24202,2872000,8320,53170.015625
24203,2872000,8350,53369.0
24204,2872000,8380,53367.796875
24205,2872000,8410,53128.515625
24206,2872000,8440,52639.390625
24207,2872000,8470,52982.6875
24208,2872000,8500,53125.09375
24209,2872000,8530,53503.3125
24210,2872000,8560,53505.484375
24211,2872000,8590,53347.390625
24212,2872000,8620,53090.796875
24213,2872000,8650,52986.609375
24214,2872000,8680,53149.203125
24215,2872000,8710,53389.609375
24216,2872000,8740,53387.890625
24217,2872000,8770,53248.5
24218,2872000,8800,52766.203125
24219,2872000,8830,53189.5
24220,2872000,8860,53344.609375
24221,2872000,8890,53387.8125
24222,2872000,8920,53325.5
24223,2872000,8950,53144.5
24224,2872000,8980,53198.890625
24225,2872000,9010,53310.890625
24226,2872000,9040,53397.28125
24227,2872000,9070,52854.5
24228,2872000,9100,53042.203125
24229,2872000,9130,53012.90625
24230,2872000,9160,53233.703125
24231,2872000,9190,53514.90625
24232,2872000,9220,53532.390625
24233,2872000,9250,53250.6875
24234,2872000,9280,53012.984375
24235,2872000,9310,52964.0
24236,2872000,9340,53254.8125
24237,2872000,9370,53542.90625
24238,2872000,9400,53425.0
24239,2872000,9430,52789.90625
24240,2872000,9460,53022.015625
24241,2872000,9490,53217.6875
24242,2872000,9520,53325.8125
24243,2872000,9550,53512.3125
24244,2872000,9580,53427.90625
24245,2872000,9610,53164.390625
24246,2872000,9640,53149.0
24247,2872000,9670,53229.609375
24248,2872000,9700,53374.09375
24249,2872000,9730,52929.796875
24250,2872000,9760,53273.09375
24251,2872000,9790,53172.796875
24252,2872000,9820,53297.609375
24253,2872000,9850,53390.0
24254,2872000,9880,53523.203125
24255,2872000,9910,53325.5
24256,2872000,9940,53117.203125
24257,2872000,9970,53208.59375
24258,2872000,10000,53332.59375
24259,2872000,10030,53496.59375
24260,2872000,10060,53056.5
24261,2872000,10090,53277.203125
24262,2872000,10120,53156.890625
24263,2872000,10150,53239.90625
24264,2872000,10180,53391.40625
24265,2872000,10210,53540.28125
24266,2872000,10240,53419.390625
24267,2872000,10270,53225.0
24268,2872000,10300,53135.28125
24269,2872000,10330,53232.1875
24270,2872000,10360,52984.015625
24271,2872000,10390,53474.6875
24272,2872000,10420,53394.90625
24273,2872000,10450,53235.8125
24274,2872000,10480,53290.40625
24275,2872000,10510,53433.609375
24276,2872000,10540,53357.90625
24277,2872000,10570,53392.1875
24278,2872000,10600,53246.90625
24279,2872000,10630,52876.6875
24280,2872000,10660,53370.1875
24281,2872000,10690,53325.0
24282,2872000,10720,53405.3125
24283,2872000,10750,53342.609375
24284,2872000,10780,53348.796875
24285,2872000,10810,53358.390625
24286,2872000,10840,53384.6875
24287,2872000,10870,53343.40625
24288,2872000,10900,53334.890625
24289,2872000,10930,53351.5
24290,2872000,10960,53241.5
24291,2872000,10990,52971.0
24292,2872000,11020,53368.40625
24293,2872000,11050,53409.3125
24294,2872000,11080,53313.5
24295,2872000,11110,53314.8125
24296,2872000,11140,53302.3125
24297,2872000,11170,53382.59375
24298,2872000,11200,53396.015625
24299,2872000,11230,53371.5
24300,2872000,11260,52982.3125
24301,2872000,11290,53337.203125
24302,2872000,11320,53357.59375
24303,2872000,11350,53358.6875
24304,2872000,11380,53426.1875
24305,2872000,11410,53427.78125
24306,2872000,11440,53428.09375
24307,2872000,11470,53337.015625
24308,2872000,11500,53407.1875
24309,2872000,11530,53334.3125
24310,2872000,11560,53430.515625
24311,2872000,11590,53408.609375
24312,2872000,11620,53007.78125
24313,2872000,11650,53399.984375
24314,2872000,11680,53338.40625
24315,2872000,11710,53388.015625
24316,2872000,11740,53447.6875
24317,2872000,11770,53395.40625
24318,2872000,11800,53404.0
24319,2872000,11830,53420.3125
24320,2872000,11860,53434.203125
24321,2872000,11890,53039.0
24322,2872000,11920,53409.78125
24323,2872000,11950,53416.3125
24324,2872000,11980,53361.40625
24325,2872000,12010,53420.1875
24326,2872000,12040,53424.59375
24327,2872000,12070,53471.203125
24328,2872000,12100,53400.0
24329,2872000,12130,53426.109375
24330,2872000,12160,53332.296875
24331,2872000,12190,52987.890625
24332,2872000,12220,53433.703125
24333,2872000,12250,53479.1875
24334,2872000,12280,53462.5
24335,2872000,12310,53387.09375
24336,2872000,12340,53371.890625
24337,2872000,12370,53368.484375
24338,2872000,12400,53497.90625
24339,2872000,12430,53454.0
24340,2872000,12460,53461.40625
24341,2872000,12490,53387.703125
24342,2872000,12520,53020.5
24343,2872000,12550,53408.390625
24344,2872000,12580,53422.6875
24345,2872000,12610,53505.3125
24346,2872000,12640,53378.796875
24347,2872000,12670,53408.09375
24348,2872000,12700,53461.6875
24349,2872000,12730,53438.59375
24350,2872000,12760,53439.59375
24351,2872000,12790,53447.09375
24352,2872000,12820,53480.203125
24353,2872000,12850,53475.296875
24354,2872000,12880,53029.40625
24355,2872000,12910,53449.515625
24356,2872000,12940,53418.8125
24357,2872000,12970,53469.796875
24358,2872000,13000,53408.40625
24359,2872000,13030,53443.1875
24360,2872000,13060,53467.390625
24361,2872000,13090,53470.609375
24362,2872000,13120,53426.109375
24363,2872000,13150,53407.8125
24364,2872000,13180,53380.90625
24365,2872000,13210,53024.5
24366,2872000,13240,53480.40625
24367,2872000,13270,53524.3125
24368,2872000,13300,53454.109375
24369,2872000,13330,53445.3125
24370,2872000,13360,53470.890625
24371,2872000,13390,53584.59375
24372,2872000,13420,53581.796875
24373,2872000,13450,53475.1875
24374,2872000,13480,53415.015625
24375,2872000,13510,53034.21875
24376,2872000,13540,53416.6875
24377,2872000,13570,53528.78125
24378,2872000,13600,53472.6875
24379,2872000,13630,53490.1875
24380,2872000,13660,53472.609375
24381,2872000,13690,53430.1875
24382,2872000,13720,53480.6875
24383,2872000,13750,53473.3125
24384,2872000,13780,53512.78125
24385,2872000,13810,53104.71875
24386,2872000,13840,53453.3125
24387,2872000,13870,53499.1875
24388,2872000,13900,53478.09375
24389,2872000,13930,53469.21875
24390,2872000,13960,53514.21875
24391,2872000,13990,53427.40625
24392,2872000,14020,53496.390625
24393,2872000,14050,53568.09375
24394,2872000,14080,53161.59375
24395,2872000,14110,53473.390625
24396,2872000,14140,53468.609375
24397,2872000,14170,53439.1875
24398,2872000,14200,53517.3125
24399,2872000,14230,53444.203125
24400,2872000,14260,53536.0
24401,2872000,14290,53530.6875
24402,2872000,14320,53513.390625
24403,2872000,14350,53583.0
24404,2872000,14380,53093.609375
24405,2872000,14410,53430.3125
24406,2872000,14440,53533.21875
24407,2872000,14470,53535.8125
24408,2872000,14500,53487.609375
24409,2872000,14530,53485.796875
24410,2872000,14560,53498.390625
24411,2872000,14590,53467.40625
24412,2872000,14620,53486.109375
24413,2872000,14650,53558.5
24414,2872000,14680,53520.09375
24415,2872000,14710,53127.28125
24416,2872000,14740,53501.28125
24417,2872000,14770,53453.40625
24418,2872000,14800,53457.09375
24419,2872000,14830,53458.0
24420,2872000,14860,53528.109375
24421,2872000,14890,53484.0
24422,2872000,14920,53536.8125
24423,2872000,14950,53501.40625
24424,2872000,14980,53450.109375
24425,2872000,15010,53089.1875
24426,2872000,15040,53527.0
24427,2872000,15070,53566.703125
24428,2872000,15100,53534.90625
24429,2872000,15130,53509.0
24430,2872000,15160,53475.890625
24431,2872000,15190,53456.515625
24432,2872000,15220,53526.109375
24433,2872000,15250,53513.296875
24434,2872000,15280,53503.609375
24435,2872000,15310,53535.1875
24436,2872000,15340,53551.09375
24437,2872000,15370,53127.390625
24438,2872000,15400,53488.40625
24439,2872000,15430,53483.1875
24440,2872000,15460,53496.109375
24441,2872000,15490,53549.40625
24442,2872000,15520,53568.5
24443,2872000,15550,53519.390625
24444,2872000,15580,53516.59375
24445,2872000,15610,53519.296875
24446,2872000,15640,53071.796875
24447,2872000,15670,53528.703125
24448,2872000,15700,53527.203125
24449,2872000,15730,53540.984375
24450,2872000,15760,53531.890625
24451,2872000,15790,53493.1875
24452,2872000,15820,53565.5
24453,2872000,15850,53564.1875
24454,2872000,15880,53601.484375
24455,2872000,15910,53505.796875
24456,2872000,15940,53510.8125
24457,2872000,15970,53510.59375
24458,2872000,16000,53217.6875
24459,2872000,16030,53533.5
24460,2872000,16060,53514.78125
24461,2872000,16090,53522.1875
24462,2872000,16120,53524.203125
24463,2872000,16150,53569.3125
24464,2872000,16180,53531.796875
24465,2872000,16210,53505.90625
24466,2872000,16240,53505.6875
24467,2872000,16270,53151.1875
24468,2872000,16300,53494.0
24469,2872000,16330,53583.796875
24470,2872000,16360,53592.40625
24471,2872000,16390,53468.6875
24472,2872000,16420,53519.1875
24473,2872000,16450,53568.1875
24474,2872000,16480,53558.609375
24475,2872000,16510,53545.109375
24476,2872000,16540,53555.5
24477,2872000,16570,53538.484375
24478,2872000,16600,53489.1875
24479,2872000,16630,53141.390625
24480,2872000,16660,53558.484375
24481,2872000,16690,53560.796875
24482,2872000,16720,53574.1875
24483,2872000,16750,53520.3125
24484,2872000,16780,53539.6875
24485,2872000,16810,53480.109375
24486,2872000,16840,53545.6875
24487,2872000,16870,53542.28125
24488,2872000,16900,53186.59375
24489,2872000,16930,53522.40625
24490,2872000,16960,53549.1875
24491,2872000,16990,53536.59375
24492,2872000,17020,53628.59375
24493,2872000,17050,53577.09375
24494,2872000,17080,53585.609375
24495,2872000,17110,53555.890625
24496,2872000,17140,53553.09375
24497,2872000,17170,53538.796875
24498,2872000,17200,53200.796875
24499,2872000,17230,53498.296875
24500,2872000,17260,53559.1875
24501,2872000,17290,53523.609375
24502,2872000,17320,53545.8125
24503,2872000,17350,53594.0
24504,2872000,17380,53593.890625
24505,2872000,17410,53507.703125
24506,2872000,17440,53543.890625
24507,2872000,17470,53492.609375
24508,2872000,17500,53529.5
24509,2872000,17530,53619.90625
24510,2872000,17560,53158.0
24511,2872000,17590,53591.09375
24512,2872000,17620,53541.015625
24513,2872000,17650,53491.40625
24514,2872000,17680,53532.609375
24515,2872000,17710,53523.609375
24516,2872000,17740,53600.09375
24517,2872000,17770,53928.09375
24518,2872000,17800,53614.3125
24519,2872000,17830,53558.109375
24520,2872000,17860,53621.984375
24521,2872000,17890,53592.59375
24522,2872000,17920,53538.3125
24523,2872000,17950,53559.0
24524,2872000,17980,53529.890625
24525,2872000,18010,53607.71875
24526,2872000,18040,53571.609375
24527,2872000,18070,53153.109375
24528,2872000,18100,53578.796875
24529,2872000,18130,53568.6875
24530,2872000,18160,53572.515625
24531,2872000,18190,53597.984375
24532,2872000,18220,53559.90625
24533,2872000,18250,53541.09375
24534,2872000,18280,53599.90625
24535,2872000,18310,53560.296875
24536,2872000,18340,53601.109375
24537,2872000,18370,53206.59375
24538,2872000,18400,53587.390625
24539,2872000,18430,53618.796875
24540,2872000,18460,53596.203125
24541,2872000,18490,53594.09375
24542,2872000,18520,53573.703125
24543,2872000,18550,53666.40625
24544,2872000,18580,53578.6875
24545,2872000,18610,53579.40625
24546,2872000,18640,53541.296875
24547,2872000,18670,53215.1875
24548,2872000,18700,53621.0
24549,2872000,18730,53611.71875
24550,2872000,18760,53582.5
24551,2872000,18790,53562.703125
24552,2872000,18820,53594.109375
24553,2872000,18850,53586.90625
24554,2872000,18880,53618.6875
24555,2872000,18910,53525.703125
24556,2872000,18940,53181.296875
24557,2872000,18970,53565.59375
24558,2872000,19000,53586.390625
24559,2872000,19030,53599.203125
24560,2872000,19060,53622.203125
24561,2872000,19090,53605.90625
24562,2872000,19120,53604.3125
24563,2872000,19150,53578.40625
24564,2872000,19180,53579.796875
24565,2872000,19210,53610.90625
24566,2872000,19240,53161.8125
24567,2872000,19270,53594.09375
24568,2872000,19300,53621.296875
24569,2872000,19330,53617.390625
24570,2872000,19360,53570.1875
24571,2872000,19390,53489.203125
24572,2872000,19420,53584.890625
24573,2872000,19450,53614.390625
24574,2872000,19480,53625.0
24575,2872000,19510,53655.1875
24576,2872000,19540,53606.3125
24577,2872000,19570,53589.390625
24578,2872000,19600,53594.59375
24579,2872000,19630,53217.203125
24580,2872000,19660,53613.90625
24581,2872000,19690,53612.78125
24582,2872000,19720,53627.78125
24583,2872000,19750,53608.890625
24584,2872000,19780,53623.703125
24585,2872000,19810,53553.109375
24586,2872000,19840,53583.09375
24587,2872000,19870,53228.0
24588,2872000,19900,53582.0
24589,2872000,19930,53630.109375
24590,2872000,19960,53607.015625
24591,2872000,19990,53586.0
24592,2872000,20020,53610.0
24593,2872000,20050,53580.484375
24594,2872000,20080,53597.015625
24595,2872000,20110,53612.703125
24596,2872000,20140,53617.390625
24597,2872000,20170,53590.90625
24598,2872000,20200,53618.90625
24599,2872000,20230,53227.09375
24600,2872000,20260,53672.1875
24601,2872000,20290,53616.296875
24602,2872000,20320,53549.515625
24603,2872000,20350,53640.3125
24604,2872000,20380,53616.3125
24605,2872000,20410,53584.71875
24606,2872000,20440,53630.203125
24607,2872000,20470,53603.203125
24608,2872000,20500,53251.5
24609,2872000,20530,53647.109375
24610,2872000,20560,53642.8125
24611,2872000,20590,53581.296875
24612,2872000,20620,53590.890625
24613,2872000,20650,53628.90625
24614,2872000,20680,53629.09375
24615,2872000,20710,53621.0
24616,2872000,20740,53639.59375
24617,2872000,20770,53554.59375
24618,2872000,20800,53614.09375
24619,2872000,20830,53603.484375
24620,2872000,20860,53654.09375
24621,2872000,20890,53217.09375
24622,2872000,20920,53650.0
24623,2872000,20950,53626.59375
24624,2872000,20980,53607.796875
24625,2872000,21010,53620.890625
24626,2872000,21040,53612.390625
24627,2872000,21070,53546.40625
24628,2872000,21100,53621.09375
24629,2872000,21130,53272.3125
24630,2872000,21160,53629.015625
24631,2872000,21190,53668.890625
24632,2872000,21220,53689.59375
24633,2872000,21250,53608.015625
24634,2872000,21280,53637.796875
24635,2872000,21310,53649.203125
24636,2872000,21340,53645.0
24637,2872000,21370,53563.0
24638,2872000,21400,53642.1875
24639,2872000,21430,53186.890625
24640,2872000,21460,53622.90625
24641,2872000,21490,53645.90625
24642,2872000,21520,53622.1875
24643,2872000,21550,53607.203125
24644,2872000,21580,53652.890625
24645,2872000,21610,53601.5
24646,2872000,21640,53592.296875
24647,2872000,21670,53642.0
24648,2872000,21700,53674.796875
24649,2872000,21730,53633.609375
24650,2872000,21760,53601.0
24651,2872000,21790,53648.59375
24652,2872000,21820,53224.3125
24653,2872000,21850,53609.59375
24654,2872000,21880,53637.21875
24655,2872000,21910,53641.796875
24656,2872000,21940,53639.59375
24657,2872000,21970,53605.90625
24658,2872000,22000,53602.09375
24659,2872000,22030,53638.890625
24660,2872000,22060,53321.59375
24661,2872000,22090,53732.40625
24662,2872000,22120,53629.890625
24663,2872000,22150,53628.3125
24664,2872000,22180,53611.1875
24665,2872000,22210,53615.28125
24666,2872000,22240,53600.5
24667,2872000,22270,53625.09375
24668,2872000,22300,53621.40625
24669,2872000,22330,53600.203125
24670,2872000,22360,53617.5
24671,2872000,22390,53602.390625
24672,2872000,22420,53249.40625
24673,2872000,22450,53641.09375
24674,2872000,22480,53606.609375
24675,2872000,22510,53729.09375
24676,2872000,22540,53587.40625
24677,2872000,22570,53641.390625
24678,2872000,22600,53607.90625
24679,2872000,22630,53631.390625
24680,2872000,22660,53664.90625
24681,2872000,22690,53222.984375
24682,2872000,22720,53642.8125
24683,2872000,22750,53624.09375
24684,2872000,22780,53633.78125
24685,2872000,22810,53631.09375
24686,2872000,22840,53655.40625
24687,2872000,22870,53610.09375
24688,2872000,22900,53667.390625
24689,2872000,22930,53701.6875
24690,2872000,22960,53624.3125
24691,2872000,22990,53618.109375
24692,2872000,23020,53636.890625
24693,2872000,23050,53271.3125
24694,2872000,23080,53569.015625
24695,2872000,23110,53619.484375
24696,2872000,23140,53710.78125
24697,2872000,23170,53626.59375
24698,2872000,23200,53606.59375
24699,2872000,23230,53635.890625
24700,2872000,23260,53615.90625
24701,2872000,23290,53611.609375
24702,2872000,23320,53638.0
24703,2872000,23350,53224.09375
24704,2872000,23380,53647.8125
24705,2872000,23410,53638.484375
24706,2872000,23440,53633.609375
24707,2872000,23470,53691.890625
24708,2872000,23500,53634.0
24709,2872000,23530,53634.90625
24710,2872000,23560,53619.0
24711,2872000,23590,53656.3125
24712,2872000,23620,53268.984375
24713,2872000,23650,53621.109375
24714,2872000,23680,53661.5
24715,2872000,23710,53593.203125
24716,2872000,23740,53627.703125
24717,2872000,23770,53614.8125
24718,2872000,23800,53582.3125
24719,2872000,23830,53628.0
24720,2872000,23860,53549.703125
24721,2872000,23890,53576.0
24722,2872000,23920,53670.5
24723,2872000,23950,53601.3125
24724,2872000,23980,53277.40625
24725,2872000,24010,53641.5
24726,2872000,24040,53636.09375
24727,2872000,24070,53624.21875
24728,2872000,24100,53685.3125
24729,2872000,24130,53655.703125
24730,2872000,24160,53656.40625
24731,2872000,24190,53666.71875
24732,2872000,24220,53665.21875
24733,2872000,24250,53244.1875
24734,2872000,24280,53628.28125
24735,2872000,24310,53647.09375
24736,2872000,24340,53606.1875
24737,2872000,24370,53653.71875
24738,2872000,24400,53615.3125
24739,2872000,24430,53639.609375
24740,2872000,24460,53664.71875
24741,2872000,24490,53644.59375
24742,2872000,24520,53654.0
24743,2872000,24550,53614.703125
24744,2872000,24580,53682.78125
24745,2872000,24610,53240.296875
24746,2872000,24640,53690.6875
24747,2872000,24670,53672.515625
24748,2872000,24700,53624.109375
24749,2872000,24730,53642.8125
24750,2872000,24760,53656.5
24751,2872000,24790,53628.8125
24752,2872000,24820,53631.09375
24753,2872000,24850,53640.59375
24754,2872000,24880,53261.890625
24755,2872000,24910,53626.5
24756,2872000,24940,53679.5
24757,2872000,24970,53627.5
24758,2872000,25000,53603.6875
24759,2872000,25030,53634.109375
24760,2872000,25060,53641.0
24761,2872000,25090,53656.703125
24762,2872000,25120,53657.0
24763,2872000,25150,53656.59375
24764,2872000,25180,53619.6875
24765,2872000,25210,53596.1875
24766,2872000,25240,53255.59375
24767,2872000,25270,53723.78125
24768,2872000,25300,53626.40625
24769,2872000,25330,53692.203125
24770,2872000,25360,53645.09375
24771,2872000,25390,53633.609375
24772,2872000,25420,53654.5
24773,2872000,25450,53683.09375
24774,2872000,25480,53667.015625
24775,2872000,25510,53283.0
24776,2872000,25540,53642.8125
24777,2872000,25570,53666.5
24778,2872000,25600,53657.5
24779,2872000,25630,53674.796875
24780,2872000,25660,53610.40625
24781,2872000,25690,53663.90625
24782,2872000,25720,53656.0
24783,2872000,25750,53614.390625
24784,2872000,25780,53655.6875
24785,2872000,25810,53262.609375
24786,2872000,25840,53656.90625
24787,2872000,25870,53612.09375
24788,2872000,25900,53642.09375
24789,2872000,25930,53642.09375
24790,2872000,25960,53658.5
24791,2872000,25990,53567.90625
24792,2872000,26020,53610.40625
24793,2872000,26050,53695.28125
24794,2872000,26080,53729.8125
24795,2872000,26110,53587.203125
24796,2872000,26140,53605.109375
24797,2872000,26170,53277.09375
24798,2872000,26200,53675.71875
24799,2872000,26230,53691.3125
24800,2872000,26260,53665.6875
24801,2872000,26290,53642.609375
24802,2872000,26320,53666.40625
24803,2872000,26350,53648.78125
24804,2872000,26380,53656.90625
24805,2872000,26410,53603.59375
24806,2872000,26440,53235.0
24807,2872000,26470,53630.6875
24808,2872000,26500,53662.40625
24809,2872000,26530,53660.3125
24810,2872000,26560,53687.5
24811,2872000,26590,53666.5
24812,2872000,26620,53631.09375
24813,2872000,26650,53664.796875
24814,2872000,26680,53622.5
24815,2872000,26710,53657.890625
24816,2872000,26740,53627.890625
24817,2872000,26770,53626.703125
24818,2872000,26800,53683.71875
24819,2872000,26830,53228.5
24820,2872000,26860,53616.484375
24821,2872000,26890,53639.0
24822,2872000,26920,53620.0
24823,2872000,26950,53655.296875
24824,2872000,26980,53645.71875
24825,2872000,27010,53640.3125
24826,2872000,27040,53659.28125
24827,2872000,27070,53669.8125
24828,2872000,27100,53690.390625
24829,2872000,27130,53264.1875
24830,2872000,27160,53676.109375
24831,2872000,27190,53647.90625
24832,2872000,27220,53651.703125
24833,2872000,27250,53661.796875
24834,2872000,27280,53668.015625
24835,2872000,27310,53582.203125
24836,2872000,27340,53668.28125
24837,2872000,27370,53603.703125
24838,2872000,27400,53649.015625
24839,2872000,27430,53339.21875
24840,2872000,27460,53626.09375
24841,2872000,27490,53664.5
24842,2872000,27520,53606.90625
24843,2872000,27550,53633.59375
24844,2872000,27580,53621.015625
24845,2872000,27610,53628.109375
24846,2872000,27640,53679.09375
24847,2872000,27670,53671.59375
24848,2872000,27700,53224.8125
24849,2872000,27730,53645.5
24850,2872000,27760,53629.984375
24851,2872000,27790,53585.5
24852,2872000,27820,53621.796875
24853,2872000,27850,53615.59375
24854,2872000,27880,53648.6875
24855,2872000,27910,53588.21875
24856,2872000,27940,53654.296875
24857,2872000,27970,53656.390625
24858,2872000,28000,53322.6875
24859,2872000,28030,53710.015625
24860,2872000,28060,53712.28125
24861,2872000,28090,53672.6875
24862,2872000,28120,53632.5
24863,2872000,28150,53734.0
24864,2872000,28180,53680.40625
24865,2872000,28210,53639.0
24866,2872000,28240,53648.984375
24867,2872000,28270,53581.390625
24868,2872000,28300,53624.1875
24869,2872000,28330,53623.90625
24870,2872000,28360,53234.09375
24871,2872000,28390,53633.203125
24872,2872000,28420,53692.609375
24873,2872000,28450,53668.3125
24874,2872000,28480,53663.5
24875,2872000,28510,53695.609375
24876,2872000,28540,53667.015625
24877,2872000,28570,53629.390625
24878,2872000,28600,53669.703125
24879,2872000,28630,53264.390625
24880,2872000,28660,53630.21875
24881,2872000,28690,53630.5
24882,2872000,28720,53672.21875
24883,2872000,28750,53593.59375
24884,2872000,28780,53620.21875
24885,2872000,28810,53606.09375
24886,2872000,28840,53639.09375
24887,2872000,28870,53680.484375
24888,2872000,28900,53702.0
24889,2872000,28930,53645.390625
24890,2872000,28960,53673.609375
24891,2872000,28990,53301.8125
24892,2872000,29020,53645.09375
24893,2872000,29050,53601.609375
24894,2872000,29080,53657.796875
24895,2872000,29110,53670.09375
24896,2872000,29140,53612.484375
24897,2872000,29170,53673.3125
24898,2872000,29200,53683.0
24899,2872000,29230,53628.390625
24900,2872000,29260,53344.09375
24901,2872000,29290,53647.796875
24902,2872000,29320,53664.1875
24903,2872000,29350,53698.015625
24904,2872000,29380,53627.40625
24905,2872000,29410,53682.8125
24906,2872000,29440,53639.09375
24907,2872000,29470,53656.5
24908,2872000,29500,53618.5
24909,2872000,29530,53618.59375
24910,2872000,29560,53606.59375
24911,2872000,29590,53636.78125
24912,2872000,29620,53235.703125
24913,2872000,29650,53679.5
24914,2872000,29680,53695.71875
24915,2872000,29710,53612.5
24916,2872000,29740,53666.203125
24917,2872000,29770,53633.609375
24918,2872000,29800,53645.484375
24919,2872000,29830,53700.5
24920,2872000,29860,53628.28125
24921,2872000,29890,53283.484375
24922,2872000,29920,53692.71875
24923,2872000,29950,53573.90625
24924,2872000,29980,53639.40625
24925,2872500,100,12638.21875
24926,2872500,130,57063.0
24927,2872500,160,57030.015625
24928,2872500,190,54471.59375
24929,2872500,220,47480.1875
24930,2872500,250,52819.90625
24931,2872500,280,55974.40625
24932,2872500,310,56339.984375
24933,2872500,340,51619.90625
24934,2872500,370,45651.90625
24935,2872500,400,50112.90625
24936,2872500,430,54177.59375
24937,2872500,460,54433.09375
24938,2872500,490,53735.109375
24939,2872500,520,51794.296875
24940,2872500,550,54123.59375
24941,2872500,580,56259.8125
24942,2872500,610,54662.3125
24943,2872500,640,51029.21875
24944,2872500,670,46954.90625
24945,2872500,700,50256.203125
24946,2872500,730,55312.1875
24947,2872500,760,56775.890625
24948,2872500,790,55745.90625
24949,2872500,820,52223.890625
24950,2872500,850,50787.796875
24951,2872500,880,53006.296875
24952,2872500,910,56282.5
24953,2872500,940,55887.59375
24954,2872500,970,52946.109375
24955,2872500,1000,50817.796875
24956,2872500,1030,50111.390625
24957,2872500,1060,52398.109375
24958,2872500,1090,55316.09375
24959,2872500,1120,55472.5
24960,2872500,1150,54423.515625
24961,2872500,1180,54296.890625
24962,2872500,1210,53885.90625
24963,2872500,1240,53910.5
24964,2872500,1270,53219.71875
24965,2872500,1300,52922.609375
24966,2872500,1330,53823.515625
24967,2872500,1360,54388.90625
24968,2872500,1390,54047.0
24969,2872500,1420,54390.203125
24970,2872500,1450,53275.59375
24971,2872500,1480,53166.015625
24972,2872500,1510,54553.90625
24973,2872500,1540,54872.390625
24974,2872500,1570,54737.296875
24975,2872500,1600,53962.8125
24976,2872500,1630,52707.890625
24977,2872500,1660,52865.40625
24978,2872500,1690,52795.59375
24979,2872500,1720,53770.28125
24980,2872500,1750,54695.703125
24981,2872500,1780,54743.90625
24982,2872500,1810,54711.890625
24983,2872500,1840,54264.703125
24984,2872500,1870,53197.09375
24985,2872500,1900,53065.3125
24986,2872500,1930,53854.203125
24987,2872500,1960,54226.8125
24988,2872500,1990,55220.984375
24989,2872500,2020,54291.40625
24990,2872500,2050,52933.21875
24991,2872500,2080,52661.3125
24992,2872500,2110,53722.703125
24993,2872500,2140,55045.5
24994,2872500,2170,55280.59375
24995,2872500,2200,54299.703125
24996,2872500,2230,52792.59375
24997,2872500,2260,52991.984375
24998,2872500,2290,54194.09375
24999,2872500,2320,54478.78125
25000,2872500,2350,54790.40625
25001,2872500,2380,53931.71875
25002,2872500,2410,53421.09375
25003,2872500,2440,53760.09375
25004,2872500,2470,54540.5
25005,2872500,2500,54384.90625
25006,2872500,2530,53496.78125
25007,2872500,2560,53226.1875
25008,2872500,2590,53733.703125
25009,2872500,2620,55052.40625
25010,2872500,2650,55242.296875
25011,2872500,2680,54368.78125
25012,2872500,2710,53073.90625
25013,2872500,2740,53086.515625
25014,2872500,2770,54197.203125
25015,2872500,2800,55078.703125
25016,2872500,2830,54648.203125
25017,2872500,2860,53290.890625
25018,2872500,2890,52713.609375
25019,2872500,2920,53505.40625
25020,2872500,2950,54638.1875
25021,2872500,2980,55565.296875
25022,2872500,3010,54791.90625
25023,2872500,3040,53732.796875
25024,2872500,3070,53124.6875
25025,2872500,3100,53768.0
25026,2872500,3130,54593.3125
25027,2872500,3160,54556.40625
25028,2872500,3190,53704.890625
25029,2872500,3220,53109.0
25030,2872500,3250,54035.3125
25031,2872500,3280,54788.8125
25032,2872500,3310,55215.3125
25033,2872500,3340,54613.109375
25034,2872500,3370,53699.015625
25035,2872500,3400,53758.40625
25036,2872500,3430,54145.890625
25037,2872500,3460,54469.09375
25038,2872500,3490,54108.1875
25039,2872500,3520,53583.203125
25040,2872500,3550,53614.296875
25041,2872500,3580,54252.8125
25042,2872500,3610,55065.78125
25043,2872500,3640,55160.390625
25044,2872500,3670,53989.5
25045,2872500,3700,53703.984375
25046,2872500,3730,53799.796875
25047,2872500,3760,54123.296875
25048,2872500,3790,54395.40625
25049,2872500,3820,54252.6875
25050,2872500,3850,53772.90625
25051,2872500,3880,53300.09375
25052,2872500,3910,54299.90625
25053,2872500,3940,54879.203125
25054,2872500,3970,54984.90625
25055,2872500,4000,54666.8125
25056,2872500,4030,54118.390625
25057,2872500,4060,53944.296875
25058,2872500,4090,54101.59375
25059,2872500,4120,54161.40625
25060,2872500,4150,53720.703125
25061,2872500,4180,54071.984375
25062,2872500,4210,54183.21875
25063,2872500,4240,54402.40625
25064,2872500,4270,54689.40625
25065,2872500,4300,54678.703125
25066,2872500,4330,54460.59375
25067,2872500,4360,54437.984375
25068,2872500,4390,54343.59375
25069,2872500,4420,54309.296875
25070,2872500,4450,54146.0
25071,2872500,4480,53988.59375
25072,2872500,4510,53622.09375
25073,2872500,4540,54248.484375
25074,2872500,4570,54642.3125
25075,2872500,4600,54837.203125
25076,2872500,4630,54694.484375
25077,2872500,4660,54424.109375
25078,2872500,4690,54614.5
25079,2872500,4720,54113.609375
25080,2872500,4750,54351.3125
25081,2872500,4780,54451.015625
25082,2872500,4810,54287.5
25083,2872500,4840,54279.390625
25084,2872500,4870,54354.609375
25085,2872500,4900,54355.6875
25086,2872500,4930,54641.09375
25087,2872500,4960,54691.984375
25088,2872500,4990,54288.203125
25089,2872500,5020,54571.0
25090,2872500,5050,54245.59375
25091,2872500,5080,54155.09375
25092,2872500,5110,54075.5
25093,2872500,5140,54293.703125
25094,2872500,5170,54508.71875
25095,2872500,5200,54691.015625
25096,2872500,5230,54608.5
25097,2872500,5260,54139.6875
25098,2872500,5290,54454.3125
25099,2872500,5320,54404.21875
25100,2872500,5350,54375.984375
25101,2872500,5380,54381.59375
25102,2872500,5410,54477.296875
25103,2872500,5440,54531.5
25104,2872500,5470,54420.0
25105,2872500,5500,54397.5
25106,2872500,5530,54298.609375
25107,2872500,5560,54407.609375
25108,2872500,5590,54711.390625
25109,2872500,5620,54443.203125
25110,2872500,5650,54699.09375
25111,2872500,5680,54366.78125
25112,2872500,5710,54040.890625
25113,2872500,5740,54101.703125
25114,2872500,5770,54478.6875
25115,2872500,5800,54801.8125
25116,2872500,5830,54769.390625
25117,2872500,5860,54492.6875
25118,2872500,5890,53861.1875
25119,2872500,5920,54301.390625
25120,2872500,5950,54569.484375
25121,2872500,5980,54723.90625
25122,2872500,6010,54651.015625
25123,2872500,6040,54461.0
25124,2872500,6070,54388.3125
25125,2872500,6100,54475.890625
25126,2872500,6130,54565.09375
25127,2872500,6160,54594.0
25128,2872500,6190,54110.703125
25129,2872500,6220,54592.59375
25130,2872500,6250,54729.5
25131,2872500,6280,54764.890625
25132,2872500,6310,54543.6875
25133,2872500,6340,54281.390625
25134,2872500,6370,54126.109375
25135,2872500,6400,54433.59375
25136,2872500,6430,54849.1875
25137,2872500,6460,54990.78125
25138,2872500,6490,54637.609375
25139,2872500,6520,54356.6875
25140,2872500,6550,53770.71875
25141,2872500,6580,54418.59375
25142,2872500,6610,54884.515625
25143,2872500,6640,54919.59375
25144,2872500,6670,54551.609375
25145,2872500,6700,54329.3125
25146,2872500,6730,54267.59375
25147,2872500,6760,54504.390625
25148,2872500,6790,54832.296875
25149,2872500,6820,54473.0
25150,2872500,6850,54631.8125
25151,2872500,6880,54534.09375
25152,2872500,6910,54434.0
25153,2872500,6940,54573.0
25154,2872500,6970,54516.703125
25155,2872500,7000,54484.6875
25156,2872500,7030,54453.0
25157,2872500,7060,54624.890625
25158,2872500,7090,54830.796875
25159,2872500,7120,54813.90625
25160,2872500,7150,54585.703125
25161,2872500,7180,54011.40625
25162,2872500,7210,54468.796875
25163,2872500,7240,54675.609375
25164,2872500,7270,54837.1875
25165,2872500,7300,54732.3125
25166,2872500,7330,54513.09375
25167,2872500,7360,54297.203125
25168,2872500,7390,54428.40625
25169,2872500,7420,54713.59375
25170,2872500,7450,54537.109375
25171,2872500,7480,54959.796875
25172,2872500,7510,54699.90625
25173,2872500,7540,54508.1875
25174,2872500,7570,54384.296875
25175,2872500,7600,54535.28125
25176,2872500,7630,54688.3125
25177,2872500,7660,54704.28125
25178,2872500,7690,54691.0
25179,2872500,7720,54667.0
25180,2872500,7750,54714.1875
25181,2872500,7780,54656.703125
25182,2872500,7810,54268.890625
25183,2872500,7840,54723.09375
25184,2872500,7870,54753.59375
25185,2872500,7900,54656.1875
25186,2872500,7930,54561.40625
25187,2872500,7960,54540.296875
25188,2872500,7990,54536.609375
25189,2872500,8020,54647.890625
25190,2872500,8050,54725.890625
25191,2872500,8080,54362.09375
25192,2872500,8110,54799.28125
25193,2872500,8140,54743.40625
25194,2872500,8170,54711.1875
25195,2872500,8200,54573.609375
25196,2872500,8230,54548.09375
25197,2872500,8260,54636.609375
25198,2872500,8290,54760.90625
25199,2872500,8320,54872.59375
25200,2872500,8350,54753.3125
25201,2872500,8380,54256.609375
25202,2872500,8410,54641.59375
25203,2872500,8440,54609.1875
25204,2872500,8470,54862.609375
25205,2872500,8500,54868.5
25206,2872500,8530,54824.484375
25207,2872500,8560,54581.21875
25208,2872500,8590,54449.71875
25209,2872500,8620,54590.90625
25210,2872500,8650,54854.984375
25211,2872500,8680,54947.5
25212,2872500,8710,54877.6875
25213,2872500,8740,54268.59375
25214,2872500,8770,54617.390625
25215,2872500,8800,54662.6875
25216,2872500,8830,54849.6875
25217,2872500,8860,54837.3125
25218,2872500,8890,54681.796875
25219,2872500,8920,54666.28125
25220,2872500,8950,54701.8125
25221,2872500,8980,54837.703125
25222,2872500,9010,54422.203125
25223,2872500,9040,54718.203125
25224,2872500,9070,54668.3125
25225,2872500,9100,54640.90625
25226,2872500,9130,54834.984375
25227,2872500,9160,54879.515625
25228,2872500,9190,54745.59375
25229,2872500,9220,54645.890625
25230,2872500,9250,54520.296875
25231,2872500,9280,54675.703125
25232,2872500,9310,54865.40625
25233,2872500,9340,55014.390625
25234,2872500,9370,54397.3125
25235,2872500,9400,54628.40625
25236,2872500,9430,54602.5
25237,2872500,9460,54816.796875
25238,2872500,9490,54928.09375
25239,2872500,9520,54931.515625
25240,2872500,9550,54727.515625
25241,2872500,9580,54517.390625
25242,2872500,9610,54706.5
25243,2872500,9640,54423.78125
25244,2872500,9670,54864.28125
25245,2872500,9700,54779.0
25246,2872500,9730,54701.5
25247,2872500,9760,54632.515625
25248,2872500,9790,54796.0
25249,2872500,9820,54895.09375
25250,2872500,9850,54810.203125
25251,2872500,9880,54809.8125
25252,2872500,9910,54692.1875
25253,2872500,9940,54768.28125
25254,2872500,9970,54928.515625
25255,2872500,10000,54550.59375
25256,2872500,10030,54777.5
25257,2872500,10060,54650.40625
25258,2872500,10090,54698.8125
25259,2872500,10120,54830.09375
25260,2872500,10150,54893.515625
25261,2872500,10180,54860.71875
25262,2872500,10210,54740.390625
25263,2872500,10240,54679.6875
25264,2872500,10270,54324.71875
25265,2872500,10300,54888.09375
25266,2872500,10330,54993.515625
25267,2872500,10360,54907.609375
25268,2872500,10390,54772.390625
25269,2872500,10420,54673.0
25270,2872500,10450,54756.0
25271,2872500,10480,54884.0
25272,2872500,10510,54862.1875
25273,2872500,10540,54862.796875
25274,2872500,10570,54800.890625
25275,2872500,10600,54812.390625
25276,2872500,10630,54478.8125
25277,2872500,10660,54914.109375
25278,2872500,10690,54886.484375
25279,2872500,10720,54808.09375
25280,2872500,10750,54772.015625
25281,2872500,10780,54811.296875
25282,2872500,10810,54814.296875
25283,2872500,10840,54800.484375
25284,2872500,10870,54790.390625
25285,2872500,10900,54379.703125
25286,2872500,10930,54843.8125
25287,2872500,10960,54901.890625
25288,2872500,10990,54914.09375
25289,2872500,11020,54891.3125
25290,2872500,11050,54792.203125
25291,2872500,11080,54751.21875
25292,2872500,11110,54824.703125
25293,2872500,11140,54886.890625
25294,2872500,11170,54923.3125
25295,2872500,11200,54468.40625
25296,2872500,11230,54824.8125
25297,2872500,11260,54782.6875
25298,2872500,11290,54902.484375
25299,2872500,11320,54857.90625
25300,2872500,11350,54911.09375
25301,2872500,11380,54804.796875
25302,2872500,11410,54827.40625
25303,2872500,11440,54792.59375
25304,2872500,11470,54905.28125
25305,2872500,11500,54844.09375
25306,2872500,11530,54883.6875
25307,2872500,11560,54454.59375
25308,2872500,11590,54922.203125
25309,2872500,11620,54913.8125
25310,2872500,11650,54894.609375
25311,2872500,11680,54946.796875
25312,2872500,11710,54848.0
25313,2872500,11740,54877.21875
25314,2872500,11770,54837.1875
25315,2872500,11800,54897.609375
25316,2872500,11830,54500.703125
25317,2872500,11860,54886.015625
25318,2872500,11890,54937.796875
25319,2872500,11920,54896.984375
25320,2872500,11950,54838.5
25321,2872500,11980,54904.484375
25322,2872500,12010,54863.59375
25323,2872500,12040,54925.78125
25324,2872500,12070,54877.109375
25325,2872500,12100,54883.8125
25326,2872500,12130,54871.484375
25327,2872500,12160,54931.09375
25328,2872500,12190,54963.1875
25329,2872500,12220,54517.3125
25330,2872500,12250,54865.015625
25331,2872500,12280,54814.09375
25332,2872500,12310,54939.703125
25333,2872500,12340,54938.40625
25334,2872500,12370,54930.09375
25335,2872500,12400,54867.59375
25336,2872500,12430,54879.0
25337,2872500,12460,54466.296875
25338,2872500,12490,54911.90625
25339,2872500,12520,54952.796875
25340,2872500,12550,54960.6875
25341,2872500,12580,54832.203125
25342,2872500,12610,54929.609375
25343,2872500,12640,54888.78125
25344,2872500,12670,54897.6875
25345,2872500,12700,54919.40625
25346,2872500,12730,54920.90625
25347,2872500,12760,54905.3125
25348,2872500,12790,54930.90625
25349,2872500,12820,54527.0
25350,2872500,12850,54947.3125
25351,2872500,12880,54950.1875
25352,2872500,12910,54916.8125
25353,2872500,12940,54921.609375
25354,2872500,12970,54946.09375
25355,2872500,13000,54958.0
25356,2872500,13030,54883.40625
25357,2872500,13060,54934.1875
25358,2872500,13090,54914.40625
25359,2872500,13120,54541.8125
25360,2872500,13150,54985.609375
25361,2872500,13180,55038.890625
25362,2872500,13210,55006.203125
25363,2872500,13240,54970.390625
25364,2872500,13270,54886.703125
25365,2872500,13300,54956.015625
25366,2872500,13330,54964.59375
25367,2872500,13360,54973.6875
25368,2872500,13390,54524.203125
25369,2872500,13420,54972.0
25370,2872500,13450,54904.40625
25371,2872500,13480,55008.609375
25372,2872500,13510,55012.203125
25373,2872500,13540,55024.40625
25374,2872500,13570,55034.609375
25375,2872500,13600,54944.6875
25376,2872500,13630,54894.609375
25377,2872500,13660,54954.78125
25378,2872500,13690,54996.40625
25379,2872500,13720,54946.3125
25380,2872500,13750,54944.90625
25381,2872500,13780,54535.59375
25382,2872500,13810,54952.109375
25383,2872500,13840,55030.71875
25384,2872500,13870,54934.40625
25385,2872500,13900,54964.796875
25386,2872500,13930,54953.1875
25387,2872500,13960,54932.3125
25388,2872500,13990,54972.59375
25389,2872500,14020,54599.40625
25390,2872500,14050,54934.109375
25391,2872500,14080,55001.390625
25392,2872500,14110,54938.203125
25393,2872500,14140,55064.90625
25394,2872500,14170,54979.8125
25395,2872500,14200,54978.28125
25396,2872500,14230,54891.3125
25397,2872500,14260,54933.296875
25398,2872500,14290,54946.78125
25399,2872500,14320,54946.109375
25400,2872500,14350,54992.59375
25401,2872500,14380,54518.40625
25402,2872500,14410,54902.28125
25403,2872500,14440,54978.890625
25404,2872500,14470,54979.6875
25405,2872500,14500,54992.203125
25406,2872500,14530,54985.0
25407,2872500,14560,54924.8125
25408,2872500,14590,54994.3125
25409,2872500,14620,55043.984375
25410,2872500,14650,54549.90625
25411,2872500,14680,54983.5
25412,2872500,14710,54924.40625
25413,2872500,14740,54964.8125
25414,2872500,14770,55007.703125
25415,2872500,14800,55045.40625
25416,2872500,14830,55001.484375
25417,2872500,14860,55019.09375
25418,2872500,14890,54985.3125
25419,2872500,14920,54979.390625
25420,2872500,14950,55030.1875
25421,2872500,14980,55068.484375
25422,2872500,15010,54518.3125
25423,2872500,15040,54979.296875
25424,2872500,15070,54952.5
25425,2872500,15100,54991.390625
25426,2872500,15130,55037.609375
25427,2872500,15160,55028.28125
25428,2872500,15190,55019.21875
25429,2872500,15220,55028.5
25430,2872500,15250,55032.90625
25431,2872500,15280,55019.71875
25432,2872500,15310,54560.8125
25433,2872500,15340,54997.296875
25434,2872500,15370,55011.8125
25435,2872500,15400,54995.8125
25436,2872500,15430,55045.484375
25437,2872500,15460,55101.71875
25438,2872500,15490,54997.796875
25439,2872500,15520,54960.515625
25440,2872500,15550,54993.0
25441,2872500,15580,54583.3125
25442,2872500,15610,55060.3125
25443,2872500,15640,55020.109375
25444,2872500,15670,54944.90625
25445,2872500,15700,55000.796875
25446,2872500,15730,55010.09375
25447,2872500,15760,55028.203125
25448,2872500,15790,55071.6875
25449,2872500,15820,55043.484375
25450,2872500,15850,55010.109375
25451,2872500,15880,54989.890625
25452,2872500,15910,55014.703125
25453,2872500,15940,54589.703125
25454,2872500,15970,55020.40625
25455,2872500,16000,54978.796875
25456,2872500,16030,55019.28125
25457,2872500,16060,54984.21875
25458,2872500,16090,54996.40625
25459,2872500,16120,55047.6875
25460,2872500,16150,54988.59375
25461,2872500,16180,54998.109375
25462,2872500,16210,54583.90625
25463,2872500,16240,55064.0
25464,2872500,16270,55070.6875
25465,2872500,16300,55043.890625
25466,2872500,16330,55060.6875
25467,2872500,16360,55008.109375
25468,2872500,16390,55040.109375
25469,2872500,16420,55024.59375
25470,2872500,16450,55006.015625
25471,2872500,16480,55000.515625
25472,2872500,16510,55034.59375
25473,2872500,16540,55019.8125
25474,2872500,16570,54576.3125
25475,2872500,16600,55064.0
25476,2872500,16630,55042.59375
25477,2872500,16660,54992.1875
25478,2872500,16690,55011.09375
25479,2872500,16720,55025.59375
25480,2872500,16750,55018.0
25481,2872500,16780,55031.203125
25482,2872500,16810,55037.484375
25483,2872500,16840,54641.21875
25484,2872500,16870,55038.890625
25485,2872500,16900,55037.890625
25486,2872500,16930,55017.390625
25487,2872500,16960,55035.3125
25488,2872500,16990,55092.6875
25489,2872500,17020,55040.609375
25490,2872500,17050,55104.09375
25491,2872500,17080,55042.609375
25492,2872500,17110,55063.796875
25493,2872500,17140,55099.484375
25494,2872500,17170,55064.40625
25495,2872500,17200,54591.484375
25496,2872500,17230,55076.90625
25497,2872500,17260,55080.1875
25498,2872500,17290,55104.109375
25499,2872500,17320,55106.09375
25500,2872500,17350,55119.296875
25501,2872500,17380,54988.1875
25502,2872500,17410,55047.59375
25503,2872500,17440,55094.390625
25504,2872500,17470,54681.1875
25505,2872500,17500,55026.90625
25506,2872500,17530,54987.5
25507,2872500,17560,55045.796875
25508,2872500,17590,55061.6875
25509,2872500,17620,55119.71875
25510,2872500,17650,55159.6875
25511,2872500,17680,54997.78125
25512,2872500,17710,55052.1875
25513,2872500,17740,55020.609375
25514,2872500,17770,55106.1875
25515,2872500,17800,55063.609375
25516,2872500,17830,54606.609375
25517,2872500,17860,55048.09375
25518,2872500,17890,55020.71875
25519,2872500,17920,55052.0
25520,2872500,17950,55057.8125
25521,2872500,17980,55081.984375
25522,2872500,18010,55067.515625
25523,2872500,18040,55088.90625
25524,2872500,18070,55057.0
25525,2872500,18100,55082.296875
25526,2872500,18130,54652.5
25527,2872500,18160,55078.515625
25528,2872500,18190,55059.890625
25529,2872500,18220,55063.3125
25530,2872500,18250,55060.109375
25531,2872500,18280,55063.59375
25532,2872500,18310,55158.90625
25533,2872500,18340,55044.609375
25534,2872500,18370,55023.390625
25535,2872500,18400,54691.109375
25536,2872500,18430,55101.0
25537,2872500,18460,55101.8125
25538,2872500,18490,55046.296875
25539,2872500,18520,55078.90625
25540,2872500,18550,55103.3125
25541,2872500,18580,55103.59375
25542,2872500,18610,55079.0
25543,2872500,18640,55037.59375
25544,2872500,18670,55084.8125
25545,2872500,18700,55109.296875
25546,2872500,18730,55092.59375
25547,2872500,18760,54662.203125
25548,2872500,18790,55085.90625
25549,2872500,18820,55081.40625
25550,2872500,18850,55047.703125
25551,2872500,18880,55054.78125
25552,2872500,18910,55049.8125
25553,2872500,18940,55034.71875
25554,2872500,18970,55132.6875
25555,2872500,19000,55062.59375
25556,2872500,19030,54695.609375
25557,2872500,19060,55070.28125
25558,2872500,19090,55139.8125
25559,2872500,19120,55142.203125
25560,2872500,19150,55031.203125
25561,2872500,19180,55013.21875
25562,2872500,19210,55072.609375
25563,2872500,19240,55095.40625
25564,2872500,19270,55067.40625
25565,2872500,19300,55138.6875
25566,2872500,19330,55043.609375
25567,2872500,19360,55082.296875
25568,2872500,19390,54684.109375
25569,2872500,19420,55102.5
25570,2872500,19450,55072.390625
25571,2872500,19480,55144.890625
25572,2872500,19510,55018.609375
25573,2872500,19540,55059.984375
25574,2872500,19570,55108.1875
25575,2872500,19600,55100.5
25576,2872500,19630,55062.890625
25577,2872500,19660,54662.703125
25578,2872500,19690,55103.8125
25579,2872500,19720,55043.6875
25580,2872500,19750,55137.90625
25581,2872500,19780,55052.09375
25582,2872500,19810,55038.390625
25583,2872500,19840,55100.40625
25584,2872500,19870,55077.296875
25585,2872500,19900,55089.796875
25586,2872500,19930,55090.59375
25587,2872500,19960,54644.890625
25588,2872500,19990,55152.109375
25589,2872500,20020,55097.796875
25590,2872500,20050,55103.484375
25591,2872500,20080,55069.5
25592,2872500,20110,55094.90625
25593,2872500,20140,55123.3125
25594,2872500,20170,55096.703125
25595,2872500,20200,55094.484375
25596,2872500,20230,55086.484375
25597,2872500,20260,55108.015625
25598,2872500,20290,55176.59375
25599,2872500,20320,54635.59375
25600,2872500,20350,55085.3125
25601,2872500,20380,55088.296875
25602,2872500,20410,55109.09375
25603,2872500,20440,55103.59375
25604,2872500,20470,55065.90625
25605,2872500,20500,55121.390625
25606,2872500,20530,55116.1875
25607,2872500,20560,55093.203125
25608,2872500,20590,54728.78125
25609,2872500,20620,55093.40625
25610,2872500,20650,55043.609375
25611,2872500,20680,55138.09375
25612,2872500,20710,55147.203125
25613,2872500,20740,55112.203125
25614,2872500,20770,55145.609375
25615,2872500,20800,55043.203125
25616,2872500,20830,55065.40625
25617,2872500,20860,55074.5
25618,2872500,20890,55137.3125
25619,2872500,20920,55107.90625
25620,2872500,20950,54706.609375
25621,2872500,20980,55175.390625
25622,2872500,21010,55138.78125
25623,2872500,21040,55058.109375
25624,2872500,21070,55136.1875
25625,2872500,21100,55045.28125
25626,2872500,21130,55099.09375
25627,2872500,21160,55105.296875
25628,2872500,21190,55118.59375
25629,2872500,21220,54697.40625
25630,2872500,21250,55018.21875
25631,2872500,21280,55116.40625
25632,2872500,21310,55148.984375
25633,2872500,21340,55158.296875
25634,2872500,21370,55108.59375
25635,2872500,21400,55085.515625
25636,2872500,21430,55099.609375
25637,2872500,21460,55142.109375
25638,2872500,21490,55127.40625
25639,2872500,21520,55150.015625
25640,2872500,21550,55113.390625
25641,2872500,21580,54675.515625
25642,2872500,21610,55160.3125
25643,2872500,21640,55097.296875
25644,2872500,21670,55125.5
25645,2872500,21700,55115.0
25646,2872500,21730,55173.796875
25647,2872500,21760,55114.3125
25648,2872500,21790,55119.0
25649,2872500,21820,55110.515625
25650,2872500,21850,54683.59375
25651,2872500,21880,55144.5
25652,2872500,21910,55097.40625
25653,2872500,21940,55132.703125
25654,2872500,21970,55112.203125
25655,2872500,22000,55092.40625
25656,2872500,22030,55130.40625
25657,2872500,22060,55149.90625
25658,2872500,22090,55113.984375
25659,2872500,22120,55139.6875
25660,2872500,22150,55154.390625
25661,2872500,22180,55078.5
25662,2872500,22210,54749.984375
25663,2872500,22240,55136.703125
25664,2872500,22270,55119.28125
25665,2872500,22300,55169.59375
25666,2872500,22330,55094.6875
25667,2872500,22360,55162.8125
25668,2872500,22390,55130.59375
25669,2872500,22420,55116.09375
25670,2872500,22450,55195.40625
25671,2872500,22480,55146.09375
25672,2872500,22510,55158.28125
25673,2872500,22540,54659.0
25674,2872500,22570,55095.59375
25675,2872500,22600,55173.109375
25676,2872500,22630,55129.3125
25677,2872500,22660,55169.703125
25678,2872500,22690,55154.796875
25679,2872500,22720,55137.90625
25680,2872500,22750,55164.796875
25681,2872500,22780,54658.40625
25682,2872500,22810,55115.09375
25683,2872500,22840,55139.71875
25684,2872500,22870,55153.796875
25685,2872500,22900,55130.0
25686,2872500,22930,55094.109375
25687,2872500,22960,55112.015625
25688,2872500,22990,55159.0
25689,2872500,23020,55164.09375
25690,2872500,23050,55085.703125
25691,2872500,23080,55108.40625
25692,2872500,23110,55120.109375
25693,2872500,23140,54688.203125
25694,2872500,23170,55138.40625
25695,2872500,23200,55165.09375
25696,2872500,23230,55082.109375
25697,2872500,23260,55131.109375
25698,2872500,23290,55135.6875
25699,2872500,23320,55122.3125
25700,2872500,23350,55107.8125
25701,2872500,23380,55181.015625
25702,2872500,23410,54740.6875
25703,2872500,23440,55132.296875
25704,2872500,23470,55131.390625
25705,2872500,23500,55190.78125
25706,2872500,23530,55094.6875
25707,2872500,23560,55165.3125
25708,2872500,23590,55168.59375
25709,2872500,23620,55131.59375
25710,2872500,23650,55149.59375
25711,2872500,23680,55182.703125
25712,2872500,23710,55116.8125
25713,2872500,23740,55164.40625
25714,2872500,23770,54741.59375
25715,2872500,23800,55122.515625
25716,2872500,23830,55116.09375
25717,2872500,23860,55123.40625
25718,2872500,23890,55124.71875
25719,2872500,23920,55126.09375
25720,2872500,23950,55168.40625
25721,2872500,23980,55169.109375
25722,2872500,24010,55181.1875
25723,2872500,24040,54673.0
25724,2872500,24070,55145.703125
25725,2872500,24100,55139.40625
25726,2872500,24130,55184.015625
25727,2872500,24160,55128.28125
25728,2872500,24190,55130.3125
25729,2872500,24220,55112.5
25730,2872500,24250,55081.609375
25731,2872500,24280,55108.296875
25732,2872500,24310,55139.6875
25733,2872500,24340,55116.6875
25734,2872500,24370,55137.796875
25735,2872500,24400,54738.3125
25736,2872500,24430,55120.09375
25737,2872500,24460,55154.8125
25738,2872500,24490,55129.390625
25739,2872500,24520,55122.296875
25740,2872500,24550,55106.109375
25741,2872500,24580,55116.984375
25742,2872500,24610,55150.1875
25743,2872500,24640,55189.59375
25744,2872500,24670,55129.90625
25745,2872500,24700,54700.609375
25746,2872500,24730,55132.1875
25747,2872500,24760,55132.703125
25748,2872500,24790,55086.609375
25749,2872500,24820,55171.609375
25750,2872500,24850,55104.984375
25751,2872500,24880,55148.890625
25752,2872500,24910,55105.3125
25753,2872500,24940,55142.1875
25754,2872500,24970,54755.90625
25755,2872500,25000,55136.40625
25756,2872500,25030,55168.40625
25757,2872500,25060,55158.390625
25758,2872500,25090,55126.0
25759,2872500,25120,55113.40625
25760,2872500,25150,55153.390625
25761,2872500,25180,55196.0
25762,2872500,25210,55144.0
25763,2872500,25240,55169.609375
25764,2872500,25270,55117.71875
25765,2872500,25300,55142.3125
25766,2872500,25330,54777.8125
25767,2872500,25360,55148.09375
25768,2872500,25390,55137.703125
25769,2872500,25420,55132.3125
25770,2872500,25450,55143.703125
25771,2872500,25480,55170.484375
25772,2872500,25510,55169.3125
25773,2872500,25540,55167.015625
25774,2872500,25570,55088.6875
25775,2872500,25600,54669.015625
25776,2872500,25630,55155.890625
25777,2872500,25660,55107.1875
25778,2872500,25690,55117.21875
25779,2872500,25720,55178.390625
25780,2872500,25750,55093.71875
25781,2872500,25780,55178.203125
25782,2872500,25810,55180.0
25783,2872500,25840,55159.5
25784,2872500,25870,55181.390625
25785,2872500,25900,55139.5
25786,2872500,25930,55132.796875
25787,2872500,25960,55213.609375
25788,2872500,25990,54688.5
25789,2872500,26020,55161.3125
25790,2872500,26050,55176.296875
25791,2872500,26080,55092.109375
25792,2872500,26110,55156.109375
25793,2872500,26140,55162.78125
25794,2872500,26170,55133.5
25795,2872500,26200,55147.703125
25796,2872500,26230,54710.59375
25797,2872500,26260,55140.40625
25798,2872500,26290,55155.984375
25799,2872500,26320,55149.3125
25800,2872500,26350,55107.5
25801,2872500,26380,55165.6875
25802,2872500,26410,55149.515625
25803,2872500,26440,55164.59375
25804,2872500,26470,55177.59375
25805,2872500,26500,55162.09375
25806,2872500,26530,55182.0
25807,2872500,26560,55201.984375
25808,2872500,26590,54760.390625
25809,2872500,26620,55107.90625
25810,2872500,26650,55157.8125
25811,2872500,26680,55145.90625
25812,2872500,26710,55120.90625
25813,2872500,26740,55159.3125
25814,2872500,26770,55130.90625
25815,2872500,26800,55159.1875
25816,2872500,26830,55164.40625
25817,2872500,26860,55114.5
25818,2872500,26890,54716.5
25819,2872500,26920,55150.5
25820,2872500,26950,55131.296875
25821,2872500,26980,55154.203125
25822,2872500,27010,55133.1875
25823,2872500,27040,55134.890625
25824,2872500,27070,55205.40625
25825,2872500,27100,55130.59375
25826,2872500,27130,55128.296875
25827,2872500,27160,54705.1875
25828,2872500,27190,55103.59375
25829,2872500,27220,55102.8125
25830,2872500,27250,55122.6875
25831,2872500,27280,55085.890625
25832,2872500,27310,55157.515625
25833,2872500,27340,55144.90625
25834,2872500,27370,55125.40625
25835,2872500,27400,55152.90625
25836,2872500,27430,55186.203125
25837,2872500,27460,55139.703125
25838,2872500,27490,55165.09375
25839,2872500,27520,54725.90625
25840,2872500,27550,55187.484375
25841,2872500,27580,55171.203125
25842,2872500,27610,55151.109375
25843,2872500,27640,55180.40625
25844,2872500,27670,55112.390625
25845,2872500,27700,55145.28125
25846,2872500,27730,55164.1875
25847,2872500,27760,55205.09375
25848,2872500,27790,54720.484375
25849,2872500,27820,55148.90625
25850,2872500,27850,55140.890625
25851,2872500,27880,55121.203125
25852,2872500,27910,55158.109375
25853,2872500,27940,55179.390625
25854,2872500,27970,55173.09375
25855,2872500,28000,55148.5
25856,2872500,28030,55134.3125
25857,2872500,28060,55181.21875
25858,2872500,28090,55165.09375
25859,2872500,28120,55142.21875
25860,2872500,28150,54770.28125
25861,2872500,28180,55145.0
25862,2872500,28210,55147.5
25863,2872500,28240,55151.90625
25864,2872500,28270,55177.703125
25865,2872500,28300,55144.6875
25866,2872500,28330,55169.59375
25867,2872500,28360,55168.09375
25868,2872500,28390,55155.609375
25869,2872500,28420,54755.59375
25870,2872500,28450,55164.21875
25871,2872500,28480,55137.796875
25872,2872500,28510,55133.90625
25873,2872500,28540,55124.515625
25874,2872500,28570,55171.0
25875,2872500,28600,55092.0
25876,2872500,28630,55127.3125
25877,2872500,28660,55097.09375
25878,2872500,28690,55114.5
25879,2872500,28720,55190.90625
25880,2872500,28750,55114.8125
25881,2872500,28780,54774.78125
25882,2872500,28810,55185.296875
25883,2872500,28840,55118.296875
25884,2872500,28870,55153.703125
25885,2872500,28900,55188.09375
25886,2872500,28930,55193.609375
25887,2872500,28960,55133.890625
25888,2872500,28990,55132.0
25889,2872500,29020,55221.59375
25890,2872500,29050,55150.59375
25891,2872500,29080,54725.203125
25892,2872500,29110,55161.90625
25893,2872500,29140,55174.8125
25894,2872500,29170,55169.984375
25895,2872500,29200,55137.09375
25896,2872500,29230,55148.3125
25897,2872500,29260,55184.3125
25898,2872500,29290,55127.78125
25899,2872500,29320,55178.203125
25900,2872500,29350,54753.703125
25901,2872500,29380,55123.40625
25902,2872500,29410,55234.109375
25903,2872500,29440,55172.296875
25904,2872500,29470,55184.40625
25905,2872500,29500,55199.8125
25906,2872500,29530,55212.28125
25907,2872500,29560,55178.71875
25908,2872500,29590,55166.90625
25909,2872500,29620,55129.109375
25910,2872500,29650,55176.296875
25911,2872500,29680,55187.28125
25912,2872500,29710,54738.609375
25913,2872500,29740,55178.28125
25914,2872500,29770,55118.8125
25915,2872500,29800,55140.703125
25916,2872500,29830,55130.390625
25917,2872500,29860,55143.09375
25918,2872500,29890,55180.21875
25919,2872500,29920,55106.296875
25920,2872500,29950,55236.796875
25921,2872500,29980,54699.796875
25922,2873000,100,12926.8125
25923,2873000,130,58449.203125
25924,2873000,160,57505.390625
25925,2873000,190,55194.78125
25926,2873000,220,48187.609375
25927,2873000,250,53710.703125
25928,2873000,280,56988.71875
25929,2873000,310,56893.609375
25930,2873000,340,51870.8125
25931,2873000,370,46075.109375
25932,2873000,400,51843.296875
25933,2873000,430,55200.703125
25934,2873000,460,55564.8125
25935,2873000,490,54388.390625
25936,2873000,520,52245.5
25937,2873000,550,55112.390625
25938,2873000,580,56933.609375
25939,2873000,610,55029.390625
25940,2873000,640,50763.0
25941,2873000,670,48223.703125
25942,2873000,700,52210.71875
25943,2873000,730,57078.609375
25944,2873000,760,58347.0
25945,2873000,790,56185.0
25946,2873000,820,52440.59375
25947,2873000,850,51640.015625
25948,2873000,880,54298.515625
25949,2873000,910,57144.09375
25950,2873000,940,56206.984375
25951,2873000,970,53025.3125
25952,2873000,1000,50834.484375
25953,2873000,1030,51711.0
25954,2873000,1060,54408.890625
25955,2873000,1090,56685.984375
25956,2873000,1120,56358.984375
25957,2873000,1150,55054.796875
25958,2873000,1180,54833.296875
25959,2873000,1210,54525.40625
25960,2873000,1240,54667.21875
25961,2873000,1270,53562.1875
25962,2873000,1300,53963.796875
25963,2873000,1330,54973.390625
25964,2873000,1360,55307.59375
25965,2873000,1390,55500.890625
25966,2873000,1420,55148.390625
25967,2873000,1450,53977.609375
25968,2873000,1480,54272.5
25969,2873000,1510,55498.90625
25970,2873000,1540,55585.0
25971,2873000,1570,55339.1875
25972,2873000,1600,54373.5
25973,2873000,1630,53121.21875
25974,2873000,1660,54036.015625
25975,2873000,1690,54473.09375
25976,2873000,1720,55155.40625
25977,2873000,1750,55822.8125
25978,2873000,1780,55554.59375
25979,2873000,1810,55294.796875
25980,2873000,1840,54645.390625
25981,2873000,1870,53802.203125
25982,2873000,1900,53783.09375
25983,2873000,1930,55153.109375
25984,2873000,1960,55782.515625
25985,2873000,1990,55752.109375
25986,2873000,2020,54484.40625
25987,2873000,2050,53535.40625
25988,2873000,2080,53903.484375
25989,2873000,2110,55213.8125
25990,2873000,2140,56161.984375
25991,2873000,2170,55749.390625
25992,2873000,2200,54473.984375
25993,2873000,2230,53689.609375
25994,2873000,2260,53979.609375
25995,2873000,2290,55566.296875
25996,2873000,2320,55940.59375
25997,2873000,2350,55259.0
25998,2873000,2380,54410.015625
25999,2873000,2410,54310.5
26000,2873000,2440,54846.8125
26001,2873000,2470,55397.90625
26002,2873000,2500,54996.5
26003,2873000,2530,54399.015625
26004,2873000,2560,54125.796875
26005,2873000,2590,55552.8125
26006,2873000,2620,56083.71875
26007,2873000,2650,55505.203125
26008,2873000,2680,54452.015625
26009,2873000,2710,53774.1875
26010,2873000,2740,54426.8125
26011,2873000,2770,55685.1875
26012,2873000,2800,56066.28125
26013,2873000,2830,54428.6875
26014,2873000,2860,53942.390625
26015,2873000,2890,54311.109375
26016,2873000,2920,55220.109375
26017,2873000,2950,56365.59375
26018,2873000,2980,56081.21875
26019,2873000,3010,54670.09375
26020,2873000,3040,53830.90625
26021,2873000,3070,54156.296875
26022,2873000,3100,55152.90625
26023,2873000,3130,55637.984375
26024,2873000,3160,55355.5
26025,2873000,3190,54241.5
26026,2873000,3220,54868.40625
26027,2873000,3250,55481.40625
26028,2873000,3280,55995.796875
26029,2873000,3310,55599.015625
26030,2873000,3340,54708.1875
26031,2873000,3370,54326.390625
26032,2873000,3400,54638.5
26033,2873000,3430,55308.40625
26034,2873000,3460,55417.0
26035,2873000,3490,54926.09375
26036,2873000,3520,54326.59375
26037,2873000,3550,55107.40625
26038,2873000,3580,55697.109375
26039,2873000,3610,55937.890625
26040,2873000,3640,55556.0
26041,2873000,3670,54458.6875
26042,2873000,3700,54398.296875
26043,2873000,3730,54846.484375
26044,2873000,3760,55220.71875
26045,2873000,3790,55392.390625
26046,2873000,3820,54647.984375
26047,2873000,3850,54846.3125
26048,2873000,3880,55139.8125
26049,2873000,3910,55729.3125
26050,2873000,3940,55826.609375
26051,2873000,3970,55348.59375
26052,2873000,4000,54881.78125
26053,2873000,4030,54585.28125
26054,2873000,4060,54793.109375
26055,2873000,4090,54750.203125
26056,2873000,4120,55334.90625
26057,2873000,4150,55256.8125
26058,2873000,4180,55291.09375
26059,2873000,4210,55448.015625
26060,2873000,4240,55517.0
26061,2873000,4270,55438.703125
26062,2873000,4300,55178.6875
26063,2873000,4330,55010.90625
26064,2873000,4360,54986.109375
26065,2873000,4390,54688.1875
26066,2873000,4420,55173.21875
26067,2873000,4450,55084.515625
26068,2873000,4480,55154.09375
26069,2873000,4510,55391.1875
26070,2873000,4540,55613.890625
26071,2873000,4570,55664.90625
26072,2873000,4600,55453.109375
26073,2873000,4630,55040.296875
26074,2873000,4660,54916.796875
26075,2873000,4690,54857.40625
26076,2873000,4720,54732.390625
26077,2873000,4750,55514.09375
26078,2873000,4780,55344.3125
26079,2873000,4810,55352.90625
26080,2873000,4840,55309.890625
26081,2873000,4870,55313.3125
26082,2873000,4900,55397.59375
26083,2873000,4930,55491.09375
26084,2873000,4960,55418.6875
26085,2873000,4990,55245.3125
26086,2873000,5020,54583.09375
26087,2873000,5050,55040.203125
26088,2873000,5080,55166.40625
26089,2873000,5110,55382.40625
26090,2873000,5140,55639.90625
26091,2873000,5170,55548.90625
26092,2873000,5200,55505.90625
26093,2873000,5230,55238.40625
26094,2873000,5260,55211.3125
26095,2873000,5290,55188.703125
26096,2873000,5320,55272.21875
26097,2873000,5350,55358.1875
26098,2873000,5380,55033.3125
26099,2873000,5410,55500.5
26100,2873000,5440,55460.09375
26101,2873000,5470,55310.09375
26102,2873000,5500,55268.40625
26103,2873000,5530,55339.78125
26104,2873000,5560,55465.71875
26105,2873000,5590,55581.3125
26106,2873000,5620,55342.40625
26107,2873000,5650,54700.78125
26108,2873000,5680,54992.8125
26109,2873000,5710,55232.3125
26110,2873000,5740,55585.796875
26111,2873000,5770,55760.40625
26112,2873000,5800,55724.0
26113,2873000,5830,55283.09375
26114,2873000,5860,55047.609375
26115,2873000,5890,55136.59375
26116,2873000,5920,55413.59375
26117,2873000,5950,55612.296875
26118,2873000,5980,55510.984375
26119,2873000,6010,54914.984375
26120,2873000,6040,55312.109375
26121,2873000,6070,55451.59375
26122,2873000,6100,55563.390625
26123,2873000,6130,55508.6875
26124,2873000,6160,55406.609375
26125,2873000,6190,55387.203125
26126,2873000,6220,55400.890625
26127,2873000,6250,55468.296875
26128,2873000,6280,54960.90625
26129,2873000,6310,55202.3125
26130,2873000,6340,55304.296875
26131,2873000,6370,55568.296875
26132,2873000,6400,55770.3125
26133,2873000,6430,55807.6875
26134,2873000,6460,55391.59375
26135,2873000,6490,54963.890625
26136,2873000,6520,55040.09375
26137,2873000,6550,55340.984375
26138,2873000,6580,55695.0
26139,2873000,6610,55767.109375
26140,2873000,6640,55044.890625
26141,2873000,6670,55193.109375
26142,2873000,6700,55235.609375
26143,2873000,6730,55602.09375
26144,2873000,6760,55756.59375
26145,2873000,6790,55656.796875
26146,2873000,6820,55407.71875
26147,2873000,6850,55224.1875
26148,2873000,6880,55311.296875
26149,2873000,6910,55483.0
26150,2873000,6940,55520.59375
26151,2873000,6970,55114.90625
26152,2873000,7000,55486.703125
26153,2873000,7030,55593.78125
26154,2873000,7060,55676.8125
26155,2873000,7090,55539.40625
26156,2873000,7120,55348.203125
26157,2873000,7150,55263.984375
26158,2873000,7180,55385.5
26159,2873000,7210,55665.28125
26160,2873000,7240,55812.296875
26161,2873000,7270,55205.90625
26162,2873000,7300,55342.015625
26163,2873000,7330,55297.40625
26164,2873000,7360,55471.90625
26165,2873000,7390,55719.296875
26166,2873000,7420,55746.3125
26167,2873000,7450,55542.59375
26168,2873000,7480,55318.203125
26169,2873000,7510,55220.703125
26170,2873000,7540,55380.890625
26171,2873000,7570,55252.40625
26172,2873000,7600,55762.109375
26173,2873000,7630,55685.296875
26174,2873000,7660,55575.890625
26175,2873000,7690,55489.5
26176,2873000,7720,55410.703125
26177,2873000,7750,55471.09375
26178,2873000,7780,55584.390625
26179,2873000,7810,55575.1875
26180,2873000,7840,55125.515625
26181,2873000,7870,55551.203125
26182,2873000,7900,55523.6875
26183,2873000,7930,55531.6875
26184,2873000,7960,55603.5
26185,2873000,7990,55633.984375
26186,2873000,8020,55684.90625
26187,2873000,8050,55599.1875
26188,2873000,8080,55593.1875
26189,2873000,8110,55505.890625
26190,2873000,8140,55473.109375
26191,2873000,8170,55486.09375
26192,2873000,8200,55174.890625
26193,2873000,8230,55697.90625
26194,2873000,8260,55759.21875
26195,2873000,8290,55766.609375
26196,2873000,8320,55585.296875
26197,2873000,8350,55470.203125
26198,2873000,8380,55504.390625
26199,2873000,8410,55607.21875
26200,2873000,8440,55758.09375
26201,2873000,8470,55741.890625
26202,2873000,8500,55130.0
26203,2873000,8530,55468.890625
26204,2873000,8560,55519.09375
26205,2873000,8590,55717.203125
26206,2873000,8620,55819.703125
26207,2873000,8650,55798.703125
26208,2873000,8680,55573.0
26209,2873000,8710,55434.015625
26210,2873000,8740,55496.59375
26211,2873000,8770,55201.0
26212,2873000,8800,55756.5
26213,2873000,8830,55681.109375
26214,2873000,8860,55595.015625
26215,2873000,8890,55575.3125
26216,2873000,8920,55673.890625
26217,2873000,8950,55698.90625
26218,2873000,8980,55626.5
26219,2873000,9010,55502.3125
26220,2873000,9040,55528.6875
26221,2873000,9070,55648.8125
26222,2873000,9100,55727.90625
26223,2873000,9130,55279.1875
26224,2873000,9160,55590.796875
26225,2873000,9190,55539.703125
26226,2873000,9220,55586.703125
26227,2873000,9250,55790.203125
26228,2873000,9280,55888.59375
26229,2873000,9310,55634.796875
26230,2873000,9340,55543.71875
26231,2873000,9370,55386.8125
26232,2873000,9400,55119.6875
26233,2873000,9430,55876.8125
26234,2873000,9460,55852.296875
26235,2873000,9490,55711.3125
26236,2873000,9520,55500.0
26237,2873000,9550,55582.484375
26238,2873000,9580,55763.1875
26239,2873000,9610,55800.109375
26240,2873000,9640,55736.984375
26241,2873000,9670,55601.203125
26242,2873000,9700,55531.09375
26243,2873000,9730,55641.8125
26244,2873000,9760,55289.8125
26245,2873000,9790,55761.21875
26246,2873000,9820,55731.109375
26247,2873000,9850,55672.3125
26248,2873000,9880,55660.1875
26249,2873000,9910,55785.59375
26250,2873000,9940,55789.703125
26251,2873000,9970,55663.90625
26252,2873000,10000,55554.296875
26253,2873000,10030,55168.6875
26254,2873000,10060,55758.203125
26255,2873000,10090,55819.8125
26256,2873000,10120,55848.609375
26257,2873000,10150,55664.71875
26258,2873000,10180,55617.890625
26259,2873000,10210,55674.984375
26260,2873000,10240,55721.0
26261,2873000,10270,55809.09375
26262,2873000,10300,55734.3125
26263,2873000,10330,55649.890625
26264,2873000,10360,55558.3125
26265,2873000,10390,55247.609375
26266,2873000,10420,55788.90625
26267,2873000,10450,55772.515625
26268,2873000,10480,55740.6875
26269,2873000,10510,55683.21875
26270,2873000,10540,55696.6875
26271,2873000,10570,55700.6875
26272,2873000,10600,55783.1875
26273,2873000,10630,55740.109375
26274,2873000,10660,55257.390625
26275,2873000,10690,55701.296875
26276,2873000,10720,55669.609375
26277,2873000,10750,55799.5
26278,2873000,10780,55784.40625
26279,2873000,10810,55681.40625
26280,2873000,10840,55770.296875
26281,2873000,10870,55708.203125
26282,2873000,10900,55788.390625
26283,2873000,10930,55756.40625
26284,2873000,10960,55743.109375
26285,2873000,10990,55717.0
26286,2873000,11020,55292.0
26287,2873000,11050,55779.109375
26288,2873000,11080,55803.015625
26289,2873000,11110,55786.1875
26290,2873000,11140,55741.90625
26291,2873000,11170,55770.015625
26292,2873000,11200,55706.59375
26293,2873000,11230,55741.203125
26294,2873000,11260,55771.90625
26295,2873000,11290,55338.21875
26296,2873000,11320,55743.71875
26297,2873000,11350,55707.515625
26298,2873000,11380,55830.71875
26299,2873000,11410,55804.21875
26300,2873000,11440,55807.90625
26301,2873000,11470,55790.015625
26302,2873000,11500,55801.40625
26303,2873000,11530,55739.890625
26304,2873000,11560,55768.609375
26305,2873000,11590,55359.890625
26306,2873000,11620,55818.8125
26307,2873000,11650,55844.796875
26308,2873000,11680,55785.21875
26309,2873000,11710,55786.1875
26310,2873000,11740,55741.71875
26311,2873000,11770,55829.40625
26312,2873000,11800,55846.703125
26313,2873000,11830,55832.296875
26314,2873000,11860,55735.109375
26315,2873000,11890,55828.6875
26316,2873000,11920,55795.40625
26317,2873000,11950,55366.71875
26318,2873000,11980,55822.71875
26319,2873000,12010,55806.5
26320,2873000,12040,55738.90625
26321,2873000,12070,55758.5
26322,2873000,12100,55806.59375
26323,2873000,12130,55793.59375
26324,2873000,12160,55804.203125
26325,2873000,12190,55771.203125
26326,2873000,12220,55822.890625
26327,2873000,12250,55803.390625
26328,2873000,12280,55382.0
26329,2873000,12310,55856.515625
26330,2873000,12340,55867.09375
26331,2873000,12370,55818.484375
26332,2873000,12400,55814.015625
26333,2873000,12430,55820.203125
26334,2873000,12460,55813.703125
26335,2873000,12490,55821.40625
26336,2873000,12520,55834.90625
26337,2873000,12550,55789.40625
26338,2873000,12580,55370.109375
26339,2873000,12610,55866.5
26340,2873000,12640,55896.59375
26341,2873000,12670,55832.703125
26342,2873000,12700,55864.796875
26343,2873000,12730,55815.71875
26344,2873000,12760,55820.8125
26345,2873000,12790,55872.703125
26346,2873000,12820,55835.40625
26347,2873000,12850,55419.984375
26348,2873000,12880,55823.09375
26349,2873000,12910,55869.78125
26350,2873000,12940,55843.78125
26351,2873000,12970,55869.5
26352,2873000,13000,55848.109375
26353,2873000,13030,55847.90625
26354,2873000,13060,55867.90625
26355,2873000,13090,55873.015625
26356,2873000,13120,55853.515625
26357,2873000,13150,55383.609375
26358,2873000,13180,55823.90625
26359,2873000,13210,55858.203125
26360,2873000,13240,55875.6875
26361,2873000,13270,55884.8125
26362,2873000,13300,55834.5
26363,2873000,13330,55830.296875
26364,2873000,13360,55883.59375
26365,2873000,13390,55795.984375
26366,2873000,13420,55938.890625
26367,2873000,13450,55859.0
26368,2873000,13480,55477.59375
26369,2873000,13510,55823.90625
26370,2873000,13540,55834.09375
26371,2873000,13570,55880.109375
26372,2873000,13600,55934.6875
26373,2873000,13630,55853.203125
26374,2873000,13660,55874.0
26375,2873000,13690,55846.1875
26376,2873000,13720,55890.3125
26377,2873000,13750,55858.59375
26378,2873000,13780,55385.1875
26379,2873000,13810,55847.21875
26380,2873000,13840,55888.40625
26381,2873000,13870,55877.109375
26382,2873000,13900,55924.1875
26383,2873000,13930,55840.703125
26384,2873000,13960,55878.703125
26385,2873000,13990,55830.984375
26386,2873000,14020,55879.59375
26387,2873000,14050,55875.609375
26388,2873000,14080,55917.40625
26389,2873000,14110,55858.484375
26390,2873000,14140,55460.0
26391,2873000,14170,55791.609375
26392,2873000,14200,55866.890625
26393,2873000,14230,55951.515625
26394,2873000,14260,55918.59375
26395,2873000,14290,55921.6875
26396,2873000,14320,55883.296875
26397,2873000,14350,55854.3125
26398,2873000,14380,55894.296875
26399,2873000,14410,55456.0
26400,2873000,14440,55927.609375
26401,2873000,14470,55851.6875
26402,2873000,14500,55962.203125
26403,2873000,14530,55855.40625
26404,2873000,14560,55841.6875
26405,2873000,14590,55887.1875
26406,2873000,14620,55858.296875
26407,2873000,14650,55889.8125
26408,2873000,14680,55907.5
26409,2873000,14710,55905.40625
26410,2873000,14740,55907.609375
26411,2873000,14770,55481.390625
26412,2873000,14800,55864.09375
26413,2873000,14830,55887.3125
26414,2873000,14860,55908.484375
26415,2873000,14890,55991.6875
26416,2873000,14920,55946.203125
26417,2873000,14950,55853.71875
26418,2873000,14980,55846.78125
26419,2873000,15010,55885.8125
26420,2873000,15040,55522.78125
26421,2873000,15070,55947.09375
26422,2873000,15100,55906.703125
26423,2873000,15130,55863.1875
26424,2873000,15160,55913.296875
26425,2873000,15190,55883.71875
26426,2873000,15220,55892.3125
26427,2873000,15250,55894.515625
26428,2873000,15280,55920.90625
26429,2873000,15310,55950.78125
26430,2873000,15340,55864.71875
26431,2873000,15370,55945.890625
26432,2873000,15400,55488.8125
26433,2873000,15430,55882.6875
26434,2873000,15460,55969.703125
26435,2873000,15490,55869.0
26436,2873000,15520,55913.109375
26437,2873000,15550,55899.109375
26438,2873000,15580,55921.5
26439,2873000,15610,55935.59375
26440,2873000,15640,55974.1875
26441,2873000,15670,55970.296875
26442,2873000,15700,55920.796875
26443,2873000,15730,55449.90625
26444,2873000,15760,55878.484375
26445,2873000,15790,55949.484375
26446,2873000,15820,55965.0
26447,2873000,15850,55950.40625
26448,2873000,15880,55941.6875
26449,2873000,15910,55905.0
26450,2873000,15940,55980.78125
26451,2873000,15970,55970.203125
26452,2873000,16000,55933.59375
26453,2873000,16030,55490.59375
26454,2873000,16060,55926.609375
26455,2873000,16090,55936.8125
26456,2873000,16120,55901.296875
26457,2873000,16150,55924.109375
26458,2873000,16180,55906.890625
26459,2873000,16210,55944.78125
26460,2873000,16240,55927.78125
26461,2873000,16270,55921.1875
26462,2873000,16300,55967.09375
26463,2873000,16330,55500.40625
26464,2873000,16360,55926.609375
26465,2873000,16390,55999.3125
26466,2873000,16420,55930.609375
26467,2873000,16450,55916.296875
26468,2873000,16480,55916.1875
26469,2873000,16510,55934.8125
26470,2873000,16540,55918.203125
26471,2873000,16570,55896.0
26472,2873000,16600,55527.5
26473,2873000,16630,55899.59375
26474,2873000,16660,55933.59375
26475,2873000,16690,55971.109375
26476,2873000,16720,55982.109375
26477,2873000,16750,55950.59375
26478,2873000,16780,55884.8125
26479,2873000,16810,55946.703125
26480,2873000,16840,55921.78125
26481,2873000,16870,55929.09375
26482,2873000,16900,55989.5
26483,2873000,16930,55947.8125
26484,2873000,16960,55498.8125
26485,2873000,16990,55917.984375
26486,2873000,17020,55975.5
26487,2873000,17050,55981.8125
26488,2873000,17080,55966.59375
26489,2873000,17110,55907.203125
26490,2873000,17140,55931.703125
26491,2873000,17170,55913.390625
26492,2873000,17200,55970.40625
26493,2873000,17230,55960.109375
26494,2873000,17260,55952.5
26495,2873000,17290,55477.1875
26496,2873000,17320,55960.1875
26497,2873000,17350,55993.28125
26498,2873000,17380,55973.3125
26499,2873000,17410,56012.109375
26500,2873000,17440,55998.703125
26501,2873000,17470,55999.296875
26502,2873000,17500,55897.40625
26503,2873000,17530,55995.90625
26504,2873000,17560,55984.0
26505,2873000,17590,55479.890625
26506,2873000,17620,55936.484375
26507,2873000,17650,55932.21875
26508,2873000,17680,56003.515625
26509,2873000,17710,55937.6875
26510,2873000,17740,55974.890625
26511,2873000,17770,55972.09375
26512,2873000,17800,55970.609375
26513,2873000,17830,55979.890625
26514,2873000,17860,55533.390625
26515,2873000,17890,55958.1875
26516,2873000,17920,55962.0
26517,2873000,17950,55983.59375
26518,2873000,17980,55981.71875
26519,2873000,18010,56020.5
26520,2873000,18040,56047.296875
26521,2873000,18070,56009.90625
26522,2873000,18100,55960.59375
26523,2873000,18130,55937.0
26524,2873000,18160,55563.609375
26525,2873000,18190,56004.515625
26526,2873000,18220,56013.09375
26527,2873000,18250,56004.296875
26528,2873000,18280,56003.6875
26529,2873000,18310,55915.0
26530,2873000,18340,55989.1875
26531,2873000,18370,55976.3125
26532,2873000,18400,55976.203125
26533,2873000,18430,55979.78125
26534,2873000,18460,56007.296875
26535,2873000,18490,55960.703125
26536,2873000,18520,55557.390625
26537,2873000,18550,55961.390625
26538,2873000,18580,55948.296875
26539,2873000,18610,56034.5
26540,2873000,18640,55961.40625
26541,2873000,18670,56017.203125
26542,2873000,18700,55947.5
26543,2873000,18730,55986.703125
26544,2873000,18760,55968.40625
26545,2873000,18790,55559.8125
26546,2873000,18820,55990.0
26547,2873000,18850,56013.78125
26548,2873000,18880,55993.890625
26549,2873000,18910,56003.90625
26550,2873000,18940,55956.0
26551,2873000,18970,56051.09375
26552,2873000,19000,56013.1875
26553,2873000,19030,56004.8125
26554,2873000,19060,56012.21875
26555,2873000,19090,55996.90625
26556,2873000,19120,56014.984375
26557,2873000,19150,55550.515625
26558,2873000,19180,56023.296875
26559,2873000,19210,55988.3125
26560,2873000,19240,56035.3125
26561,2873000,19270,55980.5
26562,2873000,19300,55983.796875
26563,2873000,19330,55968.0
26564,2873000,19360,55960.390625
26565,2873000,19390,55967.296875
26566,2873000,19420,55602.296875
26567,2873000,19450,55987.109375
26568,2873000,19480,55979.015625
26569,2873000,19510,56064.609375
26570,2873000,19540,56011.90625
26571,2873000,19570,55995.390625
26572,2873000,19600,56009.703125
26573,2873000,19630,55978.1875
26574,2873000,19660,55989.5
26575,2873000,19690,55995.40625
26576,2873000,19720,56004.515625
26577,2873000,19750,56029.1875
26578,2873000,19780,56002.90625
26579,2873000,19810,55542.5
26580,2873000,19840,55971.90625
26581,2873000,19870,56009.3125
26582,2873000,19900,55996.109375
26583,2873000,19930,56020.890625
26584,2873000,19960,56023.296875
26585,2873000,19990,55980.3125
26586,2873000,20020,56019.703125
26587,2873000,20050,55583.90625
26588,2873000,20080,55975.203125
26589,2873000,20110,56023.90625
26590,2873000,20140,56009.609375
26591,2873000,20170,55979.1875
26592,2873000,20200,55980.40625
26593,2873000,20230,56050.78125
26594,2873000,20260,55980.6875
26595,2873000,20290,55992.6875
26596,2873000,20320,56001.609375
26597,2873000,20350,56006.8125
26598,2873000,20380,55984.90625
26599,2873000,20410,55621.59375
26600,2873000,20440,55992.109375
26601,2873000,20470,56034.984375
26602,2873000,20500,56073.015625
26603,2873000,20530,56032.59375
26604,2873000,20560,56046.1875
26605,2873000,20590,56008.3125
26606,2873000,20620,56020.3125
26607,2873000,20650,55990.296875
26608,2873000,20680,56068.3125
26609,2873000,20710,55598.390625
26610,2873000,20740,56024.0
26611,2873000,20770,56030.59375
26612,2873000,20800,55991.09375
26613,2873000,20830,55939.6875
26614,2873000,20860,55983.515625
26615,2873000,20890,56046.0
26616,2873000,20920,56020.40625
26617,2873000,20950,55984.609375
26618,2873000,20980,56033.0
26619,2873000,21010,56012.796875
26620,2873000,21040,55588.5
26621,2873000,21070,56022.515625
26622,2873000,21100,56049.296875
26623,2873000,21130,56089.6875
26624,2873000,21160,56090.1875
26625,2873000,21190,55992.796875
26626,2873000,21220,55967.984375
26627,2873000,21250,56087.0
26628,2873000,21280,56009.515625
26629,2873000,21310,56016.296875
26630,2873000,21340,55498.8125
26631,2873000,21370,56007.09375
26632,2873000,21400,56034.90625
26633,2873000,21430,56018.296875
26634,2873000,21460,55992.0
26635,2873000,21490,56073.390625
26636,2873000,21520,56033.09375
26637,2873000,21550,56020.21875
26638,2873000,21580,55984.390625
26639,2873000,21610,55610.3125
26640,2873000,21640,56042.90625
26641,2873000,21670,56010.890625
26642,2873000,21700,56053.40625
26643,2873000,21730,55983.0
26644,2873000,21760,56040.703125
26645,2873000,21790,55990.09375
26646,2873000,21820,56054.203125
26647,2873000,21850,55990.09375
26648,2873000,21880,56033.0
26649,2873000,21910,56047.296875
26650,2873000,21940,56037.890625
26651,2873000,21970,55544.09375
26652,2873000,22000,56030.0
26653,2873000,22030,56078.609375
26654,2873000,22060,56067.40625
26655,2873000,22090,56055.796875
26656,2873000,22120,55992.59375
26657,2873000,22150,56078.796875
26658,2873000,22180,55986.3125
26659,2873000,22210,56049.59375
26660,2873000,22240,55545.609375
26661,2873000,22270,56079.109375
26662,2873000,22300,56057.6875
26663,2873000,22330,56044.3125
26664,2873000,22360,56059.3125
26665,2873000,22390,56053.09375
26666,2873000,22420,56018.09375
26667,2873000,22450,56047.40625
26668,2873000,22480,56079.6875
26669,2873000,22510,55982.09375
26670,2873000,22540,56031.703125
26671,2873000,22570,56068.296875
26672,2873000,22600,55631.40625
26673,2873000,22630,56055.0
26674,2873000,22660,56033.5
26675,2873000,22690,56124.09375
26676,2873000,22720,56057.5
26677,2873000,22750,56055.59375
26678,2873000,22780,56054.5
26679,2873000,22810,56012.90625
26680,2873000,22840,55997.0
26681,2873000,22870,55599.90625
26682,2873000,22900,56063.8125
26683,2873000,22930,56026.09375
26684,2873000,22960,56052.09375
26685,2873000,22990,56030.40625
26686,2873000,23020,56023.8125
26687,2873000,23050,56000.609375
26688,2873000,23080,56063.40625
26689,2873000,23110,56035.109375
26690,2873000,23140,56062.09375
26691,2873000,23170,55554.5
26692,2873000,23200,56028.5
26693,2873000,23230,56035.015625
26694,2873000,23260,56020.890625
26695,2873000,23290,56010.40625
26696,2873000,23320,56002.203125
26697,2873000,23350,56042.203125
26698,2873000,23380,56046.5
26699,2873000,23410,55996.0
26700,2873000,23440,56066.09375
26701,2873000,23470,56075.09375
26702,2873000,23500,56012.3125
26703,2873000,23530,55626.5
26704,2873000,23560,56002.09375
26705,2873000,23590,56042.5
26706,2873000,23620,56027.09375
26707,2873000,23650,56065.5
26708,2873000,23680,56006.5
26709,2873000,23710,56020.015625
26710,2873000,23740,56025.0
26711,2873000,23770,56020.40625
26712,2873000,23800,55565.90625
26713,2873000,23830,56033.1875
26714,2873000,23860,56038.0
26715,2873000,23890,56043.78125
26716,2873000,23920,55987.390625
26717,2873000,23950,56067.796875
26718,2873000,23980,56033.109375
26719,2873000,24010,56088.71875
26720,2873000,24040,56033.6875
26721,2873000,24070,56092.515625
26722,2873000,24100,56084.90625
26723,2873000,24130,56051.609375
26724,2873000,24160,55584.09375
26725,2873000,24190,56037.90625
26726,2873000,24220,55989.40625
26727,2873000,24250,56108.3125
26728,2873000,24280,56062.6875
26729,2873000,24310,56044.109375
26730,2873000,24340,56084.515625
26731,2873000,24370,56016.5
26732,2873000,24400,56037.71875
26733,2873000,24430,55652.5
26734,2873000,24460,56074.203125
26735,2873000,24490,56080.296875
26736,2873000,24520,56011.71875
26737,2873000,24550,55985.0
26738,2873000,24580,56020.609375
26739,2873000,24610,56046.40625
26740,2873000,24640,56030.390625
26741,2873000,24670,55969.390625
26742,2873000,24700,56087.796875
26743,2873000,24730,56076.609375
26744,2873000,24760,56008.5
26745,2873000,24790,55649.8125
26746,2873000,24820,56002.015625
26747,2873000,24850,56093.71875
26748,2873000,24880,56110.0
26749,2873000,24910,55971.5
26750,2873000,24940,56031.796875
26751,2873000,24970,56025.390625
26752,2873000,25000,56124.71875
26753,2873000,25030,56072.8125
26754,2873000,25060,56051.40625
26755,2873000,25090,55596.796875
26756,2873000,25120,56112.0
26757,2873000,25150,56072.3125
26758,2873000,25180,56065.296875
26759,2873000,25210,56079.203125
26760,2873000,25240,56014.8125
26761,2873000,25270,56096.890625
26762,2873000,25300,56055.1875
26763,2873000,25330,56092.0
26764,2873000,25360,55633.09375
26765,2873000,25390,56041.796875
26766,2873000,25420,56049.0
26767,2873000,25450,56089.5
26768,2873000,25480,56105.703125
26769,2873000,25510,56087.703125
26770,2873000,25540,56082.296875
26771,2873000,25570,56004.015625
26772,2873000,25600,56027.890625
26773,2873000,25630,56082.1875
26774,2873000,25660,56090.90625
26775,2873000,25690,56062.59375
26776,2873000,25720,55583.0
26777,2873000,25750,56067.890625
26778,2873000,25780,56087.40625
26779,2873000,25810,56008.296875
26780,2873000,25840,56011.1875
26781,2873000,25870,56104.59375
26782,2873000,25900,56052.1875
26783,2873000,25930,56100.0
26784,2873000,25960,56063.0
26785,2873000,25990,56057.21875
26786,2873000,26020,55607.1875
26787,2873000,26050,56106.0
26788,2873000,26080,56035.09375
26789,2873000,26110,56028.390625
26790,2873000,26140,55941.3125
26791,2873000,26170,56071.3125
26792,2873000,26200,56053.796875
26793,2873000,26230,56097.09375
26794,2873000,26260,56021.59375
26795,2873000,26290,56044.984375
26796,2873000,26320,56019.21875
26797,2873000,26350,55583.8125
26798,2873000,26380,56108.09375
26799,2873000,26410,56023.78125
26800,2873000,26440,56023.703125
26801,2873000,26470,56017.90625
26802,2873000,26500,56065.59375
26803,2873000,26530,56023.890625
26804,2873000,26560,56152.40625
26805,2873000,26590,56067.109375
26806,2873000,26620,55654.5
26807,2873000,26650,56078.0
26808,2873000,26680,56094.90625
26809,2873000,26710,56041.40625
26810,2873000,26740,56072.59375
26811,2873000,26770,56084.5
26812,2873000,26800,56055.515625
26813,2873000,26830,56050.71875
26814,2873000,26860,56035.59375
26815,2873000,26890,56046.890625
26816,2873000,26920,55597.515625
26817,2873000,26950,56144.203125
26818,2873000,26980,56104.09375
26819,2873000,27010,56022.40625
26820,2873000,27040,56088.8125
26821,2873000,27070,56098.390625
26822,2873000,27100,56038.90625
26823,2873000,27130,56058.09375
26824,2873000,27160,56073.09375
26825,2873000,27190,56037.609375
26826,2873000,27220,56089.59375
26827,2873000,27250,56076.5
26828,2873000,27280,55669.109375
26829,2873000,27310,56025.109375
26830,2873000,27340,56043.109375
26831,2873000,27370,56031.09375
26832,2873000,27400,56114.890625
26833,2873000,27430,56087.59375
26834,2873000,27460,56109.515625
26835,2873000,27490,56058.6875
26836,2873000,27520,56079.296875
26837,2873000,27550,55594.703125
26838,2873000,27580,56081.1875
26839,2873000,27610,56074.203125
26840,2873000,27640,56085.203125
26841,2873000,27670,56072.90625
26842,2873000,27700,56126.71875
26843,2873000,27730,56025.28125
26844,2873000,27760,56056.890625
26845,2873000,27790,56071.40625
26846,2873000,27820,56140.3125
26847,2873000,27850,56068.90625
26848,2873000,27880,56087.390625
26849,2873000,27910,55605.203125
26850,2873000,27940,56066.09375
26851,2873000,27970,56064.0
26852,2873000,28000,56132.59375
26853,2873000,28030,56141.3125
26854,2873000,28060,56079.1875
26855,2873000,28090,56062.296875
26856,2873000,28120,56044.90625
26857,2873000,28150,56076.21875
26858,2873000,28180,55623.390625
26859,2873000,28210,56076.40625
26860,2873000,28240,56126.390625
26861,2873000,28270,56063.28125
26862,2873000,28300,56025.1875
26863,2873000,28330,56051.890625
26864,2873000,28360,56080.203125
26865,2873000,28390,56083.0
26866,2873000,28420,56055.609375
26867,2873000,28450,56093.0
26868,2873000,28480,56018.5
26869,2873000,28510,56045.015625
26870,2873000,28540,55624.40625
26871,2873000,28570,56017.296875
26872,2873000,28600,56107.0
26873,2873000,28630,56120.40625
26874,2873000,28660,56130.59375
26875,2873000,28690,56051.3125
26876,2873000,28720,56081.296875
26877,2873000,28750,56075.6875
26878,2873000,28780,56013.40625
26879,2873000,28810,55624.59375
26880,2873000,28840,56060.609375
26881,2873000,28870,56132.109375
26882,2873000,28900,56080.71875
26883,2873000,28930,56897.28125
26884,2873000,28960,56051.703125
26885,2873000,28990,56115.390625
26886,2873000,29020,55635.203125
26887,2873000,29050,56088.109375
26888,2873000,29080,56069.40625
26889,2873000,29110,56122.5
26890,2873000,29140,56077.296875
26891,2873000,29170,56049.71875
26892,2873000,29200,56059.296875
26893,2873000,29230,56053.3125
26894,2873000,29260,56056.28125
26895,2873000,29290,55585.78125
26896,2873000,29320,56116.21875
26897,2873000,29350,56017.796875
26898,2873000,29380,56026.1875
26899,2873000,29410,56038.890625
26900,2873000,29440,56143.484375
26901,2873000,29470,56076.5
26902,2873000,29500,56016.890625
26903,2873000,29530,56101.0
26904,2873000,29560,56066.5
26905,2873000,29590,56036.390625
26906,2873000,29620,56107.21875
26907,2873000,29650,55663.71875
26908,2873000,29680,56060.40625
26909,2873000,29710,56081.8125
26910,2873000,29740,56019.203125
26911,2873000,29770,56078.890625
26912,2873000,29800,56046.390625
26913,2873000,29830,56079.5
26914,2873000,29860,56007.3125
26915,2873000,29890,56069.5
26916,2873000,29920,56079.40625
26917,2873000,29950,55638.484375
26918,2873000,29980,56077.09375
26919,2873500,100,12957.59375
26920,2873500,130,59457.71875
26921,2873500,160,58554.0
26922,2873500,190,55447.90625
26923,2873500,220,48383.5
26924,2873500,250,54262.890625
26925,2873500,280,57477.5
26926,2873500,310,56613.8125
26927,2873500,340,51768.3125
26928,2873500,370,47169.0
26929,2873500,400,52921.78125
26930,2873500,430,55895.484375
26931,2873500,460,56130.296875
26932,2873500,490,54482.5
26933,2873500,520,52482.796875
26934,2873500,550,55807.015625
26935,2873500,580,57255.890625
26936,2873500,610,54489.09375
26937,2873500,640,51070.6875
26938,2873500,670,49447.390625
26939,2873500,700,53774.1875
26940,2873500,730,58355.59375
26941,2873500,760,59000.40625
26942,2873500,790,56088.203125
26943,2873500,820,52193.890625
26944,2873500,850,52257.21875
26945,2873500,880,54789.984375
26946,2873500,910,57520.09375
26947,2873500,940,56080.390625
26948,2873500,970,52770.3125
26949,2873500,1000,51623.6875
26950,2873500,1030,53069.90625
26951,2873500,1060,56036.8125
26952,2873500,1090,57534.5
26953,2873500,1120,56600.0
26954,2873500,1150,55403.28125
26955,2873500,1180,55017.203125
26956,2873500,1210,54910.09375
26957,2873500,1240,55011.6875
26958,2873500,1270,54105.40625
26959,2873500,1300,54742.609375
26960,2873500,1330,55691.0
26961,2873500,1360,55930.0
26962,2873500,1390,56204.90625
26963,2873500,1420,55365.015625
26964,2873500,1450,54450.78125
26965,2873500,1480,55097.5
26966,2873500,1510,55516.1875
26967,2873500,1540,56017.8125
26968,2873500,1570,55512.78125
26969,2873500,1600,54560.8125
26970,2873500,1630,54304.90625
26971,2873500,1660,54855.40625
26972,2873500,1690,55567.015625
26973,2873500,1720,56160.109375
26974,2873500,1750,56255.59375
26975,2873500,1780,55768.703125
26976,2873500,1810,55314.0
26977,2873500,1840,54618.609375
26978,2873500,1870,53996.59375
26979,2873500,1900,55206.390625
26980,2873500,1930,56017.59375
26981,2873500,1960,56359.5
26982,2873500,1990,55703.296875
26983,2873500,2020,54491.71875
26984,2873500,2050,54288.609375
26985,2873500,2080,54929.40625
26986,2873500,2110,56334.703125
26987,2873500,2140,56254.1875
26988,2873500,2170,55618.390625
26989,2873500,2200,54648.28125
26990,2873500,2230,54605.90625
26991,2873500,2260,55556.1875
26992,2873500,2290,56396.609375
26993,2873500,2320,56261.515625
26994,2873500,2350,55217.09375
26995,2873500,2380,54637.109375
26996,2873500,2410,55007.09375
26997,2873500,2440,55666.0
26998,2873500,2470,55923.0
26999,2873500,2500,54929.296875
27000,2873500,2530,55147.90625
27001,2873500,2560,55556.609375
27002,2873500,2590,56360.796875
27003,2873500,2620,56285.40625
27004,2873500,2650,55305.09375
27005,2873500,2680,54523.390625
27006,2873500,2710,54535.40625
27007,2873500,2740,55657.6875
27008,2873500,2770,56571.296875
27009,2873500,2800,56255.015625
27010,2873500,2830,54424.390625
27011,2873500,2860,54690.40625
27012,2873500,2890,55462.796875
27013,2873500,2920,56338.796875
27014,2873500,2950,56627.40625
27015,2873500,2980,55546.015625
27016,2873500,3010,54224.3125
27017,2873500,3040,54156.484375
27018,2873500,3070,55000.109375
27019,2873500,3100,56314.59375
27020,2873500,3130,56283.015625
27021,2873500,3160,55659.390625
27022,2873500,3190,55218.09375
27023,2873500,3220,55623.5
27024,2873500,3250,56261.203125
27025,2873500,3280,56287.40625
27026,2873500,3310,55264.59375
27027,2873500,3340,54681.6875
27028,2873500,3370,55099.59375
27029,2873500,3400,55627.703125
27030,2873500,3430,55742.6875
27031,2873500,3460,55908.59375
27032,2873500,3490,55547.796875
27033,2873500,3520,55555.09375
27034,2873500,3550,55962.6875
27035,2873500,3580,56325.890625
27036,2873500,3610,55736.203125
27037,2873500,3640,55019.1875
27038,2873500,3670,54746.5
27039,2873500,3700,54807.484375
27040,2873500,3730,56005.3125
27041,2873500,3760,56247.890625
27042,2873500,3790,55879.59375
27043,2873500,3820,55444.796875
27044,2873500,3850,55626.109375
27045,2873500,3880,55954.90625
27046,2873500,3910,56049.40625
27047,2873500,3940,55755.5
27048,2873500,3970,55128.3125
27049,2873500,4000,55075.0
27050,2873500,4030,55387.5
27051,2873500,4060,55471.90625
27052,2873500,4090,56215.59375
27053,2873500,4120,56048.09375
27054,2873500,4150,55755.40625
27055,2873500,4180,55758.8125
27056,2873500,4210,55828.3125
27057,2873500,4240,55772.0
27058,2873500,4270,55539.28125
27059,2873500,4300,55516.203125
27060,2873500,4330,55085.203125
27061,2873500,4360,55739.09375
27062,2873500,4390,55899.3125
27063,2873500,4420,55852.78125
27064,2873500,4450,55827.609375
27065,2873500,4480,55868.890625
27066,2873500,4510,55979.484375
27067,2873500,4540,55977.59375
27068,2873500,4570,55680.109375
27069,2873500,4600,55491.390625
27070,2873500,4630,55393.0
27071,2873500,4660,55590.21875
27072,2873500,4690,55520.71875
27073,2873500,4720,56169.28125
27074,2873500,4750,56070.28125
27075,2873500,4780,55823.515625
27076,2873500,4810,55705.1875
27077,2873500,4840,55654.5
27078,2873500,4870,55833.09375
27079,2873500,4900,55888.390625
27080,2873500,4930,55838.40625
27081,2873500,4960,55764.484375
27082,2873500,4990,55632.59375
27083,2873500,5020,55315.09375
27084,2873500,5050,55911.109375
27085,2873500,5080,56070.6875
27086,2873500,5110,56112.3125
27087,2873500,5140,56022.796875
27088,2873500,5170,55742.796875
27089,2873500,5200,55653.1875
27090,2873500,5230,55635.5
27091,2873500,5260,55297.109375
27092,2873500,5290,55919.09375
27093,2873500,5320,56044.90625
27094,2873500,5350,56094.21875
27095,2873500,5380,56023.609375
27096,2873500,5410,55878.1875
27097,2873500,5440,55768.296875
27098,2873500,5470,55772.609375
27099,2873500,5500,55837.3125
27100,2873500,5530,56002.40625
27101,2873500,5560,56012.109375
27102,2873500,5590,55941.109375
27103,2873500,5620,55267.296875
27104,2873500,5650,55747.0
27105,2873500,5680,55869.109375
27106,2873500,5710,56242.5
27107,2873500,5740,56267.296875
27108,2873500,5770,55957.21875
27109,2873500,5800,55728.09375
27110,2873500,5830,55538.890625
27111,2873500,5860,55736.5
27112,2873500,5890,55619.0
27113,2873500,5920,56273.609375
27114,2873500,5950,56086.8125
27115,2873500,5980,55858.6875
27116,2873500,6010,55825.90625
27117,2873500,6040,55876.28125
27118,2873500,6070,56005.609375
27119,2873500,6100,56037.390625
27120,2873500,6130,55890.59375
27121,2873500,6160,55882.109375
27122,2873500,6190,55996.203125
27123,2873500,6220,56096.59375
27124,2873500,6250,56028.59375
27125,2873500,6280,55422.1875
27126,2873500,6310,55930.0
27127,2873500,6340,56080.90625
27128,2873500,6370,56189.015625
27129,2873500,6400,56092.0
27130,2873500,6430,55712.28125
27131,2873500,6460,55604.8125
27132,2873500,6490,55782.90625
27133,2873500,6520,55705.5
27134,2873500,6550,56399.109375
27135,2873500,6580,56254.59375
27136,2873500,6610,55859.296875
27137,2873500,6640,55636.59375
27138,2873500,6670,55873.296875
27139,2873500,6700,56131.6875
27140,2873500,6730,56224.90625
27141,2873500,6760,56113.59375
27142,2873500,6790,55830.484375
27143,2873500,6820,55788.015625
27144,2873500,6850,55973.203125
27145,2873500,6880,55733.0
27146,2873500,6910,56222.6875
27147,2873500,6940,56017.5
27148,2873500,6970,55919.5
27149,2873500,7000,55993.203125
27150,2873500,7030,56032.0
27151,2873500,7060,55966.59375
27152,2873500,7090,55871.1875
27153,2873500,7120,55966.296875
27154,2873500,7150,55743.40625
27155,2873500,7180,56268.015625
27156,2873500,7210,56248.0
27157,2873500,7240,56060.3125
27158,2873500,7270,55832.609375
27159,2873500,7300,55879.28125
27160,2873500,7330,56060.609375
27161,2873500,7360,56230.09375
27162,2873500,7390,56194.21875
27163,2873500,7420,55955.09375
27164,2873500,7450,55394.796875
27165,2873500,7480,56025.28125
27166,2873500,7510,56257.1875
27167,2873500,7540,56353.28125
27168,2873500,7570,56213.796875
27169,2873500,7600,56053.28125
27170,2873500,7630,55865.28125
27171,2873500,7660,55927.015625
27172,2873500,7690,56073.59375
27173,2873500,7720,56116.0
27174,2873500,7750,56171.5
27175,2873500,7780,56206.796875
27176,2873500,7810,55684.09375
27177,2873500,7840,56056.8125
27178,2873500,7870,56075.40625
27179,2873500,7900,56045.90625
27180,2873500,7930,56081.59375
27181,2873500,7960,56109.71875
27182,2873500,7990,56068.8125
27183,2873500,8020,56034.28125
27184,2873500,8050,56025.1875
27185,2873500,8080,55667.296875
27186,2873500,8110,56228.40625
27187,2873500,8140,56144.296875
27188,2873500,8170,56214.703125
27189,2873500,8200,56174.203125
27190,2873500,8230,56096.484375
27191,2873500,8260,56025.3125
27192,2873500,8290,56010.390625
27193,2873500,8320,55999.203125
27194,2873500,8350,56171.390625
27195,2873500,8380,56217.5
27196,2873500,8410,56296.515625
27197,2873500,8440,55720.3125
27198,2873500,8470,56045.59375
27199,2873500,8500,56033.8125
27200,2873500,8530,56156.890625
27201,2873500,8560,56176.8125
27202,2873500,8590,56207.296875
27203,2873500,8620,56047.796875
27204,2873500,8650,56003.40625
27205,2873500,8680,56040.59375
27206,2873500,8710,55810.390625
27207,2873500,8740,56329.703125
27208,2873500,8770,56254.609375
27209,2873500,8800,56162.984375
27210,2873500,8830,56025.984375
27211,2873500,8860,56065.09375
27212,2873500,8890,56212.796875
27213,2873500,8920,56183.890625
27214,2873500,8950,56160.109375
27215,2873500,8980,56099.78125
27216,2873500,9010,56213.3125
27217,2873500,9040,56287.40625
27218,2873500,9070,55842.984375
27219,2873500,9100,56202.984375
27220,2873500,9130,56074.09375
27221,2873500,9160,56102.390625
27222,2873500,9190,56222.109375
27223,2873500,9220,56276.59375
27224,2873500,9250,56242.296875
27225,2873500,9280,56113.5
27226,2873500,9310,56055.796875
27227,2873500,9340,55778.0
27228,2873500,9370,56364.703125
27229,2873500,9400,56311.0
27230,2873500,9430,56221.296875
27231,2873500,9460,56054.515625
27232,2873500,9490,56102.796875
27233,2873500,9520,56192.3125
27234,2873500,9550,56309.015625
27235,2873500,9580,56329.0
27236,2873500,9610,56219.8125
27237,2873500,9640,56164.59375
27238,2873500,9670,55764.109375
27239,2873500,9700,56349.515625
27240,2873500,9730,56297.703125
27241,2873500,9760,56229.1875
27242,2873500,9790,56127.390625
27243,2873500,9820,56146.59375
27244,2873500,9850,56245.796875
27245,2873500,9880,56257.40625
27246,2873500,9910,56253.28125
27247,2873500,9940,56184.484375
27248,2873500,9970,56122.109375
27249,2873500,10000,56274.703125
27250,2873500,10030,55911.09375
27251,2873500,10060,56301.890625
27252,2873500,10090,56209.203125
27253,2873500,10120,56091.0
27254,2873500,10150,56228.796875
27255,2873500,10180,56332.484375
27256,2873500,10210,56403.484375
27257,2873500,10240,56331.109375
27258,2873500,10270,55696.703125
27259,2873500,10300,56209.203125
27260,2873500,10330,56245.203125
27261,2873500,10360,56339.40625
27262,2873500,10390,56302.1875
27263,2873500,10420,56236.21875
27264,2873500,10450,56180.796875
27265,2873500,10480,56289.40625
27266,2873500,10510,56310.484375
27267,2873500,10540,56367.0
27268,2873500,10570,56350.40625
27269,2873500,10600,56272.3125
27270,2873500,10630,55801.09375
27271,2873500,10660,56305.90625
27272,2873500,10690,56291.40625
27273,2873500,10720,56264.0
27274,2873500,10750,56260.0
27275,2873500,10780,56266.390625
27276,2873500,10810,56239.703125
27277,2873500,10840,56300.390625
27278,2873500,10870,56324.109375
27279,2873500,10900,56312.0
27280,2873500,10930,55901.09375
27281,2873500,10960,56316.5
27282,2873500,10990,56325.6875
27283,2873500,11020,56301.90625
27284,2873500,11050,56296.09375
27285,2873500,11080,56303.28125
27286,2873500,11110,56310.390625
27287,2873500,11140,56320.1875
27288,2873500,11170,56330.5
27289,2873500,11200,56357.8125
27290,2873500,11230,56375.390625
27291,2873500,11260,55776.5
27292,2873500,11290,56287.3125
27293,2873500,11320,56309.515625
27294,2873500,11350,56292.40625
27295,2873500,11380,56312.0
27296,2873500,11410,56304.109375
27297,2873500,11440,56293.296875
27298,2873500,11470,56282.6875
27299,2873500,11500,56296.6875
27300,2873500,11530,56389.0
27301,2873500,11560,55913.3125
27302,2873500,11590,56347.28125
27303,2873500,11620,56272.09375
27304,2873500,11650,56304.8125
27305,2873500,11680,56280.40625
27306,2873500,11710,56309.21875
27307,2873500,11740,56327.890625
27308,2873500,11770,56340.609375
27309,2873500,11800,56328.8125
27310,2873500,11830,56281.09375
27311,2873500,11860,56314.390625
27312,2873500,11890,55878.609375
27313,2873500,11920,56385.28125
27314,2873500,11950,56357.40625
27315,2873500,11980,56340.609375
27316,2873500,12010,56323.8125
27317,2873500,12040,56367.796875
27318,2873500,12070,56327.015625
27319,2873500,12100,56318.09375
27320,2873500,12130,56349.484375
27321,2873500,12160,56371.3125
27322,2873500,12190,55954.3125
27323,2873500,12220,56293.984375
27324,2873500,12250,56346.78125
27325,2873500,12280,56337.890625
27326,2873500,12310,56365.390625
27327,2873500,12340,56376.703125
27328,2873500,12370,56381.390625
27329,2873500,12400,56373.59375
27330,2873500,12430,56316.5
27331,2873500,12460,55866.90625
27332,2873500,12490,56392.09375
27333,2873500,12520,56368.0
27334,2873500,12550,56793.09375
27335,2873500,12580,56388.0
27336,2873500,12610,55875.890625
27337,2873500,12640,56385.890625
27338,2873500,12670,56383.984375
27339,2873500,12700,56428.203125
27340,2873500,12730,56405.71875
27341,2873500,12760,56376.984375
27342,2873500,12790,56368.015625
27343,2873500,12820,55953.5
27344,2873500,12850,56379.5
27345,2873500,12880,56412.296875
27346,2873500,12910,56360.28125
27347,2873500,12940,56364.40625
27348,2873500,12970,56386.1875
27349,2873500,13000,56348.8125
27350,2873500,13030,56381.21875
27351,2873500,13060,56360.203125
27352,2873500,13090,55901.109375
27353,2873500,13120,56380.59375
27354,2873500,13150,56388.890625
27355,2873500,13180,56385.015625
27356,2873500,13210,56430.90625
27357,2873500,13240,56443.609375
27358,2873500,13270,56330.703125
27359,2873500,13300,56427.296875
27360,2873500,13330,56407.0
27361,2873500,13360,56373.40625
27362,2873500,13390,56403.5
27363,2873500,13420,56435.59375
27364,2873500,13450,55937.8125
27365,2873500,13480,56430.1875
27366,2873500,13510,56414.8125
27367,2873500,13540,56407.0
27368,2873500,13570,56366.28125
27369,2873500,13600,56349.28125
27370,2873500,13630,56412.0
27371,2873500,13660,56369.1875
27372,2873500,13690,56461.296875
27373,2873500,13720,55954.3125
27374,2873500,13750,56337.109375
27375,2873500,13780,56416.59375
27376,2873500,13810,56454.8125
27377,2873500,13840,56422.59375
27378,2873500,13870,56490.59375
27379,2873500,13900,56409.78125
27380,2873500,13930,56410.21875
27381,2873500,13960,56435.59375
27382,2873500,13990,56465.796875
27383,2873500,14020,56017.515625
27384,2873500,14050,56404.28125
27385,2873500,14080,56404.3125
27386,2873500,14110,56392.796875
27387,2873500,14140,56432.28125
27388,2873500,14170,56422.8125
27389,2873500,14200,56449.1875
27390,2873500,14230,56422.59375
27391,2873500,14260,56420.296875
27392,2873500,14290,56460.796875
27393,2873500,14320,56411.8125
27394,2873500,14350,55995.515625
27395,2873500,14380,56382.90625
27396,2873500,14410,56436.28125
27397,2873500,14440,56455.484375
27398,2873500,14470,56425.28125
27399,2873500,14500,56500.390625
27400,2873500,14530,56458.109375
27401,2873500,14560,56432.40625
27402,2873500,14590,56457.8125
27403,2873500,14620,56475.1875
27404,2873500,14650,55998.796875
27405,2873500,14680,56472.28125
27406,2873500,14710,56414.71875
27407,2873500,14740,56499.5
27408,2873500,14770,56416.6875
27409,2873500,14800,56472.203125
27410,2873500,14830,56427.796875
27411,2873500,14860,56439.890625
27412,2873500,14890,56440.21875
27413,2873500,14920,56495.609375
27414,2873500,14950,56456.0
27415,2873500,14980,56440.3125
27416,2873500,15010,56463.40625
27417,2873500,15040,55981.390625
27418,2873500,15070,56463.6875
27419,2873500,15100,56461.0
27420,2873500,15130,56500.109375
27421,2873500,15160,56420.78125
27422,2873500,15190,56391.296875
27423,2873500,15220,56438.6875
27424,2873500,15250,56438.40625
27425,2873500,15280,55990.109375
27426,2873500,15310,56441.5
27427,2873500,15340,56425.203125
27428,2873500,15370,56504.1875
27429,2873500,15400,56468.515625
27430,2873500,15430,56479.109375
27431,2873500,15460,56454.796875
27432,2873500,15490,56475.71875
27433,2873500,15520,56467.3125
27434,2873500,15550,56524.3125
27435,2873500,15580,56553.984375
27436,2873500,15610,56460.90625
27437,2873500,15640,56026.09375
27438,2873500,15670,56403.609375
27439,2873500,15700,56433.890625
27440,2873500,15730,56419.796875
27441,2873500,15760,56530.21875
27442,2873500,15790,56475.90625
27443,2873500,15820,56423.3125
27444,2873500,15850,56450.703125
27445,2873500,15880,56501.3125
27446,2873500,15910,56008.203125
27447,2873500,15940,56512.09375
27448,2873500,15970,56517.71875
27449,2873500,16000,56460.90625
27450,2873500,16030,56419.1875
27451,2873500,16060,56493.09375
27452,2873500,16090,56512.90625
27453,2873500,16120,56533.40625
27454,2873500,16150,56484.296875
27455,2873500,16180,56459.296875
27456,2873500,16210,56029.90625
27457,2873500,16240,56475.390625
27458,2873500,16270,56492.796875
27459,2873500,16300,56472.6875
27460,2873500,16330,56516.59375
27461,2873500,16360,56547.890625
27462,2873500,16390,56476.296875
27463,2873500,16420,56480.609375
27464,2873500,16450,56454.40625
27465,2873500,16480,56491.1875
27466,2873500,16510,56488.390625
27467,2873500,16540,56503.609375
27468,2873500,16570,56020.09375
27469,2873500,16600,56527.6875
27470,2873500,16630,56505.90625
27471,2873500,16660,56499.40625
27472,2873500,16690,56541.78125
27473,2873500,16720,56574.21875
27474,2873500,16750,56537.40625
27475,2873500,16780,56487.109375
27476,2873500,16810,56505.390625
27477,2873500,16840,56030.90625
27478,2873500,16870,56433.609375
27479,2873500,16900,56436.703125
27480,2873500,16930,56468.0
27481,2873500,16960,56594.90625
27482,2873500,16990,56521.0
27483,2873500,17020,56510.90625
27484,2873500,17050,56457.1875
27485,2873500,17080,56515.609375
27486,2873500,17110,56542.203125
27487,2873500,17140,56490.1875
27488,2873500,17170,56521.90625
27489,2873500,17200,56134.296875
27490,2873500,17230,56489.796875
27491,2873500,17260,56514.5
27492,2873500,17290,56519.90625
27493,2873500,17320,56511.015625
27494,2873500,17350,56437.59375
27495,2873500,17380,56526.6875
27496,2873500,17410,56488.40625
27497,2873500,17440,56493.3125
27498,2873500,17470,56058.609375
27499,2873500,17500,56508.984375
27500,2873500,17530,56520.8125
27501,2873500,17560,56508.515625
27502,2873500,17590,56565.203125
27503,2873500,17620,56558.5
27504,2873500,17650,56599.28125
27505,2873500,17680,56479.90625
27506,2873500,17710,56569.890625
27507,2873500,17740,56501.609375
27508,2873500,17770,56494.703125
27509,2873500,17800,56484.21875
27510,2873500,17830,56030.703125
27511,2873500,17860,56462.515625
27512,2873500,17890,56505.796875
27513,2873500,17920,56521.40625
27514,2873500,17950,56502.109375
27515,2873500,17980,56495.71875
27516,2873500,18010,56532.21875
27517,2873500,18040,56566.609375
27518,2873500,18070,56595.390625
27519,2873500,18100,55990.21875
27520,2873500,18130,56580.78125
27521,2873500,18160,56536.609375
27522,2873500,18190,56486.703125
27523,2873500,18220,56483.6875
27524,2873500,18250,56558.8125
27525,2873500,18280,56534.5
27526,2873500,18310,56556.8125
27527,2873500,18340,56522.6875
27528,2873500,18370,56484.21875
27529,2873500,18400,56071.203125
27530,2873500,18430,56548.0
27531,2873500,18460,56546.90625
27532,2873500,18490,56469.59375
27533,2873500,18520,56576.296875
27534,2873500,18550,56542.984375
27535,2873500,18580,56541.59375
27536,2873500,18610,56561.703125
27537,2873500,18640,56498.796875
27538,2873500,18670,56477.09375
27539,2873500,18700,56502.3125
27540,2873500,18730,56550.390625
27541,2873500,18760,56464.59375
27542,2873500,18790,56083.015625
27543,2873500,18820,56586.59375
27544,2873500,18850,56557.8125
27545,2873500,18880,56537.1875
27546,2873500,18910,56618.90625
27547,2873500,18940,56540.3125
27548,2873500,18970,56607.6875
27549,2873500,19000,56569.40625
27550,2873500,19030,56147.5
27551,2873500,19060,56544.59375
27552,2873500,19090,56480.5
27553,2873500,19120,56583.59375
27554,2873500,19150,56533.890625
27555,2873500,19180,56567.609375
27556,2873500,19210,56528.90625
27557,2873500,19240,56579.296875
27558,2873500,19270,56559.484375
27559,2873500,19300,56474.015625
27560,2873500,19330,56537.21875
27561,2873500,19360,56623.6875
27562,2873500,19390,56096.40625
27563,2873500,19420,56625.21875
27564,2873500,19450,56545.59375
27565,2873500,19480,56530.90625
27566,2873500,19510,56580.0
27567,2873500,19540,56610.40625
27568,2873500,19570,56573.390625
27569,2873500,19600,56535.796875
27570,2873500,19630,56615.015625
27571,2873500,19660,56091.8125
27572,2873500,19690,56563.3125
27573,2873500,19720,56527.90625
27574,2873500,19750,56533.5
27575,2873500,19780,56623.59375
27576,2873500,19810,56580.109375
27577,2873500,19840,56562.6875
27578,2873500,19870,56532.390625
27579,2873500,19900,56537.3125
27580,2873500,19930,56518.09375
27581,2873500,19960,56607.8125
27582,2873500,19990,56554.90625
27583,2873500,20020,56534.5
27584,2873500,20050,56042.59375
27585,2873500,20080,56513.59375
27586,2873500,20110,56547.890625
27587,2873500,20140,56557.390625
27588,2873500,20170,56559.0
27589,2873500,20200,56540.609375
27590,2873500,20230,56583.5
27591,2873500,20260,56618.203125
27592,2873500,20290,56552.609375
27593,2873500,20320,56631.09375
27594,2873500,20350,56089.1875
27595,2873500,20380,56577.09375
27596,2873500,20410,56561.3125
27597,2873500,20440,56578.703125
27598,2873500,20470,56591.5
27599,2873500,20500,56506.78125
27600,2873500,20530,56537.5
27601,2873500,20560,56555.3125
27602,2873500,20590,56544.90625
27603,2873500,20620,56611.109375
27604,2873500,20650,56101.90625
27605,2873500,20680,56575.5
27606,2873500,20710,56532.203125
27607,2873500,20740,56540.09375
27608,2873500,20770,56573.71875
27609,2873500,20800,56544.703125
27610,2873500,20830,56517.90625
27611,2873500,20860,56611.796875
27612,2873500,20890,56553.890625
27613,2873500,20920,56054.59375
27614,2873500,20950,56607.703125
27615,2873500,20980,56542.890625
27616,2873500,21010,56585.59375
27617,2873500,21040,56628.015625
27618,2873500,21070,56564.8125
27619,2873500,21100,56558.5
27620,2873500,21130,56544.1875
27621,2873500,21160,56549.890625
27622,2873500,21190,56570.21875
27623,2873500,21220,56040.109375
27624,2873500,21250,56541.0
27625,2873500,21280,56581.09375
27626,2873500,21310,56522.21875
27627,2873500,21340,56582.890625
27628,2873500,21370,56580.484375
27629,2873500,21400,56595.703125
27630,2873500,21430,56621.0
27631,2873500,21460,56541.40625
27632,2873500,21490,56595.984375
27633,2873500,21520,56612.59375
27634,2873500,21550,56544.5
27635,2873500,21580,56080.1875
27636,2873500,21610,56605.296875
27637,2873500,21640,56570.0
27638,2873500,21670,56572.203125
27639,2873500,21700,56495.5
27640,2873500,21730,56569.40625
27641,2873500,21760,56546.3125
27642,2873500,21790,56585.984375
27643,2873500,21820,56590.984375
27644,2873500,21850,56081.0
27645,2873500,21880,56641.90625
27646,2873500,21910,56557.90625
27647,2873500,21940,56625.6875
27648,2873500,21970,56540.609375
27649,2873500,22000,56624.3125
27650,2873500,22030,56593.40625
27651,2873500,22060,56561.21875
27652,2873500,22090,56600.015625
27653,2873500,22120,56607.09375
27654,2873500,22150,56596.390625
27655,2873500,22180,56595.28125
27656,2873500,22210,56135.0
27657,2873500,22240,56624.09375
27658,2873500,22270,56623.0
27659,2873500,22300,56586.5
27660,2873500,22330,56556.484375
27661,2873500,22360,56639.890625
27662,2873500,22390,56604.390625
27663,2873500,22420,56618.28125
27664,2873500,22450,56597.109375
27665,2873500,22480,56112.609375
27666,2873500,22510,56551.8125
27667,2873500,22540,56601.5
27668,2873500,22570,56584.296875
27669,2873500,22600,56562.59375
27670,2873500,22630,56637.984375
27671,2873500,22660,56585.609375
27672,2873500,22690,56570.59375
27673,2873500,22720,56614.1875
27674,2873500,22750,56591.71875
27675,2873500,22780,56526.09375
27676,2873500,22810,56582.203125
27677,2873500,22840,56132.90625
27678,2873500,22870,56642.0
27679,2873500,22900,56586.0
27680,2873500,22930,56608.09375
27681,2873500,22960,56608.90625
27682,2873500,22990,56625.6875
27683,2873500,23020,56593.6875
27684,2873500,23050,56620.09375
27685,2873500,23080,56631.703125
27686,2873500,23110,56130.3125
27687,2873500,23140,56637.6875
27688,2873500,23170,56568.984375
27689,2873500,23200,56629.390625
27690,2873500,23230,56650.09375
27691,2873500,23260,56585.6875
27692,2873500,23290,56568.09375
27693,2873500,23320,56587.203125
27694,2873500,23350,56592.59375
27695,2873500,23380,56559.6875
27696,2873500,23410,56114.109375
27697,2873500,23440,56603.609375
27698,2873500,23470,56544.6875
27699,2873500,23500,56629.703125
27700,2873500,23530,56632.703125
27701,2873500,23560,56632.78125
27702,2873500,23590,56620.40625
27703,2873500,23620,56544.6875
27704,2873500,23650,56594.90625
27705,2873500,23680,56666.1875
27706,2873500,23710,56613.40625
27707,2873500,23740,56589.1875
27708,2873500,23770,56587.0
27709,2873500,23800,56193.59375
27710,2873500,23830,56626.890625
27711,2873500,23860,56587.390625
27712,2873500,23890,56631.484375
27713,2873500,23920,56562.609375
27714,2873500,23950,56628.1875
27715,2873500,23980,56627.09375
27716,2873500,24010,56613.890625
27717,2873500,24040,56096.5
27718,2873500,24070,56627.796875
27719,2873500,24100,56580.890625
27720,2873500,24130,56562.1875
27721,2873500,24160,56631.90625
27722,2873500,24190,56574.890625
27723,2873500,24220,56645.484375
27724,2873500,24250,56632.40625
27725,2873500,24280,56651.0
27726,2873500,24310,56655.6875
27727,2873500,24340,56594.5
27728,2873500,24370,56579.890625
27729,2873500,24400,56142.5
27730,2873500,24430,56583.0
27731,2873500,24460,56631.296875
27732,2873500,24490,56583.796875
27733,2873500,24520,56557.40625
27734,2873500,24550,56630.59375
27735,2873500,24580,56661.09375
27736,2873500,24610,56678.703125
27737,2873500,24640,56599.984375
27738,2873500,24670,56125.21875
27739,2873500,24700,56644.71875
27740,2873500,24730,56596.296875
27741,2873500,24760,56576.109375
27742,2873500,24790,56575.203125
27743,2873500,24820,56591.296875
27744,2873500,24850,56619.21875
27745,2873500,24880,56627.6875
27746,2873500,24910,56602.390625
27747,2873500,24940,56616.5
27748,2873500,24970,56591.21875
27749,2873500,25000,56678.09375
27750,2873500,25030,56192.5
27751,2873500,25060,56606.90625
27752,2873500,25090,56618.609375
27753,2873500,25120,56631.5
27754,2873500,25150,56578.8125
27755,2873500,25180,56654.59375
27756,2873500,25210,56566.609375
27757,2873500,25240,56671.703125
27758,2873500,25270,56622.09375
27759,2873500,25300,56642.109375
27760,2873500,25330,56096.609375
27761,2873500,25360,56601.6875
27762,2873500,25390,56622.21875
27763,2873500,25420,56562.71875
27764,2873500,25450,56634.59375
27765,2873500,25480,56546.0
27766,2873500,25510,56653.796875
27767,2873500,25540,56568.515625
27768,2873500,25570,56594.09375
27769,2873500,25600,56135.40625
27770,2873500,25630,56594.609375
27771,2873500,25660,56663.515625
27772,2873500,25690,56641.6875
27773,2873500,25720,56619.796875
27774,2873500,25750,56597.515625
27775,2873500,25780,56606.1875
27776,2873500,25810,56702.5
27777,2873500,25840,56608.609375
27778,2873500,25870,56629.09375
27779,2873500,25900,56625.8125
27780,2873500,25930,56607.296875
27781,2873500,25960,56158.796875
27782,2873500,25990,56626.59375
27783,2873500,26020,56625.5
27784,2873500,26050,56594.609375
27785,2873500,26080,56640.09375
27786,2873500,26110,56547.59375
27787,2873500,26140,56634.40625
27788,2873500,26170,56621.6875
27789,2873500,26200,56616.40625
27790,2873500,26230,56107.296875
27791,2873500,26260,56612.796875
27792,2873500,26290,56638.8125
27793,2873500,26320,56624.59375
27794,2873500,26350,56642.515625
27795,2873500,26380,56626.59375
27796,2873500,26410,56653.09375
27797,2873500,26440,56581.203125
27798,2873500,26470,56618.890625
27799,2873500,26500,56626.59375
27800,2873500,26530,56649.890625
27801,2873500,26560,56644.59375
27802,2873500,26590,56207.890625
27803,2873500,26620,56631.515625
27804,2873500,26650,56606.390625
27805,2873500,26680,56557.8125
27806,2873500,26710,56627.203125
27807,2873500,26740,56631.28125
27808,2873500,26770,56598.8125
27809,2873500,26800,56646.296875
27810,2873500,26830,56587.8125
27811,2873500,26860,56141.796875
27812,2873500,26890,56592.296875
27813,2873500,26920,56632.5
27814,2873500,26950,56607.5
27815,2873500,26980,56616.1875
27816,2873500,27010,56616.59375
27817,2873500,27040,56693.703125
27818,2873500,27070,56609.90625
27819,2873500,27100,56608.109375
27820,2873500,27130,56637.609375
27821,2873500,27160,56663.59375
27822,2873500,27190,56634.984375
27823,2873500,27220,56167.8125
27824,2873500,27250,56613.0
27825,2873500,27280,56642.796875
27826,2873500,27310,56610.609375
27827,2873500,27340,56639.8125
27828,2873500,27370,56605.59375
27829,2873500,27400,56647.90625
27830,2873500,27430,56549.59375
27831,2873500,27460,56647.0
27832,2873500,27490,56217.59375
27833,2873500,27520,56647.984375
27834,2873500,27550,56638.984375
27835,2873500,27580,56597.0
27836,2873500,27610,56668.28125
27837,2873500,27640,56677.90625
27838,2873500,27670,56607.0
27839,2873500,27700,56646.984375
27840,2873500,27730,56598.90625
27841,2873500,27760,56646.40625
27842,2873500,27790,56186.203125
27843,2873500,27820,56628.71875
27844,2873500,27850,56595.3125
27845,2873500,27880,56607.484375
27846,2873500,27910,56612.109375
27847,2873500,27940,56684.0
27848,2873500,27970,56622.390625
27849,2873500,28000,56738.5
27850,2873500,28030,56635.90625
27851,2873500,28060,56590.59375
27852,2873500,28090,56636.59375
27853,2873500,28120,56659.40625
27854,2873500,28150,56189.015625
27855,2873500,28180,56688.90625
27856,2873500,28210,56635.40625
27857,2873500,28240,56626.09375
27858,2873500,28270,56587.109375
27859,2873500,28300,56671.40625
27860,2873500,28330,56570.90625
27861,2873500,28360,56574.109375
27862,2873500,28390,56631.90625
27863,2873500,28420,56182.40625
27864,2873500,28450,56657.703125
27865,2873500,28480,56648.796875
27866,2873500,28510,56610.5
27867,2873500,28540,56623.703125
27868,2873500,28570,56643.0
27869,2873500,28600,56631.59375
27870,2873500,28630,56658.09375
27871,2873500,28660,56636.5
27872,2873500,28690,56646.78125
27873,2873500,28720,56590.296875
27874,2873500,28750,56620.890625
27875,2873500,28780,56641.40625
27876,2873500,28810,56152.515625
27877,2873500,28840,56612.0
27878,2873500,28870,56613.796875
27879,2873500,28900,56589.3125
27880,2873500,28930,56627.796875
27881,2873500,28960,56681.40625
27882,2873500,28990,56597.796875
27883,2873500,29020,56610.0
27884,2873500,29050,56185.890625
27885,2873500,29080,56640.6875
27886,2873500,29110,56623.90625
27887,2873500,29140,56673.609375
27888,2873500,29170,56711.78125
27889,2873500,29200,56614.59375
27890,2873500,29230,56615.09375
27891,2873500,29260,56592.609375
27892,2873500,29290,56615.59375
27893,2873500,29320,56620.703125
27894,2873500,29350,56647.59375
27895,2873500,29380,56622.390625
27896,2873500,29410,56118.8125
27897,2873500,29440,56637.296875
27898,2873500,29470,56625.109375
27899,2873500,29500,56670.1875
27900,2873500,29530,56594.6875
27901,2873500,29560,56681.0
27902,2873500,29590,56582.90625
27903,2873500,29620,56590.484375
27904,2873500,29650,56657.390625
27905,2873500,29680,56157.5
27906,2873500,29710,56595.890625
27907,2873500,29740,56575.28125
27908,2873500,29770,56687.703125
27909,2873500,29800,56657.703125
27910,2873500,29830,56616.8125
27911,2873500,29860,56644.5
27912,2873500,29890,56630.5
27913,2873500,29920,56606.78125
27914,2873500,29950,56658.78125
27915,2873500,29980,56170.90625
27916,2874000,100,13071.125
27917,2874000,130,60045.09375
27918,2874000,160,58815.8125
27919,2874000,190,55452.703125
27920,2874000,220,48566.8125
27921,2874000,250,54576.09375
27922,2874000,280,57805.90625
27923,2874000,310,57120.40625
27924,2874000,340,50839.890625
27925,2874000,370,47748.515625
27926,2874000,400,53716.296875
27927,2874000,430,56302.90625
27928,2874000,460,56574.796875
27929,2874000,490,54366.609375
27930,2874000,520,52586.703125
27931,2874000,550,56060.5
27932,2874000,580,57266.90625
27933,2874000,610,54665.59375
27934,2874000,640,50923.390625
27935,2874000,670,50673.296875
27936,2874000,700,54780.40625
27937,2874000,730,59291.796875
27938,2874000,760,59169.40625
27939,2874000,790,55496.0
27940,2874000,820,51750.90625
27941,2874000,850,52857.203125
27942,2874000,880,55980.09375
27943,2874000,910,57523.21875
27944,2874000,940,55678.890625
27945,2874000,970,52552.59375
27946,2874000,1000,51696.40625
27947,2874000,1030,54385.8125
27948,2874000,1060,57307.015625
27949,2874000,1090,57874.3125
27950,2874000,1120,56489.609375
27951,2874000,1150,55307.28125
27952,2874000,1180,54908.0
27953,2874000,1210,55154.890625
27954,2874000,1240,55236.890625
27955,2874000,1270,54895.90625
27956,2874000,1300,55207.484375
27957,2874000,1330,55677.0
27958,2874000,1360,56332.0
27959,2874000,1390,56423.90625
27960,2874000,1420,55283.796875
27961,2874000,1450,54796.6875
27962,2874000,1480,55695.609375
27963,2874000,1510,56228.5
27964,2874000,1540,56237.5
27965,2874000,1570,55449.703125
27966,2874000,1600,54602.5
27967,2874000,1630,54453.0
27968,2874000,1660,55544.203125
27969,2874000,1690,56334.0
27970,2874000,1720,56641.90625
27971,2874000,1750,56133.71875
27972,2874000,1780,55640.90625
27973,2874000,1810,55173.0
27974,2874000,1840,54747.28125
27975,2874000,1870,55221.21875
27976,2874000,1900,55416.90625
27977,2874000,1930,56409.0
27978,2874000,1960,56519.8125
27979,2874000,1990,55425.203125
27980,2874000,2020,54597.609375
27981,2874000,2050,54890.515625
27982,2874000,2080,55781.59375
27983,2874000,2110,56968.296875
27984,2874000,2140,56657.78125
27985,2874000,2170,55377.703125
27986,2874000,2200,54788.09375
27987,2874000,2230,55286.890625
27988,2874000,2260,56186.703125
27989,2874000,2290,56234.796875
27990,2874000,2320,56140.0
27991,2874000,2350,55008.78125
27992,2874000,2380,54853.5
27993,2874000,2410,55724.0
27994,2874000,2440,56385.3125
27995,2874000,2470,56211.5
27996,2874000,2500,55690.5
27997,2874000,2530,55117.296875
27998,2874000,2560,56099.59375
27999,2874000,2590,56530.015625
28000,2874000,2620,55902.609375
28001,2874000,2650,54941.703125
28002,2874000,2680,54654.609375
28003,2874000,2710,55623.09375
28004,2874000,2740,56787.703125
28005,2874000,2770,56818.390625
28006,2874000,2800,55991.484375
28007,2874000,2830,55110.5
28008,2874000,2860,55361.109375
28009,2874000,2890,55706.3125
28010,2874000,2920,56750.90625
28011,2874000,2950,56012.703125
28012,2874000,2980,54783.90625
28013,2874000,3010,54502.296875
28014,2874000,3040,55403.40625
28015,2874000,3070,56773.40625
28016,2874000,3100,56942.59375
28017,2874000,3130,56185.015625
28018,2874000,3160,55042.40625
28019,2874000,3190,55488.78125
28020,2874000,3220,56003.1875
28021,2874000,3250,56288.5
28022,2874000,3280,55820.40625
28023,2874000,3310,55075.59375
28024,2874000,3340,55344.40625
28025,2874000,3370,56116.390625
28026,2874000,3400,56630.796875
28027,2874000,3430,56507.890625
28028,2874000,3460,55472.6875
28029,2874000,3490,55682.390625
28030,2874000,3520,55803.0
28031,2874000,3550,56195.3125
28032,2874000,3580,56025.28125
28033,2874000,3610,55371.390625
28034,2874000,3640,55196.09375
28035,2874000,3670,55805.203125
28036,2874000,3700,56405.21875
28037,2874000,3730,56730.890625
28038,2874000,3760,56405.890625
28039,2874000,3790,55678.484375
28040,2874000,3820,55170.21875
28041,2874000,3850,55969.703125
28042,2874000,3880,56135.59375
28043,2874000,3910,55976.09375
28044,2874000,3940,55650.90625
28045,2874000,3970,55561.015625
28046,2874000,4000,55836.1875
28047,2874000,4030,56440.09375
28048,2874000,4060,56551.796875
28049,2874000,4090,55828.109375
28050,2874000,4120,55928.609375
28051,2874000,4150,55783.703125
28052,2874000,4180,55815.296875
28053,2874000,4210,55901.3125
28054,2874000,4240,55879.296875
28055,2874000,4270,55961.109375
28056,2874000,4300,55974.890625
28057,2874000,4330,56278.609375
28058,2874000,4360,56354.0
28059,2874000,4390,56171.40625
28060,2874000,4420,56045.390625
28061,2874000,4450,55528.59375
28062,2874000,4480,56080.40625
28063,2874000,4510,56058.5
28064,2874000,4540,55995.3125
28065,2874000,4570,55853.015625
28066,2874000,4600,55989.890625
28067,2874000,4630,56174.78125
28068,2874000,4660,56440.6875
28069,2874000,4690,56480.59375
28070,2874000,4720,55754.1875
28071,2874000,4750,55964.0
28072,2874000,4780,55793.109375
28073,2874000,4810,55851.515625
28074,2874000,4840,56133.09375
28075,2874000,4870,56221.5
28076,2874000,4900,56293.3125
28077,2874000,4930,56171.796875
28078,2874000,4960,56113.609375
28079,2874000,4990,56108.6875
28080,2874000,5020,56178.609375
28081,2874000,5050,56261.40625
28082,2874000,5080,55743.703125
28083,2874000,5110,56099.6875
28084,2874000,5140,56020.28125
28085,2874000,5170,55971.40625
28086,2874000,5200,56100.609375
28087,2874000,5230,56254.78125
28088,2874000,5260,56402.6875
28089,2874000,5290,56379.28125
28090,2874000,5320,56201.796875
28091,2874000,5350,55694.515625
28092,2874000,5380,55948.390625
28093,2874000,5410,55969.8125
28094,2874000,5440,56051.8125
28095,2874000,5470,56269.09375
28096,2874000,5500,56366.59375
28097,2874000,5530,56325.90625
28098,2874000,5560,56224.0
28099,2874000,5590,56056.09375
28100,2874000,5620,56044.71875
28101,2874000,5650,55740.3125
28102,2874000,5680,56377.59375
28103,2874000,5710,56325.890625
28104,2874000,5740,56145.8125
28105,2874000,5770,55882.0
28106,2874000,5800,55964.0
28107,2874000,5830,56344.40625
28108,2874000,5860,56597.484375
28109,2874000,5890,56523.703125
28110,2874000,5920,56241.390625
28111,2874000,5950,56043.015625
28112,2874000,5980,56012.796875
28113,2874000,6010,55772.59375
28114,2874000,6040,56369.203125
28115,2874000,6070,56341.890625
28116,2874000,6100,56286.5
28117,2874000,6130,56225.203125
28118,2874000,6160,56318.609375
28119,2874000,6190,56315.890625
28120,2874000,6220,56273.703125
28121,2874000,6250,56208.09375
28122,2874000,6280,55753.78125
28123,2874000,6310,56323.890625
28124,2874000,6340,56432.59375
28125,2874000,6370,56288.515625
28126,2874000,6400,56106.1875
28127,2874000,6430,56155.890625
28128,2874000,6460,56370.28125
28129,2874000,6490,56576.90625
28130,2874000,6520,56589.109375
28131,2874000,6550,56150.5
28132,2874000,6580,55964.296875
28133,2874000,6610,55979.6875
28134,2874000,6640,55866.390625
28135,2874000,6670,56648.515625
28136,2874000,6700,56550.515625
28137,2874000,6730,56229.109375
28138,2874000,6760,56142.203125
28139,2874000,6790,56108.40625
28140,2874000,6820,56432.09375
28141,2874000,6850,56511.6875
28142,2874000,6880,56357.703125
28143,2874000,6910,55765.1875
28144,2874000,6940,56173.1875
28145,2874000,6970,56305.796875
28146,2874000,7000,56419.21875
28147,2874000,7030,56447.296875
28148,2874000,7060,56337.8125
28149,2874000,7090,56345.5
28150,2874000,7120,56525.796875
28151,2874000,7150,56414.796875
28152,2874000,7180,56313.09375
28153,2874000,7210,56145.390625
28154,2874000,7240,56174.0
28155,2874000,7270,55903.09375
28156,2874000,7300,56580.59375
28157,2874000,7330,56610.390625
28158,2874000,7360,56379.296875
28159,2874000,7390,56202.59375
28160,2874000,7420,56348.1875
28161,2874000,7450,56406.78125
28162,2874000,7480,56460.109375
28163,2874000,7510,56431.515625
28164,2874000,7540,55781.09375
28165,2874000,7570,56188.1875
28166,2874000,7600,56336.890625
28167,2874000,7630,56516.890625
28168,2874000,7660,56546.1875
28169,2874000,7690,56489.609375
28170,2874000,7720,56421.890625
28171,2874000,7750,56317.703125
28172,2874000,7780,56264.40625
28173,2874000,7810,56351.203125
28174,2874000,7840,55941.890625
28175,2874000,7870,56402.40625
28176,2874000,7900,56451.09375
28177,2874000,7930,56450.28125
28178,2874000,7960,56495.6875
28179,2874000,7990,56426.109375
28180,2874000,8020,56468.796875
28181,2874000,8050,56434.3125
28182,2874000,8080,56402.8125
28183,2874000,8110,56396.390625
28184,2874000,8140,56406.09375
28185,2874000,8170,56302.390625
28186,2874000,8200,55976.1875
28187,2874000,8230,56421.21875
28188,2874000,8260,56517.296875
28189,2874000,8290,56552.0
28190,2874000,8320,56520.296875
28191,2874000,8350,56428.109375
28192,2874000,8380,56345.890625
28193,2874000,8410,56324.5
28194,2874000,8440,56332.5
28195,2874000,8470,55996.40625
28196,2874000,8500,56577.390625
28197,2874000,8530,56575.109375
28198,2874000,8560,56494.59375
28199,2874000,8590,56375.71875
28200,2874000,8620,56351.703125
28201,2874000,8650,56479.796875
28202,2874000,8680,56605.390625
28203,2874000,8710,56492.1875
28204,2874000,8740,56407.90625
28205,2874000,8770,56334.40625
28206,2874000,8800,56450.796875
28207,2874000,8830,56083.390625
28208,2874000,8860,56586.59375
28209,2874000,8890,56504.09375
28210,2874000,8920,56421.71875
28211,2874000,8950,56452.109375
28212,2874000,8980,56465.796875
28213,2874000,9010,56522.40625
28214,2874000,9040,56447.8125
28215,2874000,9070,56456.78125
28216,2874000,9100,55990.890625
28217,2874000,9130,56567.703125
28218,2874000,9160,56573.09375
28219,2874000,9190,56581.0
28220,2874000,9220,56464.0
28221,2874000,9250,56345.09375
28222,2874000,9280,56496.5
28223,2874000,9310,56592.203125
28224,2874000,9340,56589.0
28225,2874000,9370,56506.90625
28226,2874000,9400,56448.8125
28227,2874000,9430,56472.5
28228,2874000,9460,56138.3125
28229,2874000,9490,56645.59375
28230,2874000,9520,56573.796875
28231,2874000,9550,56491.0
28232,2874000,9580,56440.21875
28233,2874000,9610,56489.09375
28234,2874000,9640,56546.796875
28235,2874000,9670,56579.203125
28236,2874000,9700,56562.40625
28237,2874000,9730,55990.5
28238,2874000,9760,56480.8125
28239,2874000,9790,56615.8125
28240,2874000,9820,56581.90625
28241,2874000,9850,56595.796875
28242,2874000,9880,56475.796875
28243,2874000,9910,56460.703125
28244,2874000,9940,56529.5
28245,2874000,9970,56672.0
28246,2874000,10000,56606.796875
28247,2874000,10030,56504.203125
28248,2874000,10060,56513.0
28249,2874000,10090,56128.21875
28250,2874000,10120,56630.390625
28251,2874000,10150,56531.6875
28252,2874000,10180,56492.390625
28253,2874000,10210,56441.296875
28254,2874000,10240,56478.703125
28255,2874000,10270,56643.109375
28256,2874000,10300,56605.203125
28257,2874000,10330,56569.515625
28258,2874000,10360,56622.90625
28259,2874000,10390,56041.90625
28260,2874000,10420,56580.5
28261,2874000,10450,56606.3125
28262,2874000,10480,56627.71875
28263,2874000,10510,56599.796875
28264,2874000,10540,56561.109375
28265,2874000,10570,56555.1875
28266,2874000,10600,56581.8125
28267,2874000,10630,56666.609375
28268,2874000,10660,56132.28125
28269,2874000,10690,56607.1875
28270,2874000,10720,56617.40625
28271,2874000,10750,56555.6875
28272,2874000,10780,56619.515625
28273,2874000,10810,56615.59375
28274,2874000,10840,56590.3125
28275,2874000,10870,56570.09375
28276,2874000,10900,56617.09375
28277,2874000,10930,56629.78125
28278,2874000,10960,56596.109375
28279,2874000,10990,56629.3125
28280,2874000,11020,56209.109375
28281,2874000,11050,56565.6875
28282,2874000,11080,56561.59375
28283,2874000,11110,56646.3125
28284,2874000,11140,56581.703125
28285,2874000,11170,56603.390625
28286,2874000,11200,56621.1875
28287,2874000,11230,56591.5
28288,2874000,11260,56593.78125
28289,2874000,11290,56187.015625
28290,2874000,11320,56618.90625
28291,2874000,11350,56635.90625
28292,2874000,11380,56642.09375
28293,2874000,11410,56584.390625
28294,2874000,11440,56634.703125
28295,2874000,11470,56634.015625
28296,2874000,11500,56635.484375
28297,2874000,11530,56612.3125
28298,2874000,11560,56636.59375
28299,2874000,11590,56625.90625
28300,2874000,11620,56605.796875
28301,2874000,11650,56191.0
28302,2874000,11680,56625.109375
28303,2874000,11710,56570.90625
28304,2874000,11740,56639.3125
28305,2874000,11770,56716.90625
28306,2874000,11800,56653.1875
28307,2874000,11830,56680.109375
28308,2874000,11860,56685.390625
28309,2874000,11890,56654.609375
28310,2874000,11920,56157.6875
28311,2874000,11950,56667.71875
28312,2874000,11980,56633.0
28313,2874000,12010,56626.3125
28314,2874000,12040,56604.59375
28315,2874000,12070,56674.40625
28316,2874000,12100,56592.71875
28317,2874000,12130,56648.1875
28318,2874000,12160,56647.0
28319,2874000,12190,56683.8125
28320,2874000,12220,56195.71875
28321,2874000,12250,56700.890625
28322,2874000,12280,56693.90625
28323,2874000,12310,56668.1875
28324,2874000,12340,56690.1875
28325,2874000,12370,56635.71875
28326,2874000,12400,56695.1875
28327,2874000,12430,56660.515625
28328,2874000,12460,56699.890625
28329,2874000,12490,56696.796875
28330,2874000,12520,56687.78125
28331,2874000,12550,56607.703125
28332,2874000,12580,56239.09375
28333,2874000,12610,56685.703125
28334,2874000,12640,56697.90625
28335,2874000,12670,56658.703125
28336,2874000,12700,56698.90625
28337,2874000,12730,56683.90625
28338,2874000,12760,56637.796875
28339,2874000,12790,56752.484375
28340,2874000,12820,56751.8125
28341,2874000,12850,56673.3125
28342,2874000,12880,56722.703125
28343,2874000,12910,56218.09375
28344,2874000,12940,56700.203125
28345,2874000,12970,56710.8125
28346,2874000,13000,56656.984375
28347,2874000,13030,56666.203125
28348,2874000,13060,56647.0
28349,2874000,13090,56712.703125
28350,2874000,13120,56695.5
28351,2874000,13150,56686.296875
28352,2874000,13180,56672.90625
28353,2874000,13210,56231.8125
28354,2874000,13240,56723.296875
28355,2874000,13270,56704.796875
28356,2874000,13300,56715.21875
28357,2874000,13330,56697.296875
28358,2874000,13360,56719.0
28359,2874000,13390,56733.203125
28360,2874000,13420,56716.40625
28361,2874000,13450,56773.515625
28362,2874000,13480,56222.515625
28363,2874000,13510,56696.0
28364,2874000,13540,56719.71875
28365,2874000,13570,56733.484375
28366,2874000,13600,56752.90625
28367,2874000,13630,56716.78125
28368,2874000,13660,56747.40625
28369,2874000,13690,56673.09375
28370,2874000,13720,56689.796875
28371,2874000,13750,56714.109375
28372,2874000,13780,56686.5
28373,2874000,13810,56729.09375
28374,2874000,13840,56270.984375
28375,2874000,13870,56763.109375
28376,2874000,13900,56695.203125
28377,2874000,13930,56745.609375
28378,2874000,13960,56704.40625
28379,2874000,13990,56707.40625
28380,2874000,14020,56776.1875
28381,2874000,14050,56713.203125
28382,2874000,14080,56743.015625
28383,2874000,14110,56311.3125
28384,2874000,14140,56700.90625
28385,2874000,14170,56717.28125
28386,2874000,14200,56757.1875
28387,2874000,14230,56749.40625
28388,2874000,14260,56730.40625
28389,2874000,14290,56668.59375
28390,2874000,14320,56704.109375
28391,2874000,14350,56704.5
28392,2874000,14380,56744.609375
28393,2874000,14410,56717.296875
28394,2874000,14440,56743.5
28395,2874000,14470,56205.390625
28396,2874000,14500,56806.609375
28397,2874000,14530,56724.984375
28398,2874000,14560,56783.1875
28399,2874000,14590,56761.5
28400,2874000,14620,56732.796875
28401,2874000,14650,56692.6875
28402,2874000,14680,56760.78125
28403,2874000,14710,56764.0
28404,2874000,14740,56718.609375
28405,2874000,14770,56769.703125
28406,2874000,14800,56280.109375
28407,2874000,14830,56799.984375
28408,2874000,14860,56776.3125
28409,2874000,14890,56730.0
28410,2874000,14920,56740.109375
28411,2874000,14950,56675.09375
28412,2874000,14980,56751.109375
28413,2874000,15010,56794.6875
28414,2874000,15040,56288.609375
28415,2874000,15070,56735.015625
28416,2874000,15100,56792.5
28417,2874000,15130,56747.296875
28418,2874000,15160,56751.40625
28419,2874000,15190,56723.1875
28420,2874000,15220,56816.796875
28421,2874000,15250,56791.703125
28422,2874000,15280,56781.0
28423,2874000,15310,56807.890625
28424,2874000,15340,56714.6875
28425,2874000,15370,56783.390625
28426,2874000,15400,56315.90625
28427,2874000,15430,56780.0
28428,2874000,15460,56796.3125
28429,2874000,15490,56771.3125
28430,2874000,15520,56788.890625
28431,2874000,15550,56809.796875
28432,2874000,15580,56717.90625
28433,2874000,15610,56754.59375
28434,2874000,15640,56775.90625
28435,2874000,15670,56255.3125
28436,2874000,15700,56799.28125
28437,2874000,15730,56778.6875
28438,2874000,15760,56836.90625
28439,2874000,15790,56801.296875
28440,2874000,15820,56781.90625
28441,2874000,15850,56796.703125
28442,2874000,15880,56785.40625
28443,2874000,15910,56778.3125
28444,2874000,15940,56767.90625
28445,2874000,15970,56827.0
28446,2874000,16000,56820.40625
28447,2874000,16030,56854.0
28448,2874000,16060,56321.28125
28449,2874000,16090,56784.390625
28450,2874000,16120,56767.796875
28451,2874000,16150,56771.90625
28452,2874000,16180,56817.109375
28453,2874000,16210,56790.796875
28454,2874000,16240,56811.484375
28455,2874000,16270,56800.703125
28456,2874000,16300,56362.59375
28457,2874000,16330,56854.40625
28458,2874000,16360,56797.78125
28459,2874000,16390,56843.40625
28460,2874000,16420,56768.609375
28461,2874000,16450,56858.3125
28462,2874000,16480,56806.8125
28463,2874000,16510,56809.890625
28464,2874000,16540,56810.59375
28465,2874000,16570,56807.609375
28466,2874000,16600,56332.8125
28467,2874000,16630,56829.703125
28468,2874000,16660,56851.890625
28469,2874000,16690,56826.296875
28470,2874000,16720,56784.515625
28471,2874000,16750,56819.40625
28472,2874000,16780,56828.796875
28473,2874000,16810,56846.109375
28474,2874000,16840,56818.890625
28475,2874000,16870,56823.8125
28476,2874000,16900,56835.109375
28477,2874000,16930,56793.390625
28478,2874000,16960,56315.609375
28479,2874000,16990,56875.8125
28480,2874000,17020,56820.40625
28481,2874000,17050,56814.109375
28482,2874000,17080,56932.40625
28483,2874000,17110,56792.28125
28484,2874000,17140,56780.59375
28485,2874000,17170,56865.609375
28486,2874000,17200,56848.28125
28487,2874000,17230,56343.109375
28488,2874000,17260,56791.59375
28489,2874000,17290,56843.40625
28490,2874000,17320,56839.09375
28491,2874000,17350,56773.59375
28492,2874000,17380,56872.703125
28493,2874000,17410,56852.40625
28494,2874000,17440,56799.515625
28495,2874000,17470,56842.3125
28496,2874000,17500,56812.3125
28497,2874000,17530,56849.1875
28498,2874000,17560,56773.796875
28499,2874000,17590,56826.6875
28500,2874000,17620,56365.90625
28501,2874000,17650,56824.21875
28502,2874000,17680,56846.40625
28503,2874000,17710,56813.515625
28504,2874000,17740,56841.109375
28505,2874000,17770,56818.015625
28506,2874000,17800,56853.59375
28507,2874000,17830,56883.5
28508,2874000,17860,56357.71875
28509,2874000,17890,56890.8125
28510,2874000,17920,56838.09375
28511,2874000,17950,56879.109375
28512,2874000,17980,56835.0
28513,2874000,18010,56849.3125
28514,2874000,18040,56804.609375
28515,2874000,18070,56795.6875
28516,2874000,18100,56851.40625
28517,2874000,18130,56807.5
28518,2874000,18160,56865.390625
28519,2874000,18190,56860.78125
28520,2874000,18220,56369.109375
28521,2874000,18250,56856.28125
28522,2874000,18280,56879.59375
28523,2874000,18310,56887.40625
28524,2874000,18340,56807.6875
28525,2874000,18370,56847.90625
28526,2874000,18400,56865.90625
28527,2874000,18430,56788.6875
28528,2874000,18460,56815.0
28529,2874000,18490,56375.09375
28530,2874000,18520,56808.8125
28531,2874000,18550,56883.59375
28532,2874000,18580,56784.609375
28533,2874000,18610,56802.109375
28534,2874000,18640,56801.8125
28535,2874000,18670,56840.40625
28536,2874000,18700,56808.09375
28537,2874000,18730,56831.609375
28538,2874000,18760,56893.703125
28539,2874000,18790,56877.1875
28540,2874000,18820,56836.09375
28541,2874000,18850,56370.390625
28542,2874000,18880,56900.390625
28543,2874000,18910,56827.59375
28544,2874000,18940,56860.6875
28545,2874000,18970,56802.90625
28546,2874000,19000,56824.40625
28547,2874000,19030,56894.28125
28548,2874000,19060,56911.3125
28549,2874000,19090,56797.796875
28550,2874000,19120,56853.40625
28551,2874000,19150,56341.8125
28552,2874000,19180,56879.09375
28553,2874000,19210,56857.1875
28554,2874000,19240,56873.90625
28555,2874000,19270,56882.09375
28556,2874000,19300,56890.90625
28557,2874000,19330,56883.90625
28558,2874000,19360,56849.796875
28559,2874000,19390,56882.515625
28560,2874000,19420,56364.109375
28561,2874000,19450,56880.6875
28562,2874000,19480,56811.0
28563,2874000,19510,56810.109375
28564,2874000,19540,56862.109375
28565,2874000,19570,56879.984375
28566,2874000,19600,56878.703125
28567,2874000,19630,56836.515625
28568,2874000,19660,56949.8125
28569,2874000,19690,56885.296875
28570,2874000,19720,56931.8125
28571,2874000,19750,56907.8125
28572,2874000,19780,56411.90625
28573,2874000,19810,56854.796875
28574,2874000,19840,56861.40625
28575,2874000,19870,56835.59375
28576,2874000,19900,56901.78125
28577,2874000,19930,56892.203125
28578,2874000,19960,56925.890625
28579,2874000,19990,56869.703125
28580,2874000,20020,56941.796875
28581,2874000,20050,56405.09375
28582,2874000,20080,56923.40625
28583,2874000,20110,56884.890625
28584,2874000,20140,56811.21875
28585,2874000,20170,56895.390625
28586,2874000,20200,56824.40625
28587,2874000,20230,56887.59375
28588,2874000,20260,56841.59375
28589,2874000,20290,56925.71875
28590,2874000,20320,56804.8125
28591,2874000,20350,56873.09375
28592,2874000,20380,56832.40625
28593,2874000,20410,56363.984375
28594,2874000,20440,56888.296875
28595,2874000,20470,56862.5
28596,2874000,20500,56908.296875
28597,2874000,20530,56869.59375
28598,2874000,20560,56849.109375
28599,2874000,20590,56887.515625
28600,2874000,20620,56892.109375
28601,2874000,20650,56892.09375
28602,2874000,20680,56362.515625
28603,2874000,20710,56870.90625
28604,2874000,20740,56855.484375
28605,2874000,20770,56891.703125
28606,2874000,20800,56912.5
28607,2874000,20830,56899.015625
28608,2874000,20860,56947.5
28609,2874000,20890,56886.6875
28610,2874000,20920,56905.78125
28611,2874000,20950,56887.109375
28612,2874000,20980,56864.09375
28613,2874000,21010,56829.890625
28614,2874000,21040,56876.59375
28615,2874000,21070,56407.3125
28616,2874000,21100,56955.40625
28617,2874000,21130,56912.28125
28618,2874000,21160,56891.59375
28619,2874000,21190,56916.0
28620,2874000,21220,56904.203125
28621,2874000,21250,56911.796875
28622,2874000,21280,56850.5
28623,2874000,21310,56899.40625
28624,2874000,21340,56411.3125
28625,2874000,21370,56877.390625
28626,2874000,21400,56928.109375
28627,2874000,21430,56886.5
28628,2874000,21460,56860.109375
28629,2874000,21490,56931.296875
28630,2874000,21520,56889.484375
28631,2874000,21550,56862.78125
28632,2874000,21580,56971.6875
28633,2874000,21610,56870.71875
28634,2874000,21640,56914.90625
28635,2874000,21670,56401.59375
28636,2874000,21700,56875.28125
28637,2874000,21730,56885.71875
28638,2874000,21760,56908.796875
28639,2874000,21790,56921.296875
28640,2874000,21820,56927.796875
28641,2874000,21850,56956.71875
28642,2874000,21880,56896.28125
28643,2874000,21910,56909.8125
28644,2874000,21940,56904.109375
28645,2874000,21970,56425.1875
28646,2874000,22000,56866.890625
28647,2874000,22030,56879.71875
28648,2874000,22060,56913.6875
28649,2874000,22090,56895.703125
28650,2874000,22120,56936.796875
28651,2874000,22150,56887.5
28652,2874000,22180,56879.984375
28653,2874000,22210,56894.40625
28654,2874000,22240,56446.0
28655,2874000,22270,56950.984375
28656,2874000,22300,56894.6875
28657,2874000,22330,56878.78125
28658,2874000,22360,56905.5
28659,2874000,22390,56927.0
28660,2874000,22420,56858.90625
28661,2874000,22450,56901.8125
28662,2874000,22480,56880.890625
28663,2874000,22510,56910.015625
28664,2874000,22540,56925.0
28665,2874000,22570,56901.203125
28666,2874000,22600,56428.296875
28667,2874000,22630,56910.09375
28668,2874000,22660,56864.203125
28669,2874000,22690,56909.59375
28670,2874000,22720,56904.390625
28671,2874000,22750,56985.203125
28672,2874000,22780,56891.203125
28673,2874000,22810,56894.3125
28674,2874000,22840,56868.09375
28675,2874000,22870,56472.6875
28676,2874000,22900,56902.015625
28677,2874000,22930,56888.78125
28678,2874000,22960,56933.609375
28679,2874000,22990,56885.015625
28680,2874000,23020,56930.609375
28681,2874000,23050,56903.109375
28682,2874000,23080,56917.0
28683,2874000,23110,56911.3125
28684,2874000,23140,56883.8125
28685,2874000,23170,56935.296875
28686,2874000,23200,56888.296875
28687,2874000,23230,56383.1875
28688,2874000,23260,56914.796875
28689,2874000,23290,56918.0
28690,2874000,23320,56915.3125
28691,2874000,23350,56908.0
28692,2874000,23380,56965.59375
28693,2874000,23410,56839.0
28694,2874000,23440,56922.40625
28695,2874000,23470,56894.515625
28696,2874000,23500,56466.90625
28697,2874000,23530,56906.796875
28698,2874000,23560,56901.796875
28699,2874000,23590,56935.8125
28700,2874000,23620,56896.515625
28701,2874000,23650,56949.40625
28702,2874000,23680,56904.8125
28703,2874000,23710,56875.0
28704,2874000,23740,56934.40625
28705,2874000,23770,56890.90625
28706,2874000,23800,56956.90625
28707,2874000,23830,56920.515625
28708,2874000,23860,56449.3125
28709,2874000,23890,56900.28125
28710,2874000,23920,56926.90625
28711,2874000,23950,56938.296875
28712,2874000,23980,56900.984375
28713,2874000,24010,56929.296875
28714,2874000,24040,56979.109375
28715,2874000,24070,56876.6875
28716,2874000,24100,56958.5
28717,2874000,24130,57018.203125
28718,2874000,24160,56445.796875
28719,2874000,24190,56947.0
28720,2874000,24220,56942.703125
28721,2874000,24250,56867.90625
28722,2874000,24280,56948.6875
28723,2874000,24310,56878.3125
28724,2874000,24340,56908.609375
28725,2874000,24370,56913.28125
28726,2874000,24400,56958.703125
28727,2874000,24430,56419.90625
28728,2874000,24460,56932.703125
28729,2874000,24490,56956.984375
28730,2874000,24520,56906.6875
28731,2874000,24550,56950.3125
28732,2874000,24580,56999.59375
28733,2874000,24610,56918.390625
28734,2874000,24640,56915.796875
28735,2874000,24670,56931.40625
28736,2874000,24700,57003.1875
28737,2874000,24730,56972.5
28738,2874000,24760,56911.109375
28739,2874000,24790,56480.71875
28740,2874000,24820,56967.109375
28741,2874000,24850,56917.09375
28742,2874000,24880,56909.71875
28743,2874000,24910,56904.40625
28744,2874000,24940,57026.5
28745,2874000,24970,56922.703125
28746,2874000,25000,56947.6875
28747,2874000,25030,56933.890625
28748,2874000,25060,56425.703125
28749,2874000,25090,56907.40625
28750,2874000,25120,56965.0
28751,2874000,25150,56906.390625
28752,2874000,25180,56927.015625
28753,2874000,25210,56886.109375
28754,2874000,25240,56932.5
28755,2874000,25270,56906.6875
28756,2874000,25300,56961.796875
28757,2874000,25330,56879.78125
28758,2874000,25360,56957.796875
28759,2874000,25390,56913.71875
28760,2874000,25420,56480.109375
28761,2874000,25450,56918.3125
28762,2874000,25480,56903.984375
28763,2874000,25510,56912.015625
28764,2874000,25540,56902.015625
28765,2874000,25570,56985.6875
28766,2874000,25600,56905.390625
28767,2874000,25630,56890.0
28768,2874000,25660,56961.203125
28769,2874000,25690,56482.0
28770,2874000,25720,56928.40625
28771,2874000,25750,56945.40625
28772,2874000,25780,56884.796875
28773,2874000,25810,56974.796875
28774,2874000,25840,56968.1875
28775,2874000,25870,56872.296875
28776,2874000,25900,56948.3125
28777,2874000,25930,56922.28125
28778,2874000,25960,56944.40625
28779,2874000,25990,56418.0
28780,2874000,26020,56897.40625
28781,2874000,26050,56920.609375
28782,2874000,26080,56945.59375
28783,2874000,26110,56944.203125
28784,2874000,26140,56968.5
28785,2874000,26170,56959.703125
28786,2874000,26200,56961.0
28787,2874000,26230,56915.8125
28788,2874000,26260,56812.703125
28789,2874000,26290,56943.3125
28790,2874000,26320,56891.78125
28791,2874000,26350,56486.390625
28792,2874000,26380,56907.296875
28793,2874000,26410,56973.484375
28794,2874000,26440,56966.59375
28795,2874000,26470,56878.1875
28796,2874000,26500,56967.890625
28797,2874000,26530,56945.90625
28798,2874000,26560,56954.90625
28799,2874000,26590,56980.515625
28800,2874000,26620,56459.796875
28801,2874000,26650,56882.90625
28802,2874000,26680,56965.40625
28803,2874000,26710,56952.515625
28804,2874000,26740,56948.59375
28805,2874000,26770,56977.703125
28806,2874000,26800,56940.5
28807,2874000,26830,56958.78125
28808,2874000,26860,57002.203125
28809,2874000,26890,56947.3125
28810,2874000,26920,56968.703125
28811,2874000,26950,56941.5
28812,2874000,26980,56416.8125
28813,2874000,27010,56891.703125
28814,2874000,27040,56905.40625
28815,2874000,27070,56957.203125
28816,2874000,27100,56944.3125
28817,2874000,27130,56897.21875
28818,2874000,27160,56953.8125
28819,2874000,27190,56973.484375
28820,2874000,27220,56975.59375
28821,2874000,27250,56481.609375
28822,2874000,27280,56947.09375
28823,2874000,27310,56966.0
28824,2874000,27340,56938.09375
28825,2874000,27370,56885.09375
28826,2874000,27400,56912.796875
28827,2874000,27430,56977.90625
28828,2874000,27460,56951.6875
28829,2874000,27490,56971.40625
28830,2874000,27520,56986.390625
28831,2874000,27550,56952.90625
28832,2874000,27580,56912.390625
28833,2874000,27610,56492.8125
28834,2874000,27640,56948.40625
28835,2874000,27670,56950.484375
28836,2874000,27700,56984.703125
28837,2874000,27730,56946.09375
28838,2874000,27760,56919.984375
28839,2874000,27790,56940.40625
28840,2874000,27820,56948.8125
28841,2874000,27850,56923.015625
28842,2874000,27880,56504.515625
28843,2874000,27910,56919.296875
28844,2874000,27940,56953.59375
28845,2874000,27970,56927.78125
28846,2874000,28000,56935.59375
28847,2874000,28030,56974.3125
28848,2874000,28060,56912.40625
28849,2874000,28090,56991.59375
28850,2874000,28120,56929.90625
28851,2874000,28150,56957.40625
28852,2874000,28180,56480.09375
28853,2874000,28210,56918.796875
28854,2874000,28240,56921.09375
28855,2874000,28270,56927.484375
28856,2874000,28300,56971.6875
28857,2874000,28330,56978.203125
28858,2874000,28360,56936.09375
28859,2874000,28390,56927.390625
28860,2874000,28420,56938.796875
28861,2874000,28450,56942.8125
28862,2874000,28480,56901.40625
28863,2874000,28510,56941.28125
28864,2874000,28540,56961.296875
28865,2874000,28570,56546.09375
28866,2874000,28600,56897.40625
28867,2874000,28630,56952.59375
28868,2874000,28660,56981.296875
28869,2874000,28690,56939.8125
28870,2874000,28720,56934.40625
28871,2874000,28750,56953.3125
28872,2874000,28780,56959.0
28873,2874000,28810,56462.5
28874,2874000,28840,56932.71875
28875,2874000,28870,56919.5
28876,2874000,28900,57024.90625
28877,2874000,28930,56964.015625
28878,2874000,28960,56902.21875
28879,2874000,28990,56954.203125
28880,2874000,29020,56856.296875
28881,2874000,29050,57000.71875
28882,2874000,29080,56929.6875
28883,2874000,29110,56982.984375
28884,2874000,29140,56958.59375
28885,2874000,29170,56460.796875
28886,2874000,29200,56998.21875
28887,2874000,29230,56959.71875
28888,2874000,29260,56988.09375
28889,2874000,29290,56982.3125
28890,2874000,29320,56940.796875
28891,2874000,29350,56987.6875
28892,2874000,29380,56902.40625
28893,2874000,29410,56984.09375
28894,2874000,29440,56473.109375
28895,2874000,29470,56969.984375
28896,2874000,29500,56963.59375
28897,2874000,29530,56962.015625
28898,2874000,29560,56929.09375
28899,2874000,29590,56922.203125
28900,2874000,29620,56986.90625
28901,2874000,29650,56973.890625
28902,2874000,29680,56996.6875
28903,2874000,29710,56937.0
28904,2874000,29740,56960.015625
28905,2874000,29770,56948.390625
28906,2874000,29800,56990.21875
28907,2874000,29830,56433.1875
28908,2874000,29860,56961.015625
28909,2874000,29890,56989.015625
28910,2874000,29920,56966.203125
28911,2874000,29950,56942.015625
28912,2874000,29980,56929.40625
28913,2874500,100,13152.6875
28914,2874500,130,60572.203125
28915,2874500,160,58535.296875
28916,2874500,190,55343.796875
28917,2874500,220,48451.3125
28918,2874500,250,54774.0
28919,2874500,280,57876.90625
28920,2874500,310,56826.3125
28921,2874500,340,50688.390625
28922,2874500,370,48506.203125
28923,2874500,400,54281.21875
28924,2874500,430,56527.5
28925,2874500,460,56262.8125
28926,2874500,490,53967.59375
28927,2874500,520,52553.40625
28928,2874500,550,56451.90625
28929,2874500,580,57087.703125
28930,2874500,610,54236.3125
28931,2874500,640,50902.5
28932,2874500,670,51914.296875
28933,2874500,700,56508.296875
28934,2874500,730,59682.109375
28935,2874500,760,58513.71875
28936,2874500,790,54532.890625
28937,2874500,820,51179.6875
28938,2874500,850,53338.59375
28939,2874500,880,56544.1875
28940,2874500,910,57298.796875
28941,2874500,940,55045.203125
28942,2874500,970,52420.890625
28943,2874500,1000,52868.203125
28944,2874500,1030,55661.09375
28945,2874500,1060,58097.890625
28946,2874500,1090,57186.796875
28947,2874500,1120,56100.703125
28948,2874500,1150,55113.296875
28949,2874500,1180,54783.21875
28950,2874500,1210,55333.1875
28951,2874500,1240,55281.09375
28952,2874500,1270,55110.09375
28953,2874500,1300,55740.40625
28954,2874500,1330,56527.59375
28955,2874500,1360,56609.71875
28956,2874500,1390,55532.40625
28957,2874500,1420,54847.703125
28958,2874500,1450,55097.984375
28959,2874500,1480,56126.40625
28960,2874500,1510,56452.6875
28961,2874500,1540,56379.390625
28962,2874500,1570,55156.90625
28963,2874500,1600,54587.0
28964,2874500,1630,55519.015625
28965,2874500,1660,55739.8125
28966,2874500,1690,56693.984375
28967,2874500,1720,56568.21875
28968,2874500,1750,55707.59375
28969,2874500,1780,55358.5
28970,2874500,1810,55055.0
28971,2874500,1840,55078.109375
28972,2874500,1870,55856.09375
28973,2874500,1900,56320.59375
28974,2874500,1930,56609.109375
28975,2874500,1960,56261.390625
28976,2874500,1990,55064.1875
28977,2874500,2020,54313.09375
28978,2874500,2050,55559.015625
28979,2874500,2080,56593.296875
28980,2874500,2110,57149.5
28981,2874500,2140,56252.8125
28982,2874500,2170,55071.296875
28983,2874500,2200,54917.59375
28984,2874500,2230,55797.703125
28985,2874500,2260,56661.90625
28986,2874500,2290,56029.5
28987,2874500,2320,55595.203125
28988,2874500,2350,54814.296875
28989,2874500,2380,55419.484375
28990,2874500,2410,56537.78125
28991,2874500,2440,56776.203125
28992,2874500,2470,56176.0
28993,2874500,2500,55657.796875
28994,2874500,2530,55801.5
28995,2874500,2560,56209.90625
28996,2874500,2590,56232.0
28997,2874500,2620,55521.796875
28998,2874500,2650,54414.296875
28999,2874500,2680,55372.8125
29000,2874500,2710,56624.0
29001,2874500,2740,57136.6875
29002,2874500,2770,56369.6875
29003,2874500,2800,55483.90625
29004,2874500,2830,55169.09375
29005,2874500,2860,55780.5
29006,2874500,2890,56638.109375
29007,2874500,2920,56083.984375
29008,2874500,2950,55213.3125
29009,2874500,2980,54868.59375
29010,2874500,3010,55729.78125
29011,2874500,3040,56693.28125
29012,2874500,3070,57172.296875
29013,2874500,3100,56467.515625
29014,2874500,3130,55423.5
29015,2874500,3160,55207.40625
29016,2874500,3190,55794.90625
29017,2874500,3220,56331.1875
29018,2874500,3250,56185.90625
29019,2874500,3280,55159.484375
29020,2874500,3310,55669.09375
29021,2874500,3340,56207.5
29022,2874500,3370,56787.515625
29023,2874500,3400,56784.015625
29024,2874500,3430,55972.1875
29025,2874500,3460,55484.203125
29026,2874500,3490,55685.1875
29027,2874500,3520,56048.1875
29028,2874500,3550,55757.703125
29029,2874500,3580,55818.6875
29030,2874500,3610,55743.390625
29031,2874500,3640,56077.609375
29032,2874500,3670,56648.09375
29033,2874500,3700,56748.796875
29034,2874500,3730,56299.59375
29035,2874500,3760,55597.890625
29036,2874500,3790,55457.015625
29037,2874500,3820,55899.3125
29038,2874500,3850,55804.59375
29039,2874500,3880,56340.515625
29040,2874500,3910,56028.71875
29041,2874500,3940,55919.71875
29042,2874500,3970,56208.59375
29043,2874500,4000,56537.015625
29044,2874500,4030,56606.3125
29045,2874500,4060,56203.203125
29046,2874500,4090,55763.40625
29047,2874500,4120,55712.296875
29048,2874500,4150,55951.390625
29049,2874500,4180,55790.59375
29050,2874500,4210,56329.5
29051,2874500,4240,56320.890625
29052,2874500,4270,56329.8125
29053,2874500,4300,56333.21875
29054,2874500,4330,56358.09375
29055,2874500,4360,56136.203125
29056,2874500,4390,55954.1875
29057,2874500,4420,56017.390625
29058,2874500,4450,56124.3125
29059,2874500,4480,56179.203125
29060,2874500,4510,56233.6875
29061,2874500,4540,55748.40625
29062,2874500,4570,56302.0
29063,2874500,4600,56363.71875
29064,2874500,4630,56501.703125
29065,2874500,4660,56356.5
29066,2874500,4690,56048.5
29067,2874500,4720,55931.390625
29068,2874500,4750,56019.1875
29069,2874500,4780,56218.390625
29070,2874500,4810,56429.890625
29071,2874500,4840,56105.90625
29072,2874500,4870,56395.40625
29073,2874500,4900,56254.015625
29074,2874500,4930,56066.890625
29075,2874500,4960,56141.5
29076,2874500,4990,56258.21875
29077,2874500,5020,56308.0
29078,2874500,5050,56291.59375
29079,2874500,5080,56254.390625
29080,2874500,5110,55782.71875
29081,2874500,5140,56227.515625
29082,2874500,5170,56389.703125
29083,2874500,5200,56508.40625
29084,2874500,5230,56442.3125
29085,2874500,5260,56210.71875
29086,2874500,5290,56154.09375
29087,2874500,5320,56113.40625
29088,2874500,5350,56155.59375
29089,2874500,5380,56367.609375
29090,2874500,5410,56430.40625
29091,2874500,5440,56494.0
29092,2874500,5470,55932.296875
29093,2874500,5500,56343.109375
29094,2874500,5530,56259.484375
29095,2874500,5560,56132.203125
29096,2874500,5590,56197.59375
29097,2874500,5620,56347.40625
29098,2874500,5650,56539.890625
29099,2874500,5680,56487.3125
29100,2874500,5710,56225.5
29101,2874500,5740,56178.890625
29102,2874500,5770,55821.109375
29103,2874500,5800,56529.109375
29104,2874500,5830,56650.09375
29105,2874500,5860,56346.71875
29106,2874500,5890,56155.59375
29107,2874500,5920,56080.78125
29108,2874500,5950,56335.703125
29109,2874500,5980,56613.203125
29110,2874500,6010,56583.21875
29111,2874500,6040,56523.21875
29112,2874500,6070,56308.1875
29113,2874500,6100,55751.1875
29114,2874500,6130,56379.8125
29115,2874500,6160,56451.0
29116,2874500,6190,56376.390625
29117,2874500,6220,56289.015625
29118,2874500,6250,56424.6875
29119,2874500,6280,56492.09375
29120,2874500,6310,56445.109375
29121,2874500,6340,56410.0
29122,2874500,6370,56302.5
29123,2874500,6400,55847.203125
29124,2874500,6430,56550.8125
29125,2874500,6460,56581.984375
29126,2874500,6490,56344.703125
29127,2874500,6520,56182.203125
29128,2874500,6550,56162.3125
29129,2874500,6580,56426.90625
29130,2874500,6610,56732.40625
29131,2874500,6640,56757.796875
29132,2874500,6670,55952.109375
29133,2874500,6700,56132.890625
29134,2874500,6730,56106.6875
29135,2874500,6760,56435.78125
29136,2874500,6790,56616.484375
29137,2874500,6820,56611.703125
29138,2874500,6850,56433.90625
29139,2874500,6880,56315.609375
29140,2874500,6910,56468.09375
29141,2874500,6940,56612.09375
29142,2874500,6970,56639.3125
29143,2874500,7000,56420.296875
29144,2874500,7030,55898.59375
29145,2874500,7060,56378.390625
29146,2874500,7090,56488.78125
29147,2874500,7120,56453.78125
29148,2874500,7150,56410.5
29149,2874500,7180,56433.015625
29150,2874500,7210,56578.6875
29151,2874500,7240,56624.09375
29152,2874500,7270,56621.703125
29153,2874500,7300,55925.6875
29154,2874500,7330,56288.484375
29155,2874500,7360,56311.71875
29156,2874500,7390,56625.109375
29157,2874500,7420,56606.78125
29158,2874500,7450,56661.390625
29159,2874500,7480,56533.109375
29160,2874500,7510,56425.0
29161,2874500,7540,56451.09375
29162,2874500,7570,56559.0
29163,2874500,7600,56637.90625
29164,2874500,7630,56605.390625
29165,2874500,7660,55975.59375
29166,2874500,7690,56376.5
29167,2874500,7720,56431.28125
29168,2874500,7750,56536.3125
29169,2874500,7780,56652.28125
29170,2874500,7810,56687.6875
29171,2874500,7840,56616.015625
29172,2874500,7870,56515.1875
29173,2874500,7900,56494.109375
29174,2874500,7930,55992.3125
29175,2874500,7960,56500.390625
29176,2874500,7990,56602.484375
29177,2874500,8020,56630.609375
29178,2874500,8050,56608.90625
29179,2874500,8080,56595.203125
29180,2874500,8110,56589.609375
29181,2874500,8140,56561.890625
29182,2874500,8170,56531.78125
29183,2874500,8200,56568.59375
29184,2874500,8230,56555.3125
29185,2874500,8260,56529.6875
29186,2874500,8290,56086.90625
29187,2874500,8320,56556.515625
29188,2874500,8350,56559.40625
29189,2874500,8380,56594.609375
29190,2874500,8410,56684.40625
29191,2874500,8440,56672.59375
29192,2874500,8470,56552.40625
29193,2874500,8500,56482.5
29194,2874500,8530,56490.390625
29195,2874500,8560,56545.78125
29196,2874500,8590,56193.5
29197,2874500,8620,56681.3125
29198,2874500,8650,56614.6875
29199,2874500,8680,56547.71875
29200,2874500,8710,56546.40625
29201,2874500,8740,56604.390625
29202,2874500,8770,56650.0
29203,2874500,8800,56690.890625
29204,2874500,8830,56550.109375
29205,2874500,8860,56056.0
29206,2874500,8890,56530.796875
29207,2874500,8920,56642.296875
29208,2874500,8950,56634.203125
29209,2874500,8980,56695.890625
29210,2874500,9010,56568.703125
29211,2874500,9040,56638.3125
29212,2874500,9070,56627.6875
29213,2874500,9100,56659.1875
29214,2874500,9130,56556.78125
29215,2874500,9160,56606.703125
29216,2874500,9190,56565.6875
29217,2874500,9220,56168.71875
29218,2874500,9250,56693.21875
29219,2874500,9280,56753.5
29220,2874500,9310,56666.015625
29221,2874500,9340,56559.3125
29222,2874500,9370,56591.890625
29223,2874500,9400,56732.796875
29224,2874500,9430,56727.78125
29225,2874500,9460,56653.703125
29226,2874500,9490,56526.5
29227,2874500,9520,56582.1875
29228,2874500,9550,56179.796875
29229,2874500,9580,56772.21875
29230,2874500,9610,56706.703125
29231,2874500,9640,56660.09375
29232,2874500,9670,56552.109375
29233,2874500,9700,56637.609375
29234,2874500,9730,56723.109375
29235,2874500,9760,56691.609375
29236,2874500,9790,56618.109375
29237,2874500,9820,56678.78125
29238,2874500,9850,56119.890625
29239,2874500,9880,56675.40625
29240,2874500,9910,56787.796875
29241,2874500,9940,56750.09375
29242,2874500,9970,56667.703125
29243,2874500,10000,56596.609375
29244,2874500,10030,56582.109375
29245,2874500,10060,56793.3125
29246,2874500,10090,56723.890625
29247,2874500,10120,56211.90625
29248,2874500,10150,56722.1875
29249,2874500,10180,56700.203125
29250,2874500,10210,56698.890625
29251,2874500,10240,56726.59375
29252,2874500,10270,56682.6875
29253,2874500,10300,56651.390625
29254,2874500,10330,56690.515625
29255,2874500,10360,56725.890625
29256,2874500,10390,56756.203125
29257,2874500,10420,56780.09375
29258,2874500,10450,56675.59375
29259,2874500,10480,56169.015625
29260,2874500,10510,56701.0
29261,2874500,10540,56787.703125
29262,2874500,10570,56740.296875
29263,2874500,10600,56709.609375
29264,2874500,10630,56683.28125
29265,2874500,10660,56657.59375
29266,2874500,10690,56708.0
29267,2874500,10720,56749.890625
29268,2874500,10750,56807.3125
29269,2874500,10780,56712.3125
29270,2874500,10810,56203.09375
29271,2874500,10840,56741.90625
29272,2874500,10870,56822.0
29273,2874500,10900,56775.21875
29274,2874500,10930,56752.5
29275,2874500,10960,56687.203125
29276,2874500,10990,56782.296875
29277,2874500,11020,56749.40625
29278,2874500,11050,56234.0
29279,2874500,11080,56761.8125
29280,2874500,11110,56734.109375
29281,2874500,11140,56716.890625
29282,2874500,11170,56662.40625
29283,2874500,11200,56746.890625
29284,2874500,11230,56754.59375
29285,2874500,11260,56699.609375
29286,2874500,11290,56723.390625
29287,2874500,11320,56776.6875
29288,2874500,11350,56784.40625
29289,2874500,11380,56809.59375
29290,2874500,11410,56266.40625
29291,2874500,11440,56738.109375
29292,2874500,11470,56711.0
29293,2874500,11500,56793.5
29294,2874500,11530,56757.6875
29295,2874500,11560,56770.796875
29296,2874500,11590,56802.6875
29297,2874500,11620,56785.8125
29298,2874500,11650,56795.796875
29299,2874500,11680,56309.09375
29300,2874500,11710,56777.0
29301,2874500,11740,56785.109375
29302,2874500,11770,56744.203125
29303,2874500,11800,56725.203125
29304,2874500,11830,56780.90625
29305,2874500,11860,56815.203125
29306,2874500,11890,56823.09375
29307,2874500,11920,56830.6875
29308,2874500,11950,56716.28125
29309,2874500,11980,56738.515625
29310,2874500,12010,56724.0
29311,2874500,12040,56267.609375
29312,2874500,12070,56795.703125
29313,2874500,12100,56848.0
29314,2874500,12130,56810.28125
29315,2874500,12160,56764.390625
29316,2874500,12190,56823.984375
29317,2874500,12220,56782.6875
29318,2874500,12250,56734.109375
29319,2874500,12280,56810.90625
29320,2874500,12310,56353.796875
29321,2874500,12340,56821.015625
29322,2874500,12370,56828.59375
29323,2874500,12400,56803.40625
29324,2874500,12430,56801.796875
29325,2874500,12460,56845.390625
29326,2874500,12490,56882.390625
29327,2874500,12520,56833.40625
29328,2874500,12550,56817.796875
29329,2874500,12580,56816.40625
29330,2874500,12610,56805.6875
29331,2874500,12640,56803.203125
29332,2874500,12670,56336.984375
29333,2874500,12700,56873.0
29334,2874500,12730,56841.796875
29335,2874500,12760,56856.0
29336,2874500,12790,56832.203125
29337,2874500,12820,56818.09375
29338,2874500,12850,56885.390625
29339,2874500,12880,56790.09375
29340,2874500,12910,56839.203125
29341,2874500,12940,56789.5
29342,2874500,12970,56829.109375
29343,2874500,13000,56319.1875
29344,2874500,13030,56895.109375
29345,2874500,13060,56859.59375
29346,2874500,13090,56814.0
29347,2874500,13120,56815.1875
29348,2874500,13150,56774.1875
29349,2874500,13180,56809.109375
29350,2874500,13210,56888.0
29351,2874500,13240,56852.203125
29352,2874500,13270,56856.1875
29353,2874500,13300,56450.796875
29354,2874500,13330,56823.90625
29355,2874500,13360,56859.3125
29356,2874500,13390,56876.515625
29357,2874500,13420,56860.296875
29358,2874500,13450,56911.8125
29359,2874500,13480,56902.0
29360,2874500,13510,56838.6875
29361,2874500,13540,56927.5
29362,2874500,13570,56838.09375
29363,2874500,13600,56333.5
29364,2874500,13630,56824.5
29365,2874500,13660,56880.890625
29366,2874500,13690,56844.484375
29367,2874500,13720,56858.296875
29368,2874500,13750,56876.09375
29369,2874500,13780,56857.390625
29370,2874500,13810,56914.40625
29371,2874500,13840,56856.015625
29372,2874500,13870,56400.515625
29373,2874500,13900,56824.984375
29374,2874500,13930,56929.8125
29375,2874500,13960,56844.109375
29376,2874500,13990,56886.109375
29377,2874500,14020,56881.40625
29378,2874500,14050,56860.484375
29379,2874500,14080,56937.296875
29380,2874500,14110,56860.390625
29381,2874500,14140,56872.40625
29382,2874500,14170,56883.796875
29383,2874500,14200,56819.390625
29384,2874500,14230,56395.78125
29385,2874500,14260,56879.8125
29386,2874500,14290,56881.5
29387,2874500,14320,56922.59375
29388,2874500,14350,56877.515625
29389,2874500,14380,56912.59375
29390,2874500,14410,56898.890625
29391,2874500,14440,56903.296875
29392,2874500,14470,56927.90625
29393,2874500,14500,56911.09375
29394,2874500,14530,56395.703125
29395,2874500,14560,56934.5
29396,2874500,14590,56871.703125
29397,2874500,14620,56920.6875
29398,2874500,14650,56924.5
29399,2874500,14680,56906.484375
29400,2874500,14710,56952.015625
29401,2874500,14740,56921.1875
29402,2874500,14770,56850.609375
29403,2874500,14800,56912.890625
29404,2874500,14830,56948.28125
29405,2874500,14860,56453.90625
29406,2874500,14890,56901.3125
29407,2874500,14920,56934.40625
29408,2874500,14950,56918.59375
29409,2874500,14980,56910.6875
29410,2874500,15010,56960.796875
29411,2874500,15040,56877.515625
29412,2874500,15070,56953.40625
29413,2874500,15100,56968.703125
29414,2874500,15130,56884.71875
29415,2874500,15160,56408.015625
29416,2874500,15190,56905.515625
29417,2874500,15220,56892.59375
29418,2874500,15250,56938.203125
29419,2874500,15280,56932.90625
29420,2874500,15310,56924.28125
29421,2874500,15340,56880.40625
29422,2874500,15370,56997.1875
29423,2874500,15400,56944.203125
29424,2874500,15430,56449.5
29425,2874500,15460,56902.8125
29426,2874500,15490,56937.484375
29427,2874500,15520,56912.3125
29428,2874500,15550,56946.09375
29429,2874500,15580,56898.703125
29430,2874500,15610,56872.796875
29431,2874500,15640,57019.296875
29432,2874500,15670,56900.0
29433,2874500,15700,56929.0
29434,2874500,15730,56931.59375
29435,2874500,15760,56928.609375
29436,2874500,15790,56397.5
29437,2874500,15820,56945.90625
29438,2874500,15850,56953.28125
29439,2874500,15880,56959.40625
29440,2874500,15910,56966.390625
29441,2874500,15940,56926.0
29442,2874500,15970,56953.203125
29443,2874500,16000,56957.0
29444,2874500,16030,56978.609375
29445,2874500,16060,56428.6875
29446,2874500,16090,56986.296875
29447,2874500,16120,56898.796875
29448,2874500,16150,56945.390625
29449,2874500,16180,56988.3125
29450,2874500,16210,56913.09375
29451,2874500,16240,56958.390625
29452,2874500,16270,56958.609375
29453,2874500,16300,56975.09375
29454,2874500,16330,56907.3125
29455,2874500,16360,56883.8125
29456,2874500,16390,57001.203125
29457,2874500,16420,56466.203125
29458,2874500,16450,56905.203125
29459,2874500,16480,56978.21875
29460,2874500,16510,56949.890625
29461,2874500,16540,57002.390625
29462,2874500,16570,57002.59375
29463,2874500,16600,56972.59375
29464,2874500,16630,56919.703125
29465,2874500,16660,56965.1875
29466,2874500,16690,56430.40625
29467,2874500,16720,56920.1875
29468,2874500,16750,56921.515625
29469,2874500,16780,56975.796875
29470,2874500,16810,56961.296875
29471,2874500,16840,56917.09375
29472,2874500,16870,56957.984375
29473,2874500,16900,56983.8125
29474,2874500,16930,56916.40625
29475,2874500,16960,56994.1875
29476,2874500,16990,56465.09375
29477,2874500,17020,57011.3125
29478,2874500,17050,56989.3125
29479,2874500,17080,56935.0
29480,2874500,17110,56952.28125
29481,2874500,17140,56913.5
29482,2874500,17170,56949.515625
29483,2874500,17200,56972.203125
29484,2874500,17230,56969.515625
29485,2874500,17260,56989.296875
29486,2874500,17290,56979.40625
29487,2874500,17320,56475.90625
29488,2874500,17350,57002.6875
29489,2874500,17380,56980.40625
29490,2874500,17410,57004.09375
29491,2874500,17440,56974.59375
29492,2874500,17470,56981.59375
29493,2874500,17500,56971.09375
29494,2874500,17530,56988.515625
29495,2874500,17560,57006.09375
29496,2874500,17590,56993.0
29497,2874500,17620,57017.015625
29498,2874500,17650,56958.703125
29499,2874500,17680,56506.484375
29500,2874500,17710,56979.390625
29501,2874500,17740,56955.203125
29502,2874500,17770,56959.484375
29503,2874500,17800,56954.890625
29504,2874500,17830,56972.5
29505,2874500,17860,56969.109375
29506,2874500,17890,57031.203125
29507,2874500,17920,56955.0
29508,2874500,17950,57001.109375
29509,2874500,17980,56477.015625
29510,2874500,18010,56959.40625
29511,2874500,18040,57025.796875
29512,2874500,18070,57028.3125
29513,2874500,18100,57048.296875
29514,2874500,18130,56968.796875
29515,2874500,18160,56934.796875
29516,2874500,18190,56984.90625
29517,2874500,18220,56954.59375
29518,2874500,18250,56959.0
29519,2874500,18280,57011.40625
29520,2874500,18310,56553.59375
29521,2874500,18340,57007.390625
29522,2874500,18370,57031.390625
29523,2874500,18400,57021.09375
29524,2874500,18430,56961.09375
29525,2874500,18460,56986.40625
29526,2874500,18490,57028.109375
29527,2874500,18520,56996.703125
29528,2874500,18550,57009.40625
29529,2874500,18580,57021.78125
29530,2874500,18610,56532.0
29531,2874500,18640,56998.390625
29532,2874500,18670,56974.0
29533,2874500,18700,56993.984375
29534,2874500,18730,57032.40625
29535,2874500,18760,56984.515625
29536,2874500,18790,57036.203125
29537,2874500,18820,57003.40625
29538,2874500,18850,57011.296875
29539,2874500,18880,56504.296875
29540,2874500,18910,56976.015625
29541,2874500,18940,56997.6875
29542,2874500,18970,57062.0
29543,2874500,19000,57019.40625
29544,2874500,19030,57001.0
29545,2874500,19060,57045.109375
29546,2874500,19090,56948.484375
29547,2874500,19120,56999.40625
29548,2874500,19150,57050.984375
29549,2874500,19180,57019.09375
29550,2874500,19210,57069.40625
29551,2874500,19240,57071.796875
29552,2874500,19270,56547.40625
29553,2874500,19300,57016.703125
29554,2874500,19330,56994.5
29555,2874500,19360,57043.90625
29556,2874500,19390,57016.296875
29557,2874500,19420,57014.296875
29558,2874500,19450,57046.59375
29559,2874500,19480,57060.609375
29560,2874500,19510,57003.609375
29561,2874500,19540,56513.796875
29562,2874500,19570,57053.515625
29563,2874500,19600,57048.890625
29564,2874500,19630,57042.40625
29565,2874500,19660,57047.203125
29566,2874500,19690,57051.8125
29567,2874500,19720,56997.484375
29568,2874500,19750,56987.40625
29569,2874500,19780,57089.0
29570,2874500,19810,56614.5
29571,2874500,19840,57037.6875
29572,2874500,19870,56999.40625
29573,2874500,19900,57043.484375
29574,2874500,19930,57014.40625
29575,2874500,19960,57034.609375
29576,2874500,19990,56988.203125
29577,2874500,20020,57052.609375
29578,2874500,20050,57032.28125
29579,2874500,20080,56985.90625
29580,2874500,20110,57003.0
29581,2874500,20140,57057.890625
29582,2874500,20170,56542.296875
29583,2874500,20200,57018.71875
29584,2874500,20230,57011.796875
29585,2874500,20260,57027.296875
29586,2874500,20290,57052.296875
29587,2874500,20320,57061.703125
29588,2874500,20350,57064.703125
29589,2874500,20380,57071.28125
29590,2874500,20410,57083.390625
29591,2874500,20440,56556.484375
29592,2874500,20470,57037.09375
29593,2874500,20500,57006.6875
29594,2874500,20530,57022.09375
29595,2874500,20560,57030.890625
29596,2874500,20590,57002.90625
29597,2874500,20620,56988.609375
29598,2874500,20650,57018.0
29599,2874500,20680,57048.609375
29600,2874500,20710,57028.21875
29601,2874500,20740,57047.1875
29602,2874500,20770,57046.3125
29603,2874500,20800,56520.015625
29604,2874500,20830,57056.59375
29605,2874500,20860,57058.78125
29606,2874500,20890,57038.296875
29607,2874500,20920,57039.390625
29608,2874500,20950,57019.6875
29609,2874500,20980,57046.203125
29610,2874500,21010,56996.1875
29611,2874500,21040,57052.3125
29612,2874500,21070,56593.09375
29613,2874500,21100,57090.5
29614,2874500,21130,57018.6875
29615,2874500,21160,57066.390625
29616,2874500,21190,56996.0
29617,2874500,21220,57078.296875
29618,2874500,21250,57049.703125
29619,2874500,21280,57046.40625
29620,2874500,21310,57085.796875
29621,2874500,21340,57093.515625
29622,2874500,21370,57085.21875
29623,2874500,21400,57052.6875
29624,2874500,21430,56668.296875
29625,2874500,21460,57066.6875
29626,2874500,21490,57140.390625
29627,2874500,21520,57010.5
29628,2874500,21550,57120.796875
29629,2874500,21580,57058.21875
29630,2874500,21610,57045.5
29631,2874500,21640,57029.703125
29632,2874500,21670,57044.484375
29633,2874500,21700,56576.6875
29634,2874500,21730,57019.8125
29635,2874500,21760,57056.796875
29636,2874500,21790,57086.609375
29637,2874500,21820,57067.609375
29638,2874500,21850,57029.8125
29639,2874500,21880,57079.71875
29640,2874500,21910,57067.390625
29641,2874500,21940,57042.390625
29642,2874500,21970,57048.296875
29643,2874500,22000,57037.5
29644,2874500,22030,57045.203125
29645,2874500,22060,56519.1875
29646,2874500,22090,57069.609375
29647,2874500,22120,57065.703125
29648,2874500,22150,57027.71875
29649,2874500,22180,57046.609375
29650,2874500,22210,57123.40625
29651,2874500,22240,57035.5
29652,2874500,22270,57071.015625
29653,2874500,22300,57010.109375
29654,2874500,22330,57012.5
29655,2874500,22360,56557.890625
29656,2874500,22390,57052.015625
29657,2874500,22420,57061.6875
29658,2874500,22450,57020.90625
29659,2874500,22480,57067.296875
29660,2874500,22510,57110.390625
29661,2874500,22540,57038.3125
29662,2874500,22570,57027.515625
29663,2874500,22600,57040.609375
29664,2874500,22630,56559.0
29665,2874500,22660,57070.40625
29666,2874500,22690,57055.109375
29667,2874500,22720,57131.09375
29668,2874500,22750,57134.8125
29669,2874500,22780,57071.109375
29670,2874500,22810,57133.015625
29671,2874500,22840,57027.484375
29672,2874500,22870,57001.09375
29673,2874500,22900,57074.1875
29674,2874500,22930,56998.09375
29675,2874500,22960,57057.59375
29676,2874500,22990,56609.109375
29677,2874500,23020,57058.015625
29678,2874500,23050,57052.90625
29679,2874500,23080,57078.0
29680,2874500,23110,57053.6875
29681,2874500,23140,57073.59375
29682,2874500,23170,57085.0
29683,2874500,23200,57078.59375
29684,2874500,23230,57069.1875
29685,2874500,23260,57017.984375
29686,2874500,23290,57067.703125
29687,2874500,23320,56552.3125
29688,2874500,23350,57061.59375
29689,2874500,23380,57075.1875
29690,2874500,23410,57086.09375
29691,2874500,23440,57107.3125
29692,2874500,23470,57109.28125
29693,2874500,23500,57142.609375
29694,2874500,23530,57134.59375
29695,2874500,23560,57104.5
29696,2874500,23590,57070.3125
29697,2874500,23620,56622.09375
29698,2874500,23650,57148.40625
29699,2874500,23680,57078.015625
29700,2874500,23710,57084.21875
29701,2874500,23740,57049.3125
29702,2874500,23770,57056.3125
29703,2874500,23800,57048.6875
29704,2874500,23830,57079.59375
29705,2874500,23860,57134.90625
29706,2874500,23890,56605.0
29707,2874500,23920,57034.203125
29708,2874500,23950,57125.59375
29709,2874500,23980,57122.71875
29710,2874500,24010,57155.109375
29711,2874500,24040,57122.71875
29712,2874500,24070,57077.1875
29713,2874500,24100,57057.703125
29714,2874500,24130,57096.703125
29715,2874500,24160,57125.703125
29716,2874500,24190,56641.203125
29717,2874500,24220,57071.3125
29718,2874500,24250,57117.21875
29719,2874500,24280,57060.203125
29720,2874500,24310,57086.109375
29721,2874500,24340,57041.59375
29722,2874500,24370,57025.109375
29723,2874500,24400,57047.6875
29724,2874500,24430,57082.203125
29725,2874500,24460,57055.1875
29726,2874500,24490,57117.796875
29727,2874500,24520,57079.09375
29728,2874500,24550,56584.0
29729,2874500,24580,57098.3125
29730,2874500,24610,57103.609375
29731,2874500,24640,57086.703125
29732,2874500,24670,57090.71875
29733,2874500,24700,57078.984375
29734,2874500,24730,57083.703125
29735,2874500,24760,57188.1875
29736,2874500,24790,57045.203125
29737,2874500,24820,56582.59375
29738,2874500,24850,57095.6875
29739,2874500,24880,57099.390625
29740,2874500,24910,57052.3125
29741,2874500,24940,57089.90625
29742,2874500,24970,57094.203125
29743,2874500,25000,57119.6875
29744,2874500,25030,57073.09375
29745,2874500,25060,57120.390625
29746,2874500,25090,57032.890625
29747,2874500,25120,57102.5
29748,2874500,25150,57135.609375
29749,2874500,25180,56572.59375
29750,2874500,25210,57082.5
29751,2874500,25240,57105.296875
29752,2874500,25270,57109.015625
29753,2874500,25300,57109.890625
29754,2874500,25330,57056.984375
29755,2874500,25360,57087.90625
29756,2874500,25390,57082.71875
29757,2874500,25420,57106.1875
29758,2874500,25450,56657.203125
29759,2874500,25480,57042.203125
29760,2874500,25510,57117.90625
29761,2874500,25540,57076.1875
29762,2874500,25570,57091.6875
29763,2874500,25600,57060.1875
29764,2874500,25630,57132.3125
29765,2874500,25660,57090.796875
29766,2874500,25690,57074.3125
29767,2874500,25720,57137.6875
29768,2874500,25750,57108.8125
29769,2874500,25780,57094.0
29770,2874500,25810,56582.3125
29771,2874500,25840,57109.5
29772,2874500,25870,57079.203125
29773,2874500,25900,57089.5
29774,2874500,25930,57103.59375
29775,2874500,25960,57131.40625
29776,2874500,25990,57061.5
29777,2874500,26020,57131.1875
29778,2874500,26050,57055.109375
29779,2874500,26080,56580.40625
29780,2874500,26110,57096.0
29781,2874500,26140,57079.8125
29782,2874500,26170,57091.203125
29783,2874500,26200,57144.984375
29784,2874500,26230,57093.59375
29785,2874500,26260,57124.796875
29786,2874500,26290,57078.40625
29787,2874500,26320,57075.21875
29788,2874500,26350,57067.09375
29789,2874500,26380,57159.90625
29790,2874500,26410,57110.703125
29791,2874500,26440,56666.1875
29792,2874500,26470,57063.390625
29793,2874500,26500,57110.09375
29794,2874500,26530,57097.1875
29795,2874500,26560,57089.6875
29796,2874500,26590,57105.390625
29797,2874500,26620,57124.90625
29798,2874500,26650,57136.703125
29799,2874500,26680,57065.296875
29800,2874500,26710,57063.984375
29801,2874500,26740,57178.109375
29802,2874500,26770,56576.390625
29803,2874500,26800,57082.8125
29804,2874500,26830,57122.609375
29805,2874500,26860,57124.890625
29806,2874500,26890,57106.8125
29807,2874500,26920,57150.0
29808,2874500,26950,57054.28125
29809,2874500,26980,57144.796875
29810,2874500,27010,57042.484375
29811,2874500,27040,57115.09375
29812,2874500,27070,56625.3125
29813,2874500,27100,57041.90625
29814,2874500,27130,57118.6875
29815,2874500,27160,57055.484375
29816,2874500,27190,57085.21875
29817,2874500,27220,57108.5
29818,2874500,27250,57109.21875
29819,2874500,27280,57113.609375
29820,2874500,27310,57122.796875
29821,2874500,27340,57114.1875
29822,2874500,27370,56642.59375
29823,2874500,27400,57064.3125
29824,2874500,27430,57124.28125
29825,2874500,27460,57108.0
29826,2874500,27490,57086.3125
29827,2874500,27520,57085.8125
29828,2874500,27550,57127.0
29829,2874500,27580,57110.5
29830,2874500,27610,57100.09375
29831,2874500,27640,56634.1875
29832,2874500,27670,57109.6875
29833,2874500,27700,57098.90625
29834,2874500,27730,57071.703125
29835,2874500,27760,57107.796875
29836,2874500,27790,57115.0
29837,2874500,27820,57077.28125
29838,2874500,27850,57142.296875
29839,2874500,27880,57157.09375
29840,2874500,27910,57031.390625
29841,2874500,27940,57136.984375
29842,2874500,27970,57098.5
29843,2874500,28000,57112.90625
29844,2874500,28030,56635.515625
29845,2874500,28060,57121.28125
29846,2874500,28090,57122.8125
29847,2874500,28120,57114.484375
29848,2874500,28150,57073.40625
29849,2874500,28180,57076.0
29850,2874500,28210,57133.296875
29851,2874500,28240,57130.515625
29852,2874500,28270,57118.1875
29853,2874500,28300,56575.90625
29854,2874500,28330,57178.109375
29855,2874500,28360,57084.90625
29856,2874500,28390,57132.796875
29857,2874500,28420,57108.8125
29858,2874500,28450,57098.40625
29859,2874500,28480,57120.3125
29860,2874500,28510,57101.1875
29861,2874500,28540,57077.796875
29862,2874500,28570,56607.59375
29863,2874500,28600,57098.015625
29864,2874500,28630,57120.984375
29865,2874500,28660,57100.203125
29866,2874500,28690,57124.40625
29867,2874500,28720,57136.90625
29868,2874500,28750,57104.703125
29869,2874500,28780,57130.390625
29870,2874500,28810,57140.703125
29871,2874500,28840,57090.90625
29872,2874500,28870,57127.484375
29873,2874500,28900,57129.703125
29874,2874500,28930,56641.28125
29875,2874500,28960,57098.296875
29876,2874500,28990,57088.515625
29877,2874500,29020,57150.0
29878,2874500,29050,57118.09375
29879,2874500,29080,57141.484375
29880,2874500,29110,57126.296875
29881,2874500,29140,57113.90625
29882,2874500,29170,57064.78125
29883,2874500,29200,56620.109375
29884,2874500,29230,57076.8125
29885,2874500,29260,57134.59375
29886,2874500,29290,57058.109375
29887,2874500,29320,57088.59375
29888,2874500,29350,57138.109375
29889,2874500,29380,57098.6875
29890,2874500,29410,57066.5
29891,2874500,29440,57143.203125
29892,2874500,29470,57114.015625
29893,2874500,29500,57118.3125
29894,2874500,29530,57093.8125
29895,2874500,29560,56669.0
29896,2874500,29590,57065.015625
29897,2874500,29620,57119.6875
29898,2874500,29650,57108.796875
29899,2874500,29680,57123.703125
29900,2874500,29710,57092.8125
29901,2874500,29740,57088.515625
29902,2874500,29770,57093.203125
29903,2874500,29800,57055.5
29904,2874500,29830,56610.09375
29905,2874500,29860,57118.09375
29906,2874500,29890,57121.59375
29907,2874500,29920,57123.09375
29908,2874500,29950,57108.796875
29909,2874500,29980,57127.90625
29910,2875000,100,12820.90625
29911,2875000,130,60846.3125
29912,2875000,160,59108.890625
29913,2875000,190,55129.0
29914,2875000,220,48317.40625
29915,2875000,250,54851.09375
29916,2875000,280,57968.890625
29917,2875000,310,56393.59375
29918,2875000,340,49528.609375
29919,2875000,370,49015.390625
29920,2875000,400,54682.6875
29921,2875000,430,56711.40625
29922,2875000,460,56744.296875
29923,2875000,490,53365.6875
29924,2875000,520,52356.515625
29925,2875000,550,56536.8125
29926,2875000,580,56816.71875
29927,2875000,610,53731.609375
29928,2875000,640,50887.5
29929,2875000,670,53126.515625
29930,2875000,700,57024.40625
29931,2875000,730,59868.09375
29932,2875000,760,58501.796875
29933,2875000,790,53220.09375
29934,2875000,820,50696.90625
29935,2875000,850,53891.390625
29936,2875000,880,56853.0
29937,2875000,910,56937.90625
29938,2875000,940,54533.40625
29939,2875000,970,52038.3125
29940,2875000,1000,53631.703125
29941,2875000,1030,56866.40625
29942,2875000,1060,58489.390625
29943,2875000,1090,57208.21875
29944,2875000,1120,55480.28125
29945,2875000,1150,54593.59375
29946,2875000,1180,54649.1875
29947,2875000,1210,55373.1875
29948,2875000,1240,55293.8125
29949,2875000,1270,55330.28125
29950,2875000,1300,56187.8125
29951,2875000,1330,56049.609375
29952,2875000,1360,56584.390625
29953,2875000,1390,55437.890625
29954,2875000,1420,54595.984375
29955,2875000,1450,55653.984375
29956,2875000,1480,56386.296875
29957,2875000,1510,56542.203125
29958,2875000,1540,56081.5
29959,2875000,1570,54785.40625
29960,2875000,1600,54447.609375
29961,2875000,1630,56012.609375
29962,2875000,1660,56512.1875
29963,2875000,1690,56633.3125
29964,2875000,1720,56002.09375
29965,2875000,1750,55262.90625
29966,2875000,1780,55215.203125
29967,2875000,1810,55225.5
29968,2875000,1840,55548.484375
29969,2875000,1870,56272.703125
29970,2875000,1900,56447.40625
29971,2875000,1930,56363.28125
29972,2875000,1960,55193.40625
29973,2875000,1990,54808.09375
29974,2875000,2020,55101.515625
29975,2875000,2050,56303.3125
29976,2875000,2080,57062.5
29977,2875000,2110,56701.59375
29978,2875000,2140,55489.90625
29979,2875000,2170,54771.09375
29980,2875000,2200,55210.984375
29981,2875000,2230,56368.3125
29982,2875000,2260,56746.5
29983,2875000,2290,55394.90625
29984,2875000,2320,55034.703125
29985,2875000,2350,55219.390625
29986,2875000,2380,56269.78125
29987,2875000,2410,56937.609375
29988,2875000,2440,56584.90625
29989,2875000,2470,55717.0
29990,2875000,2500,55389.5
29991,2875000,2530,55417.90625
29992,2875000,2560,56222.1875
29993,2875000,2590,55937.59375
29994,2875000,2620,55347.203125
29995,2875000,2650,55493.296875
29996,2875000,2680,56253.296875
29997,2875000,2710,57084.8125
29998,2875000,2740,56631.0
29999,2875000,2770,55530.390625
30000,2875000,2800,54962.515625
30001,2875000,2830,55403.3125
30002,2875000,2860,56484.6875
30003,2875000,2890,56212.8125
30004,2875000,2920,55906.90625
30005,2875000,2950,55149.515625
30006,2875000,2980,55662.484375
30007,2875000,3010,56563.484375
30008,2875000,3040,57021.296875
30009,2875000,3070,56501.703125
30010,2875000,3100,55369.8125
30011,2875000,3130,54881.1875
30012,2875000,3160,54824.5
30013,2875000,3190,56479.609375
30014,2875000,3220,56634.109375
30015,2875000,3250,56083.890625
30016,2875000,3280,55833.40625
30017,2875000,3310,56136.5
30018,2875000,3340,56541.890625
30019,2875000,3370,56590.203125
30020,2875000,3400,56003.5
30021,2875000,3430,55316.8125
30022,2875000,3460,55540.203125
30023,2875000,3490,56072.5
30024,2875000,3520,56450.109375
30025,2875000,3550,55802.59375
30026,2875000,3580,56047.984375
30027,2875000,3610,56092.0
30028,2875000,3640,56388.09375
30029,2875000,3670,56501.09375
30030,2875000,3700,56007.203125
30031,2875000,3730,55354.015625
30032,2875000,3760,55362.3125
30033,2875000,3790,55554.5
30034,2875000,3820,56535.109375
30035,2875000,3850,56619.90625
30036,2875000,3880,56277.6875
30037,2875000,3910,55923.796875
30038,2875000,3940,56075.796875
30039,2875000,3970,56419.1875
30040,2875000,4000,56332.8125
30041,2875000,4030,56004.296875
30042,2875000,4060,55689.3125
30043,2875000,4090,55818.109375
30044,2875000,4120,56143.0
30045,2875000,4150,56050.390625
30046,2875000,4180,56550.890625
30047,2875000,4210,56348.703125
30048,2875000,4240,56165.890625
30049,2875000,4270,56040.890625
30050,2875000,4300,56085.5
30051,2875000,4330,56064.703125
30052,2875000,4360,56057.890625
30053,2875000,4390,56165.203125
30054,2875000,4420,56372.8125
30055,2875000,4450,55964.796875
30056,2875000,4480,56385.484375
30057,2875000,4510,56170.8125
30058,2875000,4540,56156.90625
30059,2875000,4570,56292.5
30060,2875000,4600,56273.109375
30061,2875000,4630,56194.5
30062,2875000,4660,56073.703125
30063,2875000,4690,56124.40625
30064,2875000,4720,55765.90625
30065,2875000,4750,56495.21875
30066,2875000,4780,56608.609375
30067,2875000,4810,56464.71875
30068,2875000,4840,56277.3125
30069,2875000,4870,55988.40625
30070,2875000,4900,55994.390625
30071,2875000,4930,56199.984375
30072,2875000,4960,56368.015625
30073,2875000,4990,56428.390625
30074,2875000,5020,56414.109375
30075,2875000,5050,56241.0
30076,2875000,5080,55784.5
30077,2875000,5110,56291.40625
30078,2875000,5140,56340.296875
30079,2875000,5170,56281.796875
30080,2875000,5200,56244.296875
30081,2875000,5230,56187.6875
30082,2875000,5260,56256.703125
30083,2875000,5290,56291.890625
30084,2875000,5320,56416.0
30085,2875000,5350,55984.09375
30086,2875000,5380,56403.890625
30087,2875000,5410,56329.515625
30088,2875000,5440,56235.390625
30089,2875000,5470,56159.8125
30090,2875000,5500,56166.3125
30091,2875000,5530,56249.109375
30092,2875000,5560,56401.296875
30093,2875000,5590,56602.90625
30094,2875000,5620,56536.484375
30095,2875000,5650,56293.71875
30096,2875000,5680,56176.28125
30097,2875000,5710,55677.203125
30098,2875000,5740,56352.6875
30099,2875000,5770,56553.796875
30100,2875000,5800,56513.484375
30101,2875000,5830,56307.515625
30102,2875000,5860,56185.8125
30103,2875000,5890,56313.0
30104,2875000,5920,56551.09375
30105,2875000,5950,56682.390625
30106,2875000,5980,56017.0
30107,2875000,6010,56167.09375
30108,2875000,6040,56042.59375
30109,2875000,6070,56193.59375
30110,2875000,6100,56505.296875
30111,2875000,6130,56614.609375
30112,2875000,6160,56510.21875
30113,2875000,6190,56402.3125
30114,2875000,6220,56454.5
30115,2875000,6250,56477.71875
30116,2875000,6280,55931.59375
30117,2875000,6310,56290.21875
30118,2875000,6340,56286.5
30119,2875000,6370,56397.5
30120,2875000,6400,56519.3125
30121,2875000,6430,56558.1875
30122,2875000,6460,56379.59375
30123,2875000,6490,56320.109375
30124,2875000,6520,56421.21875
30125,2875000,6550,56659.90625
30126,2875000,6580,56628.296875
30127,2875000,6610,55966.71875
30128,2875000,6640,56200.890625
30129,2875000,6670,56224.296875
30130,2875000,6700,56436.109375
30131,2875000,6730,56747.796875
30132,2875000,6760,56789.203125
30133,2875000,6790,56435.390625
30134,2875000,6820,56289.59375
30135,2875000,6850,56310.109375
30136,2875000,6880,56438.203125
30137,2875000,6910,56556.890625
30138,2875000,6940,56529.609375
30139,2875000,6970,55887.90625
30140,2875000,7000,56410.109375
30141,2875000,7030,56541.890625
30142,2875000,7060,56594.1875
30143,2875000,7090,56526.5
30144,2875000,7120,56483.515625
30145,2875000,7150,56487.703125
30146,2875000,7180,56436.21875
30147,2875000,7210,56527.28125
30148,2875000,7240,56460.8125
30149,2875000,7270,56443.8125
30150,2875000,7300,55991.90625
30151,2875000,7330,56640.1875
30152,2875000,7360,56691.09375
30153,2875000,7390,56634.109375
30154,2875000,7420,56423.90625
30155,2875000,7450,56305.21875
30156,2875000,7480,56323.796875
30157,2875000,7510,56526.109375
30158,2875000,7540,56209.1875
30159,2875000,7570,56630.59375
30160,2875000,7600,56584.515625
30161,2875000,7630,56517.8125
30162,2875000,7660,56515.0
30163,2875000,7690,56640.5
30164,2875000,7720,56586.59375
30165,2875000,7750,56510.6875
30166,2875000,7780,56428.109375
30167,2875000,7810,56444.796875
30168,2875000,7840,56513.390625
30169,2875000,7870,56607.40625
30170,2875000,7900,56120.296875
30171,2875000,7930,56656.8125
30172,2875000,7960,56705.5
30173,2875000,7990,56530.59375
30174,2875000,8020,56446.296875
30175,2875000,8050,56491.109375
30176,2875000,8080,56514.09375
30177,2875000,8110,56582.78125
30178,2875000,8140,56611.71875
30179,2875000,8170,56659.8125
30180,2875000,8200,56544.5
30181,2875000,8230,56061.0
30182,2875000,8260,56643.5
30183,2875000,8290,56616.3125
30184,2875000,8320,56544.6875
30185,2875000,8350,56639.203125
30186,2875000,8380,56557.515625
30187,2875000,8410,56571.203125
30188,2875000,8440,56581.3125
30189,2875000,8470,56049.5
30190,2875000,8500,56594.703125
30191,2875000,8530,56666.296875
30192,2875000,8560,56701.890625
30193,2875000,8590,56628.28125
30194,2875000,8620,56512.21875
30195,2875000,8650,56522.0
30196,2875000,8680,56621.0
30197,2875000,8710,56710.609375
30198,2875000,8740,56741.890625
30199,2875000,8770,56617.296875
30200,2875000,8800,56538.59375
30201,2875000,8830,56135.1875
30202,2875000,8860,56685.0
30203,2875000,8890,56724.1875
30204,2875000,8920,56604.90625
30205,2875000,8950,56553.609375
30206,2875000,8980,56563.09375
30207,2875000,9010,56591.296875
30208,2875000,9040,56726.6875
30209,2875000,9070,56663.5
30210,2875000,9100,56141.90625
30211,2875000,9130,56597.3125
30212,2875000,9160,56644.40625
30213,2875000,9190,56663.703125
30214,2875000,9220,56644.8125
30215,2875000,9250,56665.09375
30216,2875000,9280,56584.8125
30217,2875000,9310,56663.609375
30218,2875000,9340,56787.890625
30219,2875000,9370,56754.109375
30220,2875000,9400,56676.109375
30221,2875000,9430,56586.8125
30222,2875000,9460,56183.5
30223,2875000,9490,56682.703125
30224,2875000,9520,56731.8125
30225,2875000,9550,56722.703125
30226,2875000,9580,56620.59375
30227,2875000,9610,56623.109375
30228,2875000,9640,56671.59375
30229,2875000,9670,56781.09375
30230,2875000,9700,56727.3125
30231,2875000,9730,56172.90625
30232,2875000,9760,56618.28125
30233,2875000,9790,56648.984375
30234,2875000,9820,56779.90625
30235,2875000,9850,56771.703125
30236,2875000,9880,56714.0
30237,2875000,9910,56713.71875
30238,2875000,9940,56676.109375
30239,2875000,9970,56749.984375
30240,2875000,10000,56725.1875
30241,2875000,10030,56733.390625
30242,2875000,10060,56663.015625
30243,2875000,10090,56140.203125
30244,2875000,10120,56673.8125
30245,2875000,10150,56724.203125
30246,2875000,10180,56764.40625
30247,2875000,10210,56681.09375
30248,2875000,10240,56743.59375
30249,2875000,10270,56717.0
30250,2875000,10300,56802.78125
30251,2875000,10330,56757.796875
30252,2875000,10360,56204.015625
30253,2875000,10390,56633.78125
30254,2875000,10420,56655.59375
30255,2875000,10450,56723.609375
30256,2875000,10480,56815.890625
30257,2875000,10510,56772.3125
30258,2875000,10540,56764.59375
30259,2875000,10570,56703.609375
30260,2875000,10600,56751.28125
30261,2875000,10630,56788.90625
30262,2875000,10660,56728.1875
30263,2875000,10690,56799.890625
30264,2875000,10720,56207.1875
30265,2875000,10750,56769.0
30266,2875000,10780,56840.890625
30267,2875000,10810,56775.90625
30268,2875000,10840,56767.5
30269,2875000,10870,56771.40625
30270,2875000,10900,56759.796875
30271,2875000,10930,56731.0
30272,2875000,10960,56762.3125
30273,2875000,10990,56253.1875
30274,2875000,11020,56808.09375
30275,2875000,11050,56790.5
30276,2875000,11080,56803.6875
30277,2875000,11110,56854.984375
30278,2875000,11140,56818.296875
30279,2875000,11170,56804.09375
30280,2875000,11200,56732.59375
30281,2875000,11230,56811.40625
30282,2875000,11260,56779.71875
30283,2875000,11290,56331.71875
30284,2875000,11320,56826.609375
30285,2875000,11350,56804.984375
30286,2875000,11380,56847.1875
30287,2875000,11410,56816.8125
30288,2875000,11440,56834.59375
30289,2875000,11470,56797.984375
30290,2875000,11500,56816.8125
30291,2875000,11530,56801.5
30292,2875000,11560,56792.703125
30293,2875000,11590,56811.0
30294,2875000,11620,56806.796875
30295,2875000,11650,56265.90625
30296,2875000,11680,56823.203125
30297,2875000,11710,56783.609375
30298,2875000,11740,56778.59375
30299,2875000,11770,56779.59375
30300,2875000,11800,56824.296875
30301,2875000,11830,56829.390625
30302,2875000,11860,56825.6875
30303,2875000,11890,56844.390625
30304,2875000,11920,56322.390625
30305,2875000,11950,56844.6875
30306,2875000,11980,56822.796875
30307,2875000,12010,56816.40625
30308,2875000,12040,56865.78125
30309,2875000,12070,56806.390625
30310,2875000,12100,56839.1875
30311,2875000,12130,56827.8125
30312,2875000,12160,56830.5
30313,2875000,12190,56762.0
30314,2875000,12220,56859.203125
30315,2875000,12250,56763.90625
30316,2875000,12280,56776.515625
30317,2875000,12310,56364.09375
30318,2875000,12340,56842.203125
30319,2875000,12370,56869.09375
30320,2875000,12400,56808.5
30321,2875000,12430,56840.90625
30322,2875000,12460,56827.6875
30323,2875000,12490,56874.296875
30324,2875000,12520,56814.59375
30325,2875000,12550,56336.59375
30326,2875000,12580,56855.203125
30327,2875000,12610,56797.390625
30328,2875000,12640,56871.0
30329,2875000,12670,56818.609375
30330,2875000,12700,56912.6875
30331,2875000,12730,56834.890625
30332,2875000,12760,56902.21875
30333,2875000,12790,56895.8125
30334,2875000,12820,56887.90625
30335,2875000,12850,56883.59375
30336,2875000,12880,56843.09375
30337,2875000,12910,56380.1875
30338,2875000,12940,56853.109375
30339,2875000,12970,56904.71875
30340,2875000,13000,56919.59375
30341,2875000,13030,56887.6875
30342,2875000,13060,56859.203125
30343,2875000,13090,56921.90625
30344,2875000,13120,56849.703125
30345,2875000,13150,56879.09375
30346,2875000,13180,56371.1875
30347,2875000,13210,56875.109375
30348,2875000,13240,56930.3125
30349,2875000,13270,56903.3125
30350,2875000,13300,56928.703125
30351,2875000,13330,56893.59375
30352,2875000,13360,56872.3125
30353,2875000,13390,56828.90625
30354,2875000,13420,56914.890625
30355,2875000,13450,56846.21875
30356,2875000,13480,56391.8125
30357,2875000,13510,56920.796875
30358,2875000,13540,56893.3125
30359,2875000,13570,56930.1875
30360,2875000,13600,56900.3125
30361,2875000,13630,56866.890625
30362,2875000,13660,56876.703125
30363,2875000,13690,56897.1875
30364,2875000,13720,56932.015625
30365,2875000,13750,56896.515625
30366,2875000,13780,56910.8125
30367,2875000,13810,56869.515625
30368,2875000,13840,56889.6875
30369,2875000,13870,56455.296875
30370,2875000,13900,56905.21875
30371,2875000,13930,56947.5
30372,2875000,13960,56898.484375
30373,2875000,13990,56916.3125
30374,2875000,14020,56916.015625
30375,2875000,14050,56849.390625
30376,2875000,14080,56934.890625
30377,2875000,14110,56454.28125
30378,2875000,14140,56880.484375
30379,2875000,14170,56983.6875
30380,2875000,14200,56990.90625
30381,2875000,14230,56940.09375
30382,2875000,14260,56933.296875
30383,2875000,14290,56921.3125
30384,2875000,14320,56932.6875
30385,2875000,14350,56944.390625
30386,2875000,14380,56894.515625
30387,2875000,14410,56925.515625
30388,2875000,14440,56931.390625
30389,2875000,14470,56384.296875
30390,2875000,14500,56955.1875
30391,2875000,14530,56921.1875
30392,2875000,14560,56911.09375
30393,2875000,14590,56913.890625
30394,2875000,14620,56934.890625
30395,2875000,14650,56946.515625
30396,2875000,14680,56911.6875
30397,2875000,14710,56966.5
30398,2875000,14740,56492.5
30399,2875000,14770,56934.109375
30400,2875000,14800,56958.09375
30401,2875000,14830,56939.984375
30402,2875000,14860,56991.515625
30403,2875000,14890,56946.78125
30404,2875000,14920,56894.59375
30405,2875000,14950,56942.203125
30406,2875000,14980,56935.296875
30407,2875000,15010,56945.5
30408,2875000,15040,56896.890625
30409,2875000,15070,56449.6875
30410,2875000,15100,56953.21875
30411,2875000,15130,57022.703125
30412,2875000,15160,56955.3125
30413,2875000,15190,56956.90625
30414,2875000,15220,56887.296875
30415,2875000,15250,56994.203125
30416,2875000,15280,56958.890625
30417,2875000,15310,56916.890625
30418,2875000,15340,56930.5
30419,2875000,15370,56444.40625
30420,2875000,15400,57023.28125
30421,2875000,15430,56890.1875
30422,2875000,15460,56983.515625
30423,2875000,15490,57005.90625
30424,2875000,15520,56981.5
30425,2875000,15550,56977.28125
30426,2875000,15580,56980.59375
30427,2875000,15610,56936.6875
30428,2875000,15640,56947.09375
30429,2875000,15670,56488.703125
30430,2875000,15700,56953.390625
30431,2875000,15730,56942.09375
30432,2875000,15760,56966.40625
30433,2875000,15790,56991.90625
30434,2875000,15820,56950.703125
30435,2875000,15850,56945.59375
30436,2875000,15880,56965.984375
30437,2875000,15910,56935.015625
30438,2875000,15940,56994.0
30439,2875000,15970,56889.1875
30440,2875000,16000,57023.0
30441,2875000,16030,56965.8125
30442,2875000,16060,56501.890625
30443,2875000,16090,57007.203125
30444,2875000,16120,57005.390625
30445,2875000,16150,56974.09375
30446,2875000,16180,56964.6875
30447,2875000,16210,56963.90625
30448,2875000,16240,56997.796875
30449,2875000,16270,56985.3125
30450,2875000,16300,56543.59375
30451,2875000,16330,57018.296875
30452,2875000,16360,56985.796875
30453,2875000,16390,56955.78125
30454,2875000,16420,56937.78125
30455,2875000,16450,56973.796875
30456,2875000,16480,57000.59375
30457,2875000,16510,57002.296875
30458,2875000,16540,57010.609375
30459,2875000,16570,56943.296875
30460,2875000,16600,56992.40625
30461,2875000,16630,57045.0
30462,2875000,16660,56505.0
30463,2875000,16690,57001.984375
30464,2875000,16720,56966.703125
30465,2875000,16750,56969.796875
30466,2875000,16780,56969.90625
30467,2875000,16810,57005.21875
30468,2875000,16840,56984.90625
30469,2875000,16870,57040.296875
30470,2875000,16900,56971.015625
30471,2875000,16930,56490.59375
30472,2875000,16960,56971.6875
30473,2875000,16990,57039.3125
30474,2875000,17020,57033.796875
30475,2875000,17050,56945.609375
30476,2875000,17080,56985.59375
30477,2875000,17110,56984.203125
30478,2875000,17140,56996.0
30479,2875000,17170,57011.1875
30480,2875000,17200,56988.28125
30481,2875000,17230,56975.0
30482,2875000,17260,56984.8125
30483,2875000,17290,57013.28125
30484,2875000,17320,56473.796875
30485,2875000,17350,57006.40625
30486,2875000,17380,57010.015625
30487,2875000,17410,57015.90625
30488,2875000,17440,56987.90625
30489,2875000,17470,56997.8125
30490,2875000,17500,57021.296875
30491,2875000,17530,57023.3125
30492,2875000,17560,57463.59375
30493,2875000,17590,56976.0
30494,2875000,17620,57059.90625
30495,2875000,17650,57013.5
30496,2875000,17680,57060.59375
30497,2875000,17710,57005.59375
30498,2875000,17740,57003.09375
30499,2875000,17770,56503.59375
30500,2875000,17800,57018.40625
30501,2875000,17830,56993.71875
30502,2875000,17860,57013.5
30503,2875000,17890,57016.5
30504,2875000,17920,57059.703125
30505,2875000,17950,57096.40625
30506,2875000,17980,57003.703125
30507,2875000,18010,57102.1875
30508,2875000,18040,56521.6875
30509,2875000,18070,56998.40625
30510,2875000,18100,57061.984375
30511,2875000,18130,57002.203125
30512,2875000,18160,57043.0
30513,2875000,18190,57063.59375
30514,2875000,18220,56990.5
30515,2875000,18250,57035.890625
30516,2875000,18280,57057.296875
30517,2875000,18310,57015.90625
30518,2875000,18340,56555.40625
30519,2875000,18370,57006.90625
30520,2875000,18400,56999.0
30521,2875000,18430,57026.984375
30522,2875000,18460,56953.09375
30523,2875000,18490,57076.796875
30524,2875000,18520,57034.390625
30525,2875000,18550,57059.0
30526,2875000,18580,57034.984375
30527,2875000,18610,56986.0
30528,2875000,18640,57084.390625
30529,2875000,18670,57044.09375
30530,2875000,18700,56541.109375
30531,2875000,18730,57023.0
30532,2875000,18760,57061.203125
30533,2875000,18790,56989.515625
30534,2875000,18820,57089.609375
30535,2875000,18850,57002.59375
30536,2875000,18880,57027.71875
30537,2875000,18910,57071.71875
30538,2875000,18940,57024.515625
30539,2875000,18970,56519.1875
30540,2875000,19000,57023.890625
30541,2875000,19030,57070.203125
30542,2875000,19060,57035.515625
30543,2875000,19090,57085.21875
30544,2875000,19120,57012.5
30545,2875000,19150,57040.40625
30546,2875000,19180,57060.1875
30547,2875000,19210,57076.71875
30548,2875000,19240,57064.5
30549,2875000,19270,56977.40625
30550,2875000,19300,57037.0
30551,2875000,19330,56572.984375
30552,2875000,19360,56984.3125
30553,2875000,19390,57056.40625
30554,2875000,19420,57035.015625
30555,2875000,19450,56989.890625
30556,2875000,19480,57046.21875
30557,2875000,19510,57039.09375
30558,2875000,19540,57014.5
30559,2875000,19570,57036.0
30560,2875000,19600,56511.796875
30561,2875000,19630,57001.0
30562,2875000,19660,57009.21875
30563,2875000,19690,57038.90625
30564,2875000,19720,57076.40625
30565,2875000,19750,57049.984375
30566,2875000,19780,57027.296875
30567,2875000,19810,57096.90625
30568,2875000,19840,57076.6875
30569,2875000,19870,57036.90625
30570,2875000,19900,56569.90625
30571,2875000,19930,57060.109375
30572,2875000,19960,57018.90625
30573,2875000,19990,57037.390625
30574,2875000,20020,57042.0
30575,2875000,20050,57082.390625
30576,2875000,20080,57053.8125
30577,2875000,20110,57068.609375
30578,2875000,20140,57011.015625
30579,2875000,20170,57063.59375
30580,2875000,20200,57092.6875
30581,2875000,20230,57068.90625
30582,2875000,20260,56580.609375
30583,2875000,20290,57095.3125
30584,2875000,20320,57117.28125
30585,2875000,20350,57083.796875
30586,2875000,20380,57075.90625
30587,2875000,20410,57033.296875
30588,2875000,20440,57038.390625
30589,2875000,20470,57069.5
30590,2875000,20500,57126.390625
30591,2875000,20530,56612.796875
30592,2875000,20560,57056.40625
30593,2875000,20590,57128.484375
30594,2875000,20620,57073.109375
30595,2875000,20650,57094.609375
30596,2875000,20680,57080.390625
30597,2875000,20710,57085.890625
30598,2875000,20740,57061.6875
30599,2875000,20770,57041.0
30600,2875000,20800,57043.484375
30601,2875000,20830,57017.59375
30602,2875000,20860,57023.8125
30603,2875000,20890,57081.8125
30604,2875000,20920,56563.390625
30605,2875000,20950,57077.203125
30606,2875000,20980,57067.0
30607,2875000,21010,57105.796875
30608,2875000,21040,57078.515625
30609,2875000,21070,57037.3125
30610,2875000,21100,57124.09375
30611,2875000,21130,57077.796875
30612,2875000,21160,56552.8125
30613,2875000,21190,57123.484375
30614,2875000,21220,57113.796875
30615,2875000,21250,57061.40625
30616,2875000,21280,57066.28125
30617,2875000,21310,57068.203125
30618,2875000,21340,57061.78125
30619,2875000,21370,57103.6875
30620,2875000,21400,57105.09375
30621,2875000,21430,57066.0
30622,2875000,21460,57051.59375
30623,2875000,21490,57105.796875
30624,2875000,21520,56561.90625
30625,2875000,21550,57105.984375
30626,2875000,21580,57113.296875
30627,2875000,21610,57057.90625
30628,2875000,21640,57072.984375
30629,2875000,21670,57088.6875
30630,2875000,21700,57120.3125
30631,2875000,21730,57101.59375
30632,2875000,21760,57073.109375
30633,2875000,21790,56570.5
30634,2875000,21820,57029.109375
30635,2875000,21850,57123.484375
30636,2875000,21880,57053.203125
30637,2875000,21910,57069.203125
30638,2875000,21940,57148.0
30639,2875000,21970,57121.0
30640,2875000,22000,57097.390625
30641,2875000,22030,57063.484375
30642,2875000,22060,57041.796875
30643,2875000,22090,57157.90625
30644,2875000,22120,57109.0
30645,2875000,22150,56562.515625
30646,2875000,22180,57067.015625
30647,2875000,22210,57098.21875
30648,2875000,22240,57021.59375
30649,2875000,22270,57083.796875
30650,2875000,22300,57099.71875
30651,2875000,22330,57114.296875
30652,2875000,22360,57099.1875
30653,2875000,22390,57081.40625
30654,2875000,22420,57106.40625
30655,2875000,22450,57032.609375
30656,2875000,22480,56637.390625
30657,2875000,22510,57054.390625
30658,2875000,22540,57024.6875
30659,2875000,22570,57083.5
30660,2875000,22600,57038.296875
30661,2875000,22630,57109.6875
30662,2875000,22660,57106.0
30663,2875000,22690,57065.8125
30664,2875000,22720,56634.90625
30665,2875000,22750,57032.78125
30666,2875000,22780,57084.09375
30667,2875000,22810,57096.484375
30668,2875000,22840,57044.21875
30669,2875000,22870,57108.40625
30670,2875000,22900,57079.796875
30671,2875000,22930,57068.390625
30672,2875000,22960,57173.40625
30673,2875000,22990,57060.890625
30674,2875000,23020,57141.09375
30675,2875000,23050,57090.984375
30676,2875000,23080,56596.6875
30677,2875000,23110,57116.5
30678,2875000,23140,57095.28125
30679,2875000,23170,57059.296875
30680,2875000,23200,57140.296875
30681,2875000,23230,57097.296875
30682,2875000,23260,57070.8125
30683,2875000,23290,57068.90625
30684,2875000,23320,57037.21875
30685,2875000,23350,56617.203125
30686,2875000,23380,57135.40625
30687,2875000,23410,57057.6875
30688,2875000,23440,57077.09375
30689,2875000,23470,57104.90625
30690,2875000,23500,57049.90625
30691,2875000,23530,57118.1875
30692,2875000,23560,57104.28125
30693,2875000,23590,57086.5
30694,2875000,23620,57069.59375
30695,2875000,23650,57134.28125
30696,2875000,23680,57116.71875
30697,2875000,23710,56592.796875
30698,2875000,23740,57068.59375
30699,2875000,23770,57079.296875
30700,2875000,23800,57123.5
30701,2875000,23830,57113.0
30702,2875000,23860,57142.8125
30703,2875000,23890,57130.8125
30704,2875000,23920,57097.296875
30705,2875000,23950,57109.015625
30706,2875000,23980,56637.703125
30707,2875000,24010,57130.6875
30708,2875000,24040,57138.6875
30709,2875000,24070,57131.484375
30710,2875000,24100,57066.0
30711,2875000,24130,57147.90625
30712,2875000,24160,57136.40625
30713,2875000,24190,57128.796875
30714,2875000,24220,57095.390625
30715,2875000,24250,57141.6875
30716,2875000,24280,57110.703125
30717,2875000,24310,57064.59375
30718,2875000,24340,56634.59375
30719,2875000,24370,57125.90625
30720,2875000,24400,57101.3125
30721,2875000,24430,57123.609375
30722,2875000,24460,57158.09375
30723,2875000,24490,57110.015625
30724,2875000,24520,57080.6875
30725,2875000,24550,57147.5
30726,2875000,24580,57105.796875
30727,2875000,24610,56628.015625
30728,2875000,24640,57090.0
30729,2875000,24670,57147.796875
30730,2875000,24700,57146.90625
30731,2875000,24730,57115.390625
30732,2875000,24760,57067.890625
30733,2875000,24790,57124.59375
30734,2875000,24820,57100.6875
30735,2875000,24850,57090.296875
30736,2875000,24880,57212.984375
30737,2875000,24910,56619.5
30738,2875000,24940,57119.59375
30739,2875000,24970,57145.296875
30740,2875000,25000,57134.5
30741,2875000,25030,57135.609375
30742,2875000,25060,57116.6875
30743,2875000,25090,57098.59375
30744,2875000,25120,57099.984375
30745,2875000,25150,57077.890625
30746,2875000,25180,57122.90625
30747,2875000,25210,57092.015625
30748,2875000,25240,57099.703125
30749,2875000,25270,56605.8125
30750,2875000,25300,57097.09375
30751,2875000,25330,57138.6875
30752,2875000,25360,57124.90625
30753,2875000,25390,57170.09375
30754,2875000,25420,57106.5
30755,2875000,25450,57087.609375
30756,2875000,25480,57178.09375
30757,2875000,25510,57098.390625
30758,2875000,25540,56608.796875
30759,2875000,25570,57126.09375
30760,2875000,25600,57114.015625
30761,2875000,25630,57123.203125
30762,2875000,25660,57122.390625
30763,2875000,25690,57162.5
30764,2875000,25720,57157.0
30765,2875000,25750,57163.90625
30766,2875000,25780,57198.59375
30767,2875000,25810,57126.703125
30768,2875000,25840,57102.59375
30769,2875000,25870,57070.71875
30770,2875000,25900,57124.40625
30771,2875000,25930,56659.28125
30772,2875000,25960,57183.015625
30773,2875000,25990,57191.296875
30774,2875000,26020,57142.59375
30775,2875000,26050,57129.1875
30776,2875000,26080,57121.3125
30777,2875000,26110,57088.78125
30778,2875000,26140,57116.890625
30779,2875000,26170,56645.59375
30780,2875000,26200,57114.984375
30781,2875000,26230,57184.40625
30782,2875000,26260,57096.40625
30783,2875000,26290,57145.796875
30784,2875000,26320,57096.796875
30785,2875000,26350,57133.59375
30786,2875000,26380,57075.5
30787,2875000,26410,57098.609375
30788,2875000,26440,57124.5
30789,2875000,26470,57168.40625
30790,2875000,26500,57174.609375
30791,2875000,26530,56685.5
30792,2875000,26560,57176.203125
30793,2875000,26590,57118.796875
30794,2875000,26620,57172.1875
30795,2875000,26650,57133.109375
30796,2875000,26680,57135.09375
30797,2875000,26710,57106.3125
30798,2875000,26740,57189.1875
30799,2875000,26770,57069.59375
30800,2875000,26800,56647.40625
30801,2875000,26830,57116.296875
30802,2875000,26860,57151.390625
30803,2875000,26890,57157.09375
30804,2875000,26920,57177.390625
30805,2875000,26950,57103.09375
30806,2875000,26980,57148.90625
30807,2875000,27010,57168.203125
30808,2875000,27040,57103.0
30809,2875000,27070,57170.71875
30810,2875000,27100,56695.21875
30811,2875000,27130,57100.90625
30812,2875000,27160,57160.59375
30813,2875000,27190,57166.0
30814,2875000,27220,57172.3125
30815,2875000,27250,57102.984375
30816,2875000,27280,57129.59375
30817,2875000,27310,57152.09375
30818,2875000,27340,57177.609375
30819,2875000,27370,57069.6875
30820,2875000,27400,57129.203125
30821,2875000,27430,57133.609375
30822,2875000,27460,56680.5
30823,2875000,27490,57150.5
30824,2875000,27520,57134.5
30825,2875000,27550,57128.484375
30826,2875000,27580,57158.59375
30827,2875000,27610,57145.8125
30828,2875000,27640,57150.703125
30829,2875000,27670,57181.40625
30830,2875000,27700,57134.8125
30831,2875000,27730,56592.5
30832,2875000,27760,57155.609375
30833,2875000,27790,57091.203125
30834,2875000,27820,57150.609375
30835,2875000,27850,57115.484375
30836,2875000,27880,57156.5
30837,2875000,27910,57203.0
30838,2875000,27940,57167.90625
30839,2875000,27970,57110.203125
30840,2875000,28000,57120.890625
30841,2875000,28030,57137.71875
30842,2875000,28060,57166.015625
30843,2875000,28090,56720.5
30844,2875000,28120,57120.484375
30845,2875000,28150,57159.09375
30846,2875000,28180,57205.5
30847,2875000,28210,57160.59375
30848,2875000,28240,57128.703125
30849,2875000,28270,57120.09375
30850,2875000,28300,57203.90625
30851,2875000,28330,57192.109375
30852,2875000,28360,56670.5
30853,2875000,28390,57135.796875
30854,2875000,28420,57127.515625
30855,2875000,28450,57145.90625
30856,2875000,28480,57169.0
30857,2875000,28510,57164.0
30858,2875000,28540,57194.609375
30859,2875000,28570,57135.796875
30860,2875000,28600,57126.5
30861,2875000,28630,57103.21875
30862,2875000,28660,57121.40625
30863,2875000,28690,56666.796875
30864,2875000,28720,57190.0
30865,2875000,28750,57100.21875
30866,2875000,28780,57199.796875
30867,2875000,28810,57182.390625
30868,2875000,28840,57169.3125
30869,2875000,28870,57176.390625
30870,2875000,28900,57119.515625
30871,2875000,28930,57146.796875
30872,2875000,28960,57141.09375
30873,2875000,28990,56612.71875
30874,2875000,29020,57182.890625
30875,2875000,29050,57148.0
30876,2875000,29080,57102.0
30877,2875000,29110,57208.3125
30878,2875000,29140,57178.90625
30879,2875000,29170,57174.71875
30880,2875000,29200,57149.40625
30881,2875000,29230,57137.203125
30882,2875000,29260,57157.5
30883,2875000,29290,56634.984375
30884,2875000,29320,57167.390625
30885,2875000,29350,57118.5
30886,2875000,29380,57218.703125
30887,2875000,29410,57095.09375
30888,2875000,29440,57158.0
30889,2875000,29470,57109.21875
30890,2875000,29500,57176.3125
30891,2875000,29530,57136.6875
30892,2875000,29560,57105.015625
30893,2875000,29590,57117.984375
30894,2875000,29620,57173.515625
30895,2875000,29650,56633.0
30896,2875000,29680,57112.296875
30897,2875000,29710,57219.703125
30898,2875000,29740,57135.015625
30899,2875000,29770,57173.78125
30900,2875000,29800,57134.0
30901,2875000,29830,57155.59375
30902,2875000,29860,57130.59375
30903,2875000,29890,57119.484375
30904,2875000,29920,56647.796875
30905,2875000,29950,57119.796875
30906,2875000,29980,57114.0
30907,2875500,100,13391.0
30908,2875500,130,61023.796875
30909,2875500,160,59113.3125
30910,2875500,190,54701.8125
30911,2875500,220,48094.609375
30912,2875500,250,54878.8125
30913,2875500,280,57789.90625
30914,2875500,310,55883.8125
30915,2875500,340,49161.6875
30916,2875500,370,49667.09375
30917,2875500,400,55070.203125
30918,2875500,430,56844.0
30919,2875500,460,56519.390625
30920,2875500,490,52098.296875
30921,2875500,520,52283.609375
30922,2875500,550,56541.890625
30923,2875500,580,56516.203125
30924,2875500,610,53069.1875
30925,2875500,640,51104.0
30926,2875500,670,54261.984375
30927,2875500,700,58328.28125
30928,2875500,730,59644.890625
30929,2875500,760,57516.09375
30930,2875500,790,51183.984375
30931,2875500,820,50479.21875
30932,2875500,850,54532.015625
30933,2875500,880,57125.203125
30934,2875500,910,56554.21875
30935,2875500,940,53995.796875
30936,2875500,970,52904.890625
30937,2875500,1000,54265.5
30938,2875500,1030,57733.015625
30939,2875500,1060,57860.59375
30940,2875500,1090,56275.015625
30941,2875500,1120,54677.984375
30942,2875500,1150,54202.59375
30943,2875500,1180,55452.09375
30944,2875500,1210,55352.71875
30945,2875500,1240,55421.90625
30946,2875500,1270,55253.6875
30947,2875500,1300,56468.796875
30948,2875500,1330,56429.390625
30949,2875500,1360,56212.3125
30950,2875500,1390,54845.0
30951,2875500,1420,54736.109375
30952,2875500,1450,56154.71875
30953,2875500,1480,56444.203125
30954,2875500,1510,56301.90625
30955,2875500,1540,54969.5
30956,2875500,1570,54678.40625
30957,2875500,1600,55376.0
30958,2875500,1630,56262.109375
30959,2875500,1660,56420.8125
30960,2875500,1690,56071.40625
30961,2875500,1720,55262.203125
30962,2875500,1750,55149.5
30963,2875500,1780,55272.6875
30964,2875500,1810,55412.90625
30965,2875500,1840,55966.890625
30966,2875500,1870,56208.90625
30967,2875500,1900,55786.6875
30968,2875500,1930,55808.6875
30969,2875500,1960,55044.40625
30970,2875500,1990,54841.703125
30971,2875500,2020,55690.6875
30972,2875500,2050,56664.5
30973,2875500,2080,57001.796875
30974,2875500,2110,55763.09375
30975,2875500,2140,54772.78125
30976,2875500,2170,54359.609375
30977,2875500,2200,55683.5
30978,2875500,2230,56721.40625
30979,2875500,2260,56382.984375
30980,2875500,2290,55348.203125
30981,2875500,2320,55021.890625
30982,2875500,2350,55870.09375
30983,2875500,2380,56618.21875
30984,2875500,2410,56462.09375
30985,2875500,2440,55882.296875
30986,2875500,2470,54661.6875
30987,2875500,2500,55372.796875
30988,2875500,2530,56111.609375
30989,2875500,2560,56226.3125
30990,2875500,2590,55664.484375
30991,2875500,2620,55466.1875
30992,2875500,2650,56004.78125
30993,2875500,2680,56652.109375
30994,2875500,2710,56481.90625
30995,2875500,2740,55542.40625
30996,2875500,2770,54764.109375
30997,2875500,2800,55038.59375
30998,2875500,2830,56242.09375
30999,2875500,2860,56334.28125
31000,2875500,2890,56248.09375
31001,2875500,2920,55453.09375
31002,2875500,2950,55475.890625
31003,2875500,2980,56036.5
31004,2875500,3010,56709.71875
31005,2875500,3040,56447.5
31006,2875500,3070,55066.390625
31007,2875500,3100,54704.1875
31008,2875500,3130,55516.90625
31009,2875500,3160,55936.203125
31010,2875500,3190,56943.21875
31011,2875500,3220,56331.90625
31012,2875500,3250,55752.203125
31013,2875500,3280,55745.21875
31014,2875500,3310,56073.40625
31015,2875500,3340,56289.984375
31016,2875500,3370,55741.0
31017,2875500,3400,55302.609375
31018,2875500,3430,55565.890625
31019,2875500,3460,55771.8125
31020,2875500,3490,56591.390625
31021,2875500,3520,56514.59375
31022,2875500,3550,55906.40625
31023,2875500,3580,55824.09375
31024,2875500,3610,56000.59375
31025,2875500,3640,56097.59375
31026,2875500,3670,55910.390625
31027,2875500,3700,55482.5
31028,2875500,3730,55130.0
31029,2875500,3760,56158.1875
31030,2875500,3790,56661.5
31031,2875500,3820,56541.609375
31032,2875500,3850,55988.015625
31033,2875500,3880,55549.890625
31034,2875500,3910,55764.109375
31035,2875500,3940,56101.59375
31036,2875500,3970,56220.5
31037,2875500,4000,56074.796875
31038,2875500,4030,55836.21875
31039,2875500,4060,55974.59375
31040,2875500,4090,56278.3125
31041,2875500,4120,55974.0
31042,2875500,4150,56356.90625
31043,2875500,4180,55987.703125
31044,2875500,4210,55753.90625
31045,2875500,4240,55812.40625
31046,2875500,4270,56058.890625
31047,2875500,4300,56227.109375
31048,2875500,4330,56202.59375
31049,2875500,4360,55843.8125
31050,2875500,4390,56314.90625
31051,2875500,4420,56298.796875
31052,2875500,4450,55977.3125
31053,2875500,4480,55949.203125
31054,2875500,4510,56030.09375
31055,2875500,4540,56120.390625
31056,2875500,4570,56252.203125
31057,2875500,4600,56244.484375
31058,2875500,4630,56117.296875
31059,2875500,4660,56099.59375
31060,2875500,4690,56252.5
31061,2875500,4720,55820.21875
31062,2875500,4750,56289.8125
31063,2875500,4780,56098.703125
31064,2875500,4810,55895.09375
31065,2875500,4840,55926.59375
31066,2875500,4870,56162.40625
31067,2875500,4900,56401.3125
31068,2875500,4930,56436.484375
31069,2875500,4960,56360.609375
31070,2875500,4990,55675.78125
31071,2875500,5020,56025.609375
31072,2875500,5050,56042.890625
31073,2875500,5080,56113.484375
31074,2875500,5110,56296.8125
31075,2875500,5140,56377.984375
31076,2875500,5170,56193.90625
31077,2875500,5200,56149.109375
31078,2875500,5230,56174.609375
31079,2875500,5260,56269.3125
31080,2875500,5290,55831.59375
31081,2875500,5320,56265.109375
31082,2875500,5350,56135.203125
31083,2875500,5380,56098.484375
31084,2875500,5410,56175.109375
31085,2875500,5440,56232.09375
31086,2875500,5470,56280.703125
31087,2875500,5500,56351.09375
31088,2875500,5530,56421.3125
31089,2875500,5560,56370.203125
31090,2875500,5590,56162.296875
31091,2875500,5620,56025.40625
31092,2875500,5650,55594.0
31093,2875500,5680,56218.8125
31094,2875500,5710,56454.296875
31095,2875500,5740,56542.609375
31096,2875500,5770,56296.8125
31097,2875500,5800,56228.1875
31098,2875500,5830,56129.0
31099,2875500,5860,56366.609375
31100,2875500,5890,56473.6875
31101,2875500,5920,55906.8125
31102,2875500,5950,56154.1875
31103,2875500,5980,56033.609375
31104,2875500,6010,56250.796875
31105,2875500,6040,56436.8125
31106,2875500,6070,56579.203125
31107,2875500,6100,56463.5
31108,2875500,6130,56212.90625
31109,2875500,6160,56145.796875
31110,2875500,6190,56236.40625
31111,2875500,6220,56328.109375
31112,2875500,6250,56371.390625
31113,2875500,6280,55863.3125
31114,2875500,6310,56379.59375
31115,2875500,6340,56482.8125
31116,2875500,6370,56471.609375
31117,2875500,6400,56357.40625
31118,2875500,6430,56181.390625
31119,2875500,6460,56197.890625
31120,2875500,6490,56367.09375
31121,2875500,6520,56541.796875
31122,2875500,6550,55951.0
31123,2875500,6580,56269.90625
31124,2875500,6610,56225.8125
31125,2875500,6640,56437.40625
31126,2875500,6670,56598.890625
31127,2875500,6700,56608.71875
31128,2875500,6730,56280.390625
31129,2875500,6760,56091.0
31130,2875500,6790,56151.40625
31131,2875500,6820,56392.109375
31132,2875500,6850,56575.390625
31133,2875500,6880,56623.390625
31134,2875500,6910,55951.40625
31135,2875500,6940,56297.40625
31136,2875500,6970,56339.1875
31137,2875500,7000,56438.109375
31138,2875500,7030,56351.703125
31139,2875500,7060,56329.21875
31140,2875500,7090,56327.296875
31141,2875500,7120,56399.09375
31142,2875500,7150,56500.40625
31143,2875500,7180,56487.015625
31144,2875500,7210,55971.0
31145,2875500,7240,56387.5
31146,2875500,7270,56370.203125
31147,2875500,7300,56463.09375
31148,2875500,7330,56402.984375
31149,2875500,7360,56301.90625
31150,2875500,7390,56352.609375
31151,2875500,7420,56412.71875
31152,2875500,7450,56567.90625
31153,2875500,7480,56158.609375
31154,2875500,7510,56530.1875
31155,2875500,7540,56361.5
31156,2875500,7570,56306.28125
31157,2875500,7600,56384.203125
31158,2875500,7630,56470.5
31159,2875500,7660,56570.015625
31160,2875500,7690,56502.296875
31161,2875500,7720,56435.984375
31162,2875500,7750,56445.703125
31163,2875500,7780,56538.984375
31164,2875500,7810,56526.796875
31165,2875500,7840,55960.796875
31166,2875500,7870,56424.796875
31167,2875500,7900,56412.296875
31168,2875500,7930,56415.609375
31169,2875500,7960,56453.609375
31170,2875500,7990,56508.0
31171,2875500,8020,56574.890625
31172,2875500,8050,56596.0
31173,2875500,8080,56552.59375
31174,2875500,8110,56502.609375
31175,2875500,8140,55914.3125
31176,2875500,8170,56442.40625
31177,2875500,8200,56508.1875
31178,2875500,8230,56542.6875
31179,2875500,8260,56538.78125
31180,2875500,8290,56460.203125
31181,2875500,8320,56573.1875
31182,2875500,8350,56472.40625
31183,2875500,8380,56496.203125
31184,2875500,8410,56540.6875
31185,2875500,8440,56540.0
31186,2875500,8470,56004.5
31187,2875500,8500,56515.609375
31188,2875500,8530,56547.0
31189,2875500,8560,56536.609375
31190,2875500,8590,56570.6875
31191,2875500,8620,56591.59375
31192,2875500,8650,56677.515625
31193,2875500,8680,56567.40625
31194,2875500,8710,56371.71875
31195,2875500,8740,55913.109375
31196,2875500,8770,56482.3125
31197,2875500,8800,56600.59375
31198,2875500,8830,56613.484375
31199,2875500,8860,56586.59375
31200,2875500,8890,56464.796875
31201,2875500,8920,56544.59375
31202,2875500,8950,56588.71875
31203,2875500,8980,56647.90625
31204,2875500,9010,56512.6875
31205,2875500,9040,56495.0
31206,2875500,9070,56556.28125
31207,2875500,9100,56135.203125
31208,2875500,9130,56624.609375
31209,2875500,9160,56659.109375
31210,2875500,9190,56587.796875
31211,2875500,9220,56587.296875
31212,2875500,9250,56564.3125
31213,2875500,9280,56565.90625
31214,2875500,9310,56572.90625
31215,2875500,9340,56485.8125
31216,2875500,9370,56052.40625
31217,2875500,9400,56532.609375
31218,2875500,9430,56650.28125
31219,2875500,9460,56618.3125
31220,2875500,9490,56629.015625
31221,2875500,9520,56483.0
31222,2875500,9550,56488.28125
31223,2875500,9580,56635.390625
31224,2875500,9610,56651.09375
31225,2875500,9640,56643.40625
31226,2875500,9670,56529.109375
31227,2875500,9700,56589.703125
31228,2875500,9730,56158.5
31229,2875500,9760,56710.890625
31230,2875500,9790,56659.703125
31231,2875500,9820,56518.0
31232,2875500,9850,56477.890625
31233,2875500,9880,56568.609375
31234,2875500,9910,56644.71875
31235,2875500,9940,56646.703125
31236,2875500,9970,56636.203125
31237,2875500,10000,56605.8125
31238,2875500,10030,56173.5
31239,2875500,10060,56623.8125
31240,2875500,10090,56661.109375
31241,2875500,10120,56619.3125
31242,2875500,10150,56543.015625
31243,2875500,10180,56552.203125
31244,2875500,10210,56755.390625
31245,2875500,10240,56658.0
31246,2875500,10270,56692.59375
31247,2875500,10300,56153.203125
31248,2875500,10330,56649.3125
31249,2875500,10360,56655.90625
31250,2875500,10390,56625.59375
31251,2875500,10420,56677.40625
31252,2875500,10450,56611.0
31253,2875500,10480,56708.796875
31254,2875500,10510,56694.515625
31255,2875500,10540,56725.203125
31256,2875500,10570,56698.5
31257,2875500,10600,56663.28125
31258,2875500,10630,56633.28125
31259,2875500,10660,56170.28125
31260,2875500,10690,56661.6875
31261,2875500,10720,56695.390625
31262,2875500,10750,56652.5
31263,2875500,10780,56635.1875
31264,2875500,10810,56672.296875
31265,2875500,10840,56683.3125
31266,2875500,10870,56711.90625
31267,2875500,10900,56723.703125
31268,2875500,10930,56246.890625
31269,2875500,10960,56649.5
31270,2875500,10990,56661.609375
31271,2875500,11020,56681.109375
31272,2875500,11050,56697.703125
31273,2875500,11080,56702.59375
31274,2875500,11110,56662.703125
31275,2875500,11140,56687.296875
31276,2875500,11170,56722.0
31277,2875500,11200,56755.90625
31278,2875500,11230,56654.984375
31279,2875500,11260,56649.203125
31280,2875500,11290,56199.609375
31281,2875500,11320,56728.203125
31282,2875500,11350,56701.609375
31283,2875500,11380,56683.6875
31284,2875500,11410,56747.015625
31285,2875500,11440,56772.90625
31286,2875500,11470,56692.0
31287,2875500,11500,56646.40625
31288,2875500,11530,56676.90625
31289,2875500,11560,56215.296875
31290,2875500,11590,56726.59375
31291,2875500,11620,56679.90625
31292,2875500,11650,56744.59375
31293,2875500,11680,56749.09375
31294,2875500,11710,56830.59375
31295,2875500,11740,56729.59375
31296,2875500,11770,56683.390625
31297,2875500,11800,56724.1875
31298,2875500,11830,56732.21875
31299,2875500,11860,56752.5
31300,2875500,11890,56771.109375
31301,2875500,11920,56250.796875
31302,2875500,11950,56789.3125
31303,2875500,11980,56793.5
31304,2875500,12010,56772.0
31305,2875500,12040,56736.609375
31306,2875500,12070,56714.09375
31307,2875500,12100,56716.484375
31308,2875500,12130,56730.28125
31309,2875500,12160,56760.5
31310,2875500,12190,56721.796875
31311,2875500,12220,56245.09375
31312,2875500,12250,56737.21875
31313,2875500,12280,56742.3125
31314,2875500,12310,56780.09375
31315,2875500,12340,56791.59375
31316,2875500,12370,56741.484375
31317,2875500,12400,56714.796875
31318,2875500,12430,56746.09375
31319,2875500,12460,56797.609375
31320,2875500,12490,56293.703125
31321,2875500,12520,56739.90625
31322,2875500,12550,56734.1875
31323,2875500,12580,56778.984375
31324,2875500,12610,56783.40625
31325,2875500,12640,56741.296875
31326,2875500,12670,56721.796875
31327,2875500,12700,56744.609375
31328,2875500,12730,56760.984375
31329,2875500,12760,56743.203125
31330,2875500,12790,56769.40625
31331,2875500,12820,56827.890625
31332,2875500,12850,56283.609375
31333,2875500,12880,56828.90625
31334,2875500,12910,56773.78125
31335,2875500,12940,56780.0
31336,2875500,12970,56816.390625
31337,2875500,13000,56810.796875
31338,2875500,13030,56847.78125
31339,2875500,13060,56814.109375
31340,2875500,13090,56777.6875
31341,2875500,13120,56309.59375
31342,2875500,13150,56812.390625
31343,2875500,13180,56835.1875
31344,2875500,13210,56757.1875
31345,2875500,13240,56778.796875
31346,2875500,13270,56784.890625
31347,2875500,13300,56790.6875
31348,2875500,13330,56823.796875
31349,2875500,13360,56814.109375
31350,2875500,13390,56828.109375
31351,2875500,13420,56781.78125
31352,2875500,13450,56866.59375
31353,2875500,13480,56307.390625
31354,2875500,13510,56771.609375
31355,2875500,13540,56790.90625
31356,2875500,13570,56834.5
31357,2875500,13600,56836.609375
31358,2875500,13630,56811.8125
31359,2875500,13660,56831.203125
31360,2875500,13690,56842.015625
31361,2875500,13720,56842.984375
31362,2875500,13750,56352.390625
31363,2875500,13780,56876.890625
31364,2875500,13810,56808.703125
31365,2875500,13840,56844.1875
31366,2875500,13870,56849.390625
31367,2875500,13900,56810.28125
31368,2875500,13930,56827.796875
31369,2875500,13960,56829.484375
31370,2875500,13990,56858.6875
31371,2875500,14020,56821.0
31372,2875500,14050,56371.109375
31373,2875500,14080,56835.59375
31374,2875500,14110,56860.71875
31375,2875500,14140,56790.390625
31376,2875500,14170,56869.203125
31377,2875500,14200,56836.1875
31378,2875500,14230,56796.890625
31379,2875500,14260,56815.3125
31380,2875500,14290,56813.5
31381,2875500,14320,56804.703125
31382,2875500,14350,56784.40625
31383,2875500,14380,56822.5
31384,2875500,14410,56359.703125
31385,2875500,14440,56862.796875
31386,2875500,14470,56782.40625
31387,2875500,14500,56877.6875
31388,2875500,14530,56776.90625
31389,2875500,14560,56863.109375
31390,2875500,14590,56904.0
31391,2875500,14620,56866.0
31392,2875500,14650,56839.1875
31393,2875500,14680,56306.015625
31394,2875500,14710,56893.1875
31395,2875500,14740,56831.890625
31396,2875500,14770,56801.59375
31397,2875500,14800,56823.703125
31398,2875500,14830,56853.5
31399,2875500,14860,56866.09375
31400,2875500,14890,56865.984375
31401,2875500,14920,56925.5
31402,2875500,14950,56853.796875
31403,2875500,14980,56856.703125
31404,2875500,15010,56851.890625
31405,2875500,15040,56345.40625
31406,2875500,15070,56848.6875
31407,2875500,15100,56865.1875
31408,2875500,15130,56880.78125
31409,2875500,15160,56891.5
31410,2875500,15190,56845.796875
31411,2875500,15220,56882.3125
31412,2875500,15250,56899.09375
31413,2875500,15280,56876.8125
31414,2875500,15310,56360.8125
31415,2875500,15340,56904.1875
31416,2875500,15370,56893.609375
31417,2875500,15400,56822.1875
31418,2875500,15430,56893.09375
31419,2875500,15460,56929.015625
31420,2875500,15490,56897.203125
31421,2875500,15520,56839.21875
31422,2875500,15550,56870.59375
31423,2875500,15580,56894.109375
31424,2875500,15610,56918.609375
31425,2875500,15640,56916.8125
31426,2875500,15670,56379.90625
31427,2875500,15700,56867.984375
31428,2875500,15730,56816.59375
31429,2875500,15760,56878.1875
31430,2875500,15790,56930.0
31431,2875500,15820,56904.1875
31432,2875500,15850,56898.296875
31433,2875500,15880,56883.703125
31434,2875500,15910,56889.3125
31435,2875500,15940,56404.296875
31436,2875500,15970,56911.296875
31437,2875500,16000,56928.5
31438,2875500,16030,56882.109375
31439,2875500,16060,56911.703125
31440,2875500,16090,56935.109375
31441,2875500,16120,56876.703125
31442,2875500,16150,56864.796875
31443,2875500,16180,56879.1875
31444,2875500,16210,56900.71875
31445,2875500,16240,56930.8125
31446,2875500,16270,56853.21875
31447,2875500,16300,56378.3125
31448,2875500,16330,56849.3125
31449,2875500,16360,56900.59375
31450,2875500,16390,56885.59375
31451,2875500,16420,56887.59375
31452,2875500,16450,56954.90625
31453,2875500,16480,56922.515625
31454,2875500,16510,56879.015625
31455,2875500,16540,56940.515625
31456,2875500,16570,56907.203125
31457,2875500,16600,56970.1875
31458,2875500,16630,56413.40625
31459,2875500,16660,56918.984375
31460,2875500,16690,56920.90625
31461,2875500,16720,56867.40625
31462,2875500,16750,56951.90625
31463,2875500,16780,56905.5
31464,2875500,16810,56912.3125
31465,2875500,16840,56919.71875
31466,2875500,16870,56913.1875
31467,2875500,16900,56958.5
31468,2875500,16930,56439.484375
31469,2875500,16960,56961.890625
31470,2875500,16990,56934.015625
31471,2875500,17020,56929.796875
31472,2875500,17050,56970.6875
31473,2875500,17080,56985.90625
31474,2875500,17110,56952.28125
31475,2875500,17140,56880.09375
31476,2875500,17170,56935.59375
31477,2875500,17200,56969.703125
31478,2875500,17230,56462.90625
31479,2875500,17260,56983.390625
31480,2875500,17290,56934.59375
31481,2875500,17320,56891.6875
31482,2875500,17350,56913.890625
31483,2875500,17380,56891.3125
31484,2875500,17410,56898.90625
31485,2875500,17440,56910.6875
31486,2875500,17470,56925.796875
31487,2875500,17500,56467.40625
31488,2875500,17530,56935.21875
31489,2875500,17560,57003.09375
31490,2875500,17590,56944.09375
31491,2875500,17620,56940.78125
31492,2875500,17650,56955.796875
31493,2875500,17680,56950.390625
31494,2875500,17710,56963.890625
31495,2875500,17740,56950.59375
31496,2875500,17770,56942.5
31497,2875500,17800,56893.890625
31498,2875500,17830,56929.515625
31499,2875500,17860,56956.3125
31500,2875500,17890,56455.71875
31501,2875500,17920,56933.796875
31502,2875500,17950,56915.40625
31503,2875500,17980,56936.0
31504,2875500,18010,56956.90625
31505,2875500,18040,56925.3125
31506,2875500,18070,56933.609375
31507,2875500,18100,56940.703125
31508,2875500,18130,56492.09375
31509,2875500,18160,56959.09375
31510,2875500,18190,56961.5
31511,2875500,18220,56985.609375
31512,2875500,18250,56988.484375
31513,2875500,18280,56996.296875
31514,2875500,18310,56900.515625
31515,2875500,18340,56940.109375
31516,2875500,18370,56998.390625
31517,2875500,18400,56997.703125
31518,2875500,18430,56483.8125
31519,2875500,18460,56904.203125
31520,2875500,18490,56965.6875
31521,2875500,18520,56921.90625
31522,2875500,18550,56902.5
31523,2875500,18580,56959.8125
31524,2875500,18610,56925.890625
31525,2875500,18640,57028.890625
31526,2875500,18670,57018.796875
31527,2875500,18700,56990.1875
31528,2875500,18730,56969.796875
31529,2875500,18760,56984.0
31530,2875500,18790,56473.09375
31531,2875500,18820,56995.5
31532,2875500,18850,56953.984375
31533,2875500,18880,56992.390625
31534,2875500,18910,56974.015625
31535,2875500,18940,56974.59375
31536,2875500,18970,57050.78125
31537,2875500,19000,56940.0
31538,2875500,19030,56959.296875
31539,2875500,19060,56457.5
31540,2875500,19090,56953.484375
31541,2875500,19120,57006.3125
31542,2875500,19150,56994.09375
31543,2875500,19180,56998.09375
31544,2875500,19210,56997.09375
31545,2875500,19240,57020.09375
31546,2875500,19270,57037.6875
31547,2875500,19300,56981.28125
31548,2875500,19330,57030.890625
31549,2875500,19360,56962.296875
31550,2875500,19390,56918.90625
31551,2875500,19420,56512.390625
31552,2875500,19450,57020.71875
31553,2875500,19480,56977.78125
31554,2875500,19510,57058.71875
31555,2875500,19540,56981.40625
31556,2875500,19570,56958.015625
31557,2875500,19600,56975.703125
31558,2875500,19630,56953.90625
31559,2875500,19660,57008.90625
31560,2875500,19690,56511.796875
31561,2875500,19720,57019.40625
31562,2875500,19750,57000.703125
31563,2875500,19780,56963.484375
31564,2875500,19810,56974.59375
31565,2875500,19840,57026.71875
31566,2875500,19870,56966.28125
31567,2875500,19900,56960.6875
31568,2875500,19930,57005.390625
31569,2875500,19960,57011.8125
31570,2875500,19990,56956.71875
31571,2875500,20020,57000.0
31572,2875500,20050,56472.796875
31573,2875500,20080,56956.609375
31574,2875500,20110,57026.40625
31575,2875500,20140,56940.1875
31576,2875500,20170,56976.484375
31577,2875500,20200,57036.40625
31578,2875500,20230,56994.90625
31579,2875500,20260,56973.28125
31580,2875500,20290,56996.90625
31581,2875500,20320,56474.015625
31582,2875500,20350,56981.890625
31583,2875500,20380,57020.515625
31584,2875500,20410,57074.40625
31585,2875500,20440,56963.28125
31586,2875500,20470,56995.703125
31587,2875500,20500,57020.09375
31588,2875500,20530,57029.6875
31589,2875500,20560,57011.890625
31590,2875500,20590,57025.984375
31591,2875500,20620,56982.59375
31592,2875500,20650,57025.3125
31593,2875500,20680,56473.71875
31594,2875500,20710,57001.703125
31595,2875500,20740,56983.5
31596,2875500,20770,57052.109375
31597,2875500,20800,57016.90625
31598,2875500,20830,56984.90625
31599,2875500,20860,57009.21875
31600,2875500,20890,57034.1875
31601,2875500,20920,57008.8125
31602,2875500,20950,56517.609375
31603,2875500,20980,57057.296875
31604,2875500,21010,56986.0
31605,2875500,21040,57058.609375
31606,2875500,21070,57053.484375
31607,2875500,21100,57064.296875
31608,2875500,21130,56975.0
31609,2875500,21160,56988.09375
31610,2875500,21190,57028.515625
31611,2875500,21220,56993.390625
31612,2875500,21250,56528.21875
31613,2875500,21280,57001.890625
31614,2875500,21310,56942.90625
31615,2875500,21340,57046.3125
31616,2875500,21370,57015.09375
31617,2875500,21400,57043.8125
31618,2875500,21430,57000.90625
31619,2875500,21460,57066.40625
31620,2875500,21490,56999.40625
31621,2875500,21520,57006.40625
31622,2875500,21550,57017.40625
31623,2875500,21580,57015.796875
31624,2875500,21610,56457.703125
31625,2875500,21640,56985.90625
31626,2875500,21670,57013.59375
31627,2875500,21700,57063.296875
31628,2875500,21730,56944.796875
31629,2875500,21760,57067.09375
31630,2875500,21790,56988.09375
31631,2875500,21820,57023.3125
31632,2875500,21850,57047.21875
31633,2875500,21880,57038.484375
31634,2875500,21910,57068.609375
31635,2875500,21940,56549.296875
31636,2875500,21970,57050.71875
31637,2875500,22000,57032.8125
31638,2875500,22030,57042.984375
31639,2875500,22060,57014.1875
31640,2875500,22090,57007.296875
31641,2875500,22120,57030.71875
31642,2875500,22150,57068.5
31643,2875500,22180,57024.5
31644,2875500,22210,56954.40625
31645,2875500,22240,56580.90625
31646,2875500,22270,57056.90625
31647,2875500,22300,57055.703125
31648,2875500,22330,57023.890625
31649,2875500,22360,57038.203125
31650,2875500,22390,57048.3125
31651,2875500,22420,57075.609375
31652,2875500,22450,57034.796875
31653,2875500,22480,57011.8125
31654,2875500,22510,56520.59375
31655,2875500,22540,57057.90625
31656,2875500,22570,57072.984375
31657,2875500,22600,56996.109375
31658,2875500,22630,57052.3125
31659,2875500,22660,57051.90625
31660,2875500,22690,57026.6875
31661,2875500,22720,57046.28125
31662,2875500,22750,56993.5
31663,2875500,22780,57042.390625
31664,2875500,22810,57026.09375
31665,2875500,22840,57002.296875
31666,2875500,22870,56564.71875
31667,2875500,22900,57044.5
31668,2875500,22930,57076.5
31669,2875500,22960,57018.40625
31670,2875500,22990,56993.40625
31671,2875500,23020,57019.609375
31672,2875500,23050,57026.8125
31673,2875500,23080,57120.09375
31674,2875500,23110,56974.90625
31675,2875500,23140,56544.3125
31676,2875500,23170,57100.703125
31677,2875500,23200,57059.09375
31678,2875500,23230,57051.203125
31679,2875500,23260,57059.484375
31680,2875500,23290,57029.40625
31681,2875500,23320,56986.78125
31682,2875500,23350,57035.296875
31683,2875500,23380,57091.40625
31684,2875500,23410,57003.59375
31685,2875500,23440,56567.296875
31686,2875500,23470,57008.5
31687,2875500,23500,57037.28125
31688,2875500,23530,57021.40625
31689,2875500,23560,57061.984375
31690,2875500,23590,57018.40625
31691,2875500,23620,57052.1875
31692,2875500,23650,57047.8125
31693,2875500,23680,57088.1875
31694,2875500,23710,57026.203125
31695,2875500,23740,57055.6875
31696,2875500,23770,57064.6875
31697,2875500,23800,56597.78125
31698,2875500,23830,57031.59375
31699,2875500,23860,57019.90625
31700,2875500,23890,57030.09375
31701,2875500,23920,57118.0
31702,2875500,23950,57002.59375
31703,2875500,23980,57013.1875
31704,2875500,24010,57004.28125
31705,2875500,24040,57098.6875
31706,2875500,24070,56564.609375
31707,2875500,24100,57024.90625
31708,2875500,24130,57040.109375
31709,2875500,24160,57110.203125
31710,2875500,24190,57084.296875
31711,2875500,24220,57006.8125
31712,2875500,24250,57013.796875
31713,2875500,24280,57010.09375
31714,2875500,24310,57087.0
31715,2875500,24340,57010.8125
31716,2875500,24370,57018.890625
31717,2875500,24400,56988.5
31718,2875500,24430,56596.28125
31719,2875500,24460,57062.59375
31720,2875500,24490,57004.484375
31721,2875500,24520,57032.296875
31722,2875500,24550,57127.90625
31723,2875500,24580,57009.1875
31724,2875500,24610,57034.28125
31725,2875500,24640,57030.09375
31726,2875500,24670,57106.40625
31727,2875500,24700,56481.109375
31728,2875500,24730,57090.984375
31729,2875500,24760,57090.3125
31730,2875500,24790,57115.0
31731,2875500,24820,57033.8125
31732,2875500,24850,57040.1875
31733,2875500,24880,57081.09375
31734,2875500,24910,57072.609375
31735,2875500,24940,57043.296875
31736,2875500,24970,57054.015625
31737,2875500,25000,57042.984375
31738,2875500,25030,57059.8125
31739,2875500,25060,56585.703125
31740,2875500,25090,57030.59375
31741,2875500,25120,57074.484375
31742,2875500,25150,57061.90625
31743,2875500,25180,57047.59375
31744,2875500,25210,57071.40625
31745,2875500,25240,57026.390625
31746,2875500,25270,57105.390625
31747,2875500,25300,57079.09375
31748,2875500,25330,56569.5
31749,2875500,25360,57008.90625
31750,2875500,25390,57019.5
31751,2875500,25420,57055.59375
31752,2875500,25450,57074.8125
31753,2875500,25480,57061.109375
31754,2875500,25510,57108.890625
31755,2875500,25540,57116.796875
31756,2875500,25570,57106.09375
31757,2875500,25600,57091.6875
31758,2875500,25630,57068.109375
31759,2875500,25660,57079.3125
31760,2875500,25690,56537.59375
31761,2875500,25720,57096.515625
31762,2875500,25750,57077.5
31763,2875500,25780,57055.6875
31764,2875500,25810,57088.71875
31765,2875500,25840,57006.203125
31766,2875500,25870,57077.1875
31767,2875500,25900,57127.3125
31768,2875500,25930,57100.21875
31769,2875500,25960,57087.6875
31770,2875500,25990,57042.28125
31771,2875500,26020,56545.796875
31772,2875500,26050,57078.90625
31773,2875500,26080,57000.0
31774,2875500,26110,57041.78125
31775,2875500,26140,57079.890625
31776,2875500,26170,57046.0
31777,2875500,26200,57043.90625
31778,2875500,26230,57089.8125
31779,2875500,26260,56562.296875
31780,2875500,26290,57050.8125
31781,2875500,26320,57087.59375
31782,2875500,26350,57053.90625
31783,2875500,26380,57129.203125
31784,2875500,26410,57077.796875
31785,2875500,26440,57077.21875
31786,2875500,26470,57075.8125
31787,2875500,26500,57079.59375
31788,2875500,26530,57083.515625
31789,2875500,26560,57132.796875
31790,2875500,26590,57077.3125
31791,2875500,26620,56588.703125
31792,2875500,26650,57135.296875
31793,2875500,26680,57022.296875
31794,2875500,26710,57091.1875
31795,2875500,26740,57051.796875
31796,2875500,26770,57096.984375
31797,2875500,26800,57092.609375
31798,2875500,26830,57079.90625
31799,2875500,26860,57042.515625
31800,2875500,26890,56575.8125
31801,2875500,26920,57055.984375
31802,2875500,26950,57014.109375
31803,2875500,26980,57059.890625
31804,2875500,27010,57044.390625
31805,2875500,27040,57091.796875
31806,2875500,27070,57102.5
31807,2875500,27100,57090.515625
31808,2875500,27130,57098.8125
31809,2875500,27160,57111.8125
31810,2875500,27190,57067.40625
31811,2875500,27220,57091.8125
31812,2875500,27250,56600.90625
31813,2875500,27280,57126.203125
31814,2875500,27310,57093.59375
31815,2875500,27340,57098.71875
31816,2875500,27370,57081.109375
31817,2875500,27400,57101.59375
31818,2875500,27430,57038.09375
31819,2875500,27460,57089.78125
31820,2875500,27490,57071.390625
31821,2875500,27520,56561.8125
31822,2875500,27550,57099.71875
31823,2875500,27580,57136.796875
31824,2875500,27610,57092.78125
31825,2875500,27640,57084.1875
31826,2875500,27670,57054.0
31827,2875500,27700,57076.71875
31828,2875500,27730,57069.0
31829,2875500,27760,57063.09375
31830,2875500,27790,57084.390625
31831,2875500,27820,57042.8125
31832,2875500,27850,57121.1875
31833,2875500,27880,56578.40625
31834,2875500,27910,57106.1875
31835,2875500,27940,57142.09375
31836,2875500,27970,57175.8125
31837,2875500,28000,57094.09375
31838,2875500,28030,57131.0
31839,2875500,28060,57024.796875
31840,2875500,28090,57138.703125
31841,2875500,28120,57086.890625
31842,2875500,28150,57112.296875
31843,2875500,28180,56591.609375
31844,2875500,28210,57038.78125
31845,2875500,28240,57068.3125
31846,2875500,28270,57137.015625
31847,2875500,28300,57129.703125
31848,2875500,28330,57056.59375
31849,2875500,28360,57131.6875
31850,2875500,28390,57077.609375
31851,2875500,28420,57055.296875
31852,2875500,28450,56603.09375
31853,2875500,28480,57094.390625
31854,2875500,28510,57021.6875
31855,2875500,28540,57096.40625
31856,2875500,28570,57065.703125
31857,2875500,28600,57118.203125
31858,2875500,28630,57067.8125
31859,2875500,28660,57072.90625
31860,2875500,28690,57111.609375
31861,2875500,28720,57128.484375
31862,2875500,28750,57071.296875
31863,2875500,28780,57100.609375
31864,2875500,28810,56577.515625
31865,2875500,28840,57118.203125
31866,2875500,28870,57057.109375
31867,2875500,28900,57045.484375
31868,2875500,28930,57087.1875
31869,2875500,28960,57057.984375
31870,2875500,28990,57077.390625
31871,2875500,29020,57081.796875
31872,2875500,29050,57128.90625
31873,2875500,29080,56631.5
31874,2875500,29110,57183.3125
31875,2875500,29140,57001.8125
31876,2875500,29170,57078.09375
31877,2875500,29200,57087.890625
31878,2875500,29230,57058.59375
31879,2875500,29260,57081.390625
31880,2875500,29290,57082.296875
31881,2875500,29320,57110.09375
31882,2875500,29350,57090.109375
31883,2875500,29380,57082.09375
31884,2875500,29410,57041.609375
31885,2875500,29440,56587.296875
31886,2875500,29470,57070.40625
31887,2875500,29500,57030.015625
31888,2875500,29530,57050.90625
31889,2875500,29560,57143.015625
31890,2875500,29590,57055.40625
31891,2875500,29620,57122.796875
31892,2875500,29650,57097.8125
31893,2875500,29680,57107.21875
31894,2875500,29710,56598.296875
31895,2875500,29740,57122.3125
31896,2875500,29770,57150.09375
31897,2875500,29800,57085.59375
31898,2875500,29830,57066.390625
31899,2875500,29860,57043.28125
31900,2875500,29890,57051.0
31901,2875500,29920,57089.296875
31902,2875500,29950,57088.8125
31903,2875500,29980,57080.78125
31904,2876000,100,13214.09375
31905,2876000,130,60933.78125
31906,2876000,160,58974.59375
31907,2876000,190,54276.5
31908,2876000,220,47725.8125
31909,2876000,250,54752.109375
31910,2876000,280,57583.59375
31911,2876000,310,55184.6875
31912,2876000,340,48376.203125
31913,2876000,370,49890.59375
31914,2876000,400,55205.484375
31915,2876000,430,56789.40625
31916,2876000,460,56142.59375
31917,2876000,490,51709.390625
31918,2876000,520,52251.203125
31919,2876000,550,56525.6875
31920,2876000,580,56054.71875
31921,2876000,610,52651.59375
31922,2876000,640,51452.59375
31923,2876000,670,54610.484375
31924,2876000,700,58732.40625
31925,2876000,730,59148.703125
31926,2876000,760,56250.3125
31927,2876000,790,50105.796875
31928,2876000,820,50441.609375
31929,2876000,850,55273.8125
31930,2876000,880,57299.90625
31931,2876000,910,56204.6875
31932,2876000,940,53604.3125
31933,2876000,970,53243.203125
31934,2876000,1000,54928.59375
31935,2876000,1030,58114.390625
31936,2876000,1060,57194.796875
31937,2876000,1090,55137.3125
31938,2876000,1120,53941.390625
31939,2876000,1150,53682.3125
31940,2876000,1180,54670.203125
31941,2876000,1210,55580.0
31942,2876000,1240,55584.0
31943,2876000,1270,55947.6875
31944,2876000,1300,55736.109375
31945,2876000,1330,56036.296875
31946,2876000,1360,55618.0
31947,2876000,1390,54503.109375
31948,2876000,1420,55221.09375
31949,2876000,1450,56239.796875
31950,2876000,1480,56185.890625
31951,2876000,1510,55829.890625
31952,2876000,1540,54833.390625
31953,2876000,1570,54796.6875
31954,2876000,1600,55515.015625
31955,2876000,1630,56077.890625
31956,2876000,1660,55633.3125
31957,2876000,1690,55400.1875
31958,2876000,1720,54986.390625
31959,2876000,1750,55317.109375
31960,2876000,1780,55343.90625
31961,2876000,1810,55671.796875
31962,2876000,1840,55978.609375
31963,2876000,1870,56031.484375
31964,2876000,1900,55819.78125
31965,2876000,1930,54501.390625
31966,2876000,1960,54687.296875
31967,2876000,1990,55264.296875
31968,2876000,2020,56085.8125
31969,2876000,2050,56702.515625
31970,2876000,2080,56243.09375
31971,2876000,2110,54811.390625
31972,2876000,2140,54490.8125
31973,2876000,2170,55238.109375
31974,2876000,2200,56238.890625
31975,2876000,2230,56635.203125
31976,2876000,2260,55728.5
31977,2876000,2290,54384.90625
31978,2876000,2320,55158.59375
31979,2876000,2350,56073.484375
31980,2876000,2380,56445.09375
31981,2876000,2410,55806.796875
31982,2876000,2440,55050.6875
31983,2876000,2470,54890.203125
31984,2876000,2500,55737.984375
31985,2876000,2530,56306.703125
31986,2876000,2560,56150.59375
31987,2876000,2590,55071.09375
31988,2876000,2620,55526.015625
31989,2876000,2650,56077.78125
31990,2876000,2680,56209.6875
31991,2876000,2710,55528.59375
31992,2876000,2740,54755.703125
31993,2876000,2770,54883.890625
31994,2876000,2800,55848.609375
31995,2876000,2830,56835.3125
31996,2876000,2860,56502.8125
31997,2876000,2890,55299.5
31998,2876000,2920,54563.109375
31999,2876000,2950,55475.609375
32000,2876000,2980,56151.796875
32001,2876000,3010,56072.71875
32002,2876000,3040,55322.8125
32003,2876000,3070,54820.90625
32004,2876000,3100,55470.09375
32005,2876000,3130,56529.3125
32006,2876000,3160,56842.203125
32007,2876000,3190,56094.796875
32008,2876000,3220,54776.890625
32009,2876000,3250,55148.90625
32010,2876000,3280,55523.09375
32011,2876000,3310,55988.59375
32012,2876000,3340,55852.515625
32013,2876000,3370,55478.40625
32014,2876000,3400,55585.09375
32015,2876000,3430,56181.09375
32016,2876000,3460,56430.90625
32017,2876000,3490,55703.5
32018,2876000,3520,55688.6875
32019,2876000,3550,55385.59375
32020,2876000,3580,55677.703125
32021,2876000,3610,55978.515625
32022,2876000,3640,55919.796875
32023,2876000,3670,55628.703125
32024,2876000,3700,55760.59375
32025,2876000,3730,56066.890625
32026,2876000,3760,56302.40625
32027,2876000,3790,56171.203125
32028,2876000,3820,55529.78125
32029,2876000,3850,54754.5
32030,2876000,3880,55547.09375
32031,2876000,3910,56047.59375
32032,2876000,3940,56287.40625
32033,2876000,3970,56054.796875
32034,2876000,4000,55802.109375
32035,2876000,4030,55770.1875
32036,2876000,4060,56004.796875
32037,2876000,4090,56124.203125
32038,2876000,4120,55412.78125
32039,2876000,4150,55572.703125
32040,2876000,4180,55641.78125
32041,2876000,4210,55889.8125
32042,2876000,4240,56124.609375
32043,2876000,4270,56263.484375
32044,2876000,4300,56156.515625
32045,2876000,4330,55912.296875
32046,2876000,4360,55874.0
32047,2876000,4390,55817.5
32048,2876000,4420,55706.09375
32049,2876000,4450,55779.703125
32050,2876000,4480,55425.5
32051,2876000,4510,56102.40625
32052,2876000,4540,56218.0
32053,2876000,4570,56065.890625
32054,2876000,4600,56016.0
32055,2876000,4630,55901.3125
32056,2876000,4660,55967.78125
32057,2876000,4690,56020.40625
32058,2876000,4720,55939.703125
32059,2876000,4750,55316.28125
32060,2876000,4780,55909.390625
32061,2876000,4810,56040.59375
32062,2876000,4840,56108.609375
32063,2876000,4870,56249.90625
32064,2876000,4900,56175.296875
32065,2876000,4930,55892.203125
32066,2876000,4960,55762.890625
32067,2876000,4990,55860.703125
32068,2876000,5020,56007.78125
32069,2876000,5050,56236.890625
32070,2876000,5080,56294.40625
32071,2876000,5110,55626.0
32072,2876000,5140,55973.890625
32073,2876000,5170,55883.015625
32074,2876000,5200,55973.6875
32075,2876000,5230,56024.59375
32076,2876000,5260,56119.609375
32077,2876000,5290,56039.609375
32078,2876000,5320,56022.484375
32079,2876000,5350,56116.1875
32080,2876000,5380,56188.0
32081,2876000,5410,55693.390625
32082,2876000,5440,56151.703125
32083,2876000,5470,56086.09375
32084,2876000,5500,55994.203125
32085,2876000,5530,56003.40625
32086,2876000,5560,55970.984375
32087,2876000,5590,56104.109375
32088,2876000,5620,56177.609375
32089,2876000,5650,56360.59375
32090,2876000,5680,56339.09375
32091,2876000,5710,56168.40625
32092,2876000,5740,55433.796875
32093,2876000,5770,55800.890625
32094,2876000,5800,56030.703125
32095,2876000,5830,56222.890625
32096,2876000,5860,56346.484375
32097,2876000,5890,56205.71875
32098,2876000,5920,55989.59375
32099,2876000,5950,56006.296875
32100,2876000,5980,56210.015625
32101,2876000,6010,56320.5
32102,2876000,6040,56248.109375
32103,2876000,6070,55495.296875
32104,2876000,6100,55924.109375
32105,2876000,6130,56034.90625
32106,2876000,6160,56325.0
32107,2876000,6190,56347.59375
32108,2876000,6220,56198.28125
32109,2876000,6250,56129.71875
32110,2876000,6280,56151.890625
32111,2876000,6310,56127.203125
32112,2876000,6340,56149.203125
32113,2876000,6370,55594.203125
32114,2876000,6400,56152.203125
32115,2876000,6430,56284.0
32116,2876000,6460,56396.40625
32117,2876000,6490,56308.796875
32118,2876000,6520,56076.015625
32119,2876000,6550,56013.984375
32120,2876000,6580,56086.3125
32121,2876000,6610,56327.59375
32122,2876000,6640,56310.390625
32123,2876000,6670,55699.796875
32124,2876000,6700,56054.3125
32125,2876000,6730,56074.609375
32126,2876000,6760,56320.6875
32127,2876000,6790,56497.609375
32128,2876000,6820,56359.796875
32129,2876000,6850,56171.015625
32130,2876000,6880,55958.78125
32131,2876000,6910,56084.1875
32132,2876000,6940,55814.109375
32133,2876000,6970,56356.09375
32134,2876000,7000,56363.90625
32135,2876000,7030,56207.484375
32136,2876000,7060,56194.90625
32137,2876000,7090,56312.09375
32138,2876000,7120,56276.78125
32139,2876000,7150,56183.90625
32140,2876000,7180,56205.59375
32141,2876000,7210,56252.28125
32142,2876000,7240,55883.6875
32143,2876000,7270,56308.203125
32144,2876000,7300,56258.515625
32145,2876000,7330,56272.59375
32146,2876000,7360,56258.796875
32147,2876000,7390,56300.109375
32148,2876000,7420,56309.28125
32149,2876000,7450,56321.0
32150,2876000,7480,56132.796875
32151,2876000,7510,56211.703125
32152,2876000,7540,56330.90625
32153,2876000,7570,56435.28125
32154,2876000,7600,56481.40625
32155,2876000,7630,55757.390625
32156,2876000,7660,56195.609375
32157,2876000,7690,56183.484375
32158,2876000,7720,56277.90625
32159,2876000,7750,56371.609375
32160,2876000,7780,56321.5
32161,2876000,7810,56297.0
32162,2876000,7840,56254.5
32163,2876000,7870,55888.40625
32164,2876000,7900,56353.6875
32165,2876000,7930,56358.109375
32166,2876000,7960,56305.8125
32167,2876000,7990,56264.8125
32168,2876000,8020,56303.796875
32169,2876000,8050,56280.890625
32170,2876000,8080,56341.1875
32171,2876000,8110,56377.5
32172,2876000,8140,56446.40625
32173,2876000,8170,56399.609375
32174,2876000,8200,56416.796875
32175,2876000,8230,55804.109375
32176,2876000,8260,56253.90625
32177,2876000,8290,56375.8125
32178,2876000,8320,56325.390625
32179,2876000,8350,56400.796875
32180,2876000,8380,56389.6875
32181,2876000,8410,56404.1875
32182,2876000,8440,56382.5
32183,2876000,8470,56370.1875
32184,2876000,8500,55833.21875
32185,2876000,8530,56339.109375
32186,2876000,8560,56369.703125
32187,2876000,8590,56381.40625
32188,2876000,8620,56360.203125
32189,2876000,8650,56324.78125
32190,2876000,8680,56374.796875
32191,2876000,8710,56483.6875
32192,2876000,8740,56471.296875
32193,2876000,8770,56395.109375
32194,2876000,8800,56330.3125
32195,2876000,8830,56330.703125
32196,2876000,8860,55849.59375
32197,2876000,8890,56463.890625
32198,2876000,8920,56473.890625
32199,2876000,8950,56480.296875
32200,2876000,8980,56394.40625
32201,2876000,9010,56357.71875
32202,2876000,9040,56436.90625
32203,2876000,9070,56390.40625
32204,2876000,9100,56387.609375
32205,2876000,9130,55884.0
32206,2876000,9160,56413.796875
32207,2876000,9190,56403.109375
32208,2876000,9220,56514.1875
32209,2876000,9250,56455.609375
32210,2876000,9280,56421.0
32211,2876000,9310,56371.609375
32212,2876000,9340,56391.09375
32213,2876000,9370,56463.890625
32214,2876000,9400,56441.890625
32215,2876000,9430,56422.5
32216,2876000,9460,56485.78125
32217,2876000,9490,56003.484375
32218,2876000,9520,56499.203125
32219,2876000,9550,56496.59375
32220,2876000,9580,56434.09375
32221,2876000,9610,56403.59375
32222,2876000,9640,56359.90625
32223,2876000,9670,56532.0
32224,2876000,9700,56492.015625
32225,2876000,9730,56488.703125
32226,2876000,9760,55994.796875
32227,2876000,9790,56420.609375
32228,2876000,9820,56529.90625
32229,2876000,9850,56496.203125
32230,2876000,9880,56474.296875
32231,2876000,9910,56442.0
32232,2876000,9940,56394.0
32233,2876000,9970,56433.09375
32234,2876000,10000,56498.90625
32235,2876000,10030,56516.6875
32236,2876000,10060,55906.28125
32237,2876000,10090,56422.6875
32238,2876000,10120,56472.203125
32239,2876000,10150,56469.59375
32240,2876000,10180,56538.015625
32241,2876000,10210,56435.90625
32242,2876000,10240,56495.203125
32243,2876000,10270,56494.8125
32244,2876000,10300,56569.40625
32245,2876000,10330,56590.796875
32246,2876000,10360,56523.21875
32247,2876000,10390,56469.515625
32248,2876000,10420,56000.109375
32249,2876000,10450,56498.8125
32250,2876000,10480,56488.8125
32251,2876000,10510,56508.0
32252,2876000,10540,56515.984375
32253,2876000,10570,56485.3125
32254,2876000,10600,56481.296875
32255,2876000,10630,56553.1875
32256,2876000,10660,56568.0
32257,2876000,10690,56061.390625
32258,2876000,10720,56464.015625
32259,2876000,10750,56442.09375
32260,2876000,10780,56487.296875
32261,2876000,10810,56518.890625
32262,2876000,10840,56504.390625
32263,2876000,10870,56577.5
32264,2876000,10900,56506.8125
32265,2876000,10930,56512.890625
32266,2876000,10960,56533.890625
32267,2876000,10990,56560.0
32268,2876000,11020,56575.5
32269,2876000,11050,56515.1875
32270,2876000,11080,56074.28125
32271,2876000,11110,56570.90625
32272,2876000,11140,56525.296875
32273,2876000,11170,56490.90625
32274,2876000,11200,56527.40625
32275,2876000,11230,56567.5
32276,2876000,11260,56529.28125
32277,2876000,11290,56517.890625
32278,2876000,11320,56516.6875
32279,2876000,11350,56533.703125
32280,2876000,11380,56063.8125
32281,2876000,11410,56631.609375
32282,2876000,11440,56578.984375
32283,2876000,11470,56589.90625
32284,2876000,11500,56606.90625
32285,2876000,11530,56547.015625
32286,2876000,11560,56525.59375
32287,2876000,11590,56584.0
32288,2876000,11620,56591.90625
32289,2876000,11650,56594.8125
32290,2876000,11680,56022.390625
32291,2876000,11710,56593.203125
32292,2876000,11740,56527.6875
32293,2876000,11770,56581.6875
32294,2876000,11800,56559.609375
32295,2876000,11830,56540.1875
32296,2876000,11860,56577.5
32297,2876000,11890,56575.796875
32298,2876000,11920,56586.09375
32299,2876000,11950,56135.109375
32300,2876000,11980,56552.203125
32301,2876000,12010,56608.515625
32302,2876000,12040,56589.109375
32303,2876000,12070,56566.78125
32304,2876000,12100,56555.796875
32305,2876000,12130,56562.109375
32306,2876000,12160,56621.21875
32307,2876000,12190,56601.6875
32308,2876000,12220,56571.5
32309,2876000,12250,56101.0
32310,2876000,12280,56631.296875
32311,2876000,12310,56600.90625
32312,2876000,12340,56605.0
32313,2876000,12370,56587.609375
32314,2876000,12400,56600.59375
32315,2876000,12430,56577.203125
32316,2876000,12460,56639.015625
32317,2876000,12490,56668.484375
32318,2876000,12520,56667.296875
32319,2876000,12550,56622.40625
32320,2876000,12580,56641.09375
32321,2876000,12610,56084.21875
32322,2876000,12640,56600.40625
32323,2876000,12670,56653.09375
32324,2876000,12700,56680.09375
32325,2876000,12730,56623.796875
32326,2876000,12760,56618.40625
32327,2876000,12790,56639.90625
32328,2876000,12820,56646.59375
32329,2876000,12850,56648.703125
32330,2876000,12880,56176.1875
32331,2876000,12910,56678.09375
32332,2876000,12940,56621.59375
32333,2876000,12970,56684.1875
32334,2876000,13000,56629.796875
32335,2876000,13030,56612.890625
32336,2876000,13060,56634.28125
32337,2876000,13090,56716.40625
32338,2876000,13120,56690.109375
32339,2876000,13150,56683.09375
32340,2876000,13180,56557.1875
32341,2876000,13210,56613.015625
32342,2876000,13240,56116.1875
32343,2876000,13270,56625.609375
32344,2876000,13300,56570.5
32345,2876000,13330,56695.796875
32346,2876000,13360,56676.703125
32347,2876000,13390,56673.5
32348,2876000,13420,56685.703125
32349,2876000,13450,56637.296875
32350,2876000,13480,56580.703125
32351,2876000,13510,56110.390625
32352,2876000,13540,56653.78125
32353,2876000,13570,56658.78125
32354,2876000,13600,56724.890625
32355,2876000,13630,56675.21875
32356,2876000,13660,56720.3125
32357,2876000,13690,56645.8125
32358,2876000,13720,56679.0
32359,2876000,13750,56645.3125
32360,2876000,13780,56696.71875
32361,2876000,13810,56694.40625
32362,2876000,13840,56670.109375
32363,2876000,13870,56192.1875
32364,2876000,13900,56648.703125
32365,2876000,13930,56662.296875
32366,2876000,13960,56668.5
32367,2876000,13990,56699.703125
32368,2876000,14020,56628.796875
32369,2876000,14050,56690.609375
32370,2876000,14080,56702.59375
32371,2876000,14110,56671.0
32372,2876000,14140,56187.703125
32373,2876000,14170,56634.8125
32374,2876000,14200,56656.59375
32375,2876000,14230,56699.90625
32376,2876000,14260,56743.8125
32377,2876000,14290,56661.6875
32378,2876000,14320,56725.40625
32379,2876000,14350,56717.109375
32380,2876000,14380,56674.5
32381,2876000,14410,56707.5
32382,2876000,14440,56187.984375
32383,2876000,14470,56679.09375
32384,2876000,14500,56718.6875
32385,2876000,14530,56632.1875
32386,2876000,14560,56738.203125
32387,2876000,14590,56697.1875
32388,2876000,14620,56726.0
32389,2876000,14650,56671.6875
32390,2876000,14680,56691.796875
32391,2876000,14710,56729.515625
32392,2876000,14740,56700.90625
32393,2876000,14770,56663.78125
32394,2876000,14800,56722.3125
32395,2876000,14830,56240.1875
32396,2876000,14860,56653.390625
32397,2876000,14890,56709.28125
32398,2876000,14920,56721.0
32399,2876000,14950,56662.3125
32400,2876000,14980,56750.703125
32401,2876000,15010,56664.796875
32402,2876000,15040,56775.890625
32403,2876000,15070,56219.1875
32404,2876000,15100,56738.0
32405,2876000,15130,56714.90625
32406,2876000,15160,56772.5
32407,2876000,15190,56738.203125
32408,2876000,15220,56737.71875
32409,2876000,15250,56768.1875
32410,2876000,15280,56726.0
32411,2876000,15310,56739.40625
32412,2876000,15340,56693.3125
32413,2876000,15370,56756.8125
32414,2876000,15400,56750.390625
32415,2876000,15430,56262.6875
32416,2876000,15460,56748.703125
32417,2876000,15490,56768.296875
32418,2876000,15520,56778.78125
32419,2876000,15550,56710.40625
32420,2876000,15580,56744.3125
32421,2876000,15610,56776.40625
32422,2876000,15640,56760.0
32423,2876000,15670,56743.59375
32424,2876000,15700,56247.1875
32425,2876000,15730,56765.0
32426,2876000,15760,56761.8125
32427,2876000,15790,56718.21875
32428,2876000,15820,56759.5
32429,2876000,15850,56721.203125
32430,2876000,15880,56782.609375
32431,2876000,15910,56713.40625
32432,2876000,15940,56743.5
32433,2876000,15970,56726.984375
32434,2876000,16000,56747.78125
32435,2876000,16030,56727.796875
32436,2876000,16060,56291.703125
32437,2876000,16090,56746.78125
32438,2876000,16120,56644.890625
32439,2876000,16150,56761.609375
32440,2876000,16180,56767.71875
32441,2876000,16210,56774.109375
32442,2876000,16240,56740.703125
32443,2876000,16270,56767.09375
32444,2876000,16300,56806.8125
32445,2876000,16330,56730.890625
32446,2876000,16360,56260.796875
32447,2876000,16390,56731.796875
32448,2876000,16420,56735.109375
32449,2876000,16450,56775.390625
32450,2876000,16480,56736.609375
32451,2876000,16510,56797.0
32452,2876000,16540,56770.296875
32453,2876000,16570,56766.703125
32454,2876000,16600,56768.109375
32455,2876000,16630,56811.890625
32456,2876000,16660,56740.1875
32457,2876000,16690,56309.796875
32458,2876000,16720,56751.203125
32459,2876000,16750,56767.8125
32460,2876000,16780,56761.5
32461,2876000,16810,56806.390625
32462,2876000,16840,56788.109375
32463,2876000,16870,56774.203125
32464,2876000,16900,56768.890625
32465,2876000,16930,56782.1875
32466,2876000,16960,56784.71875
32467,2876000,16990,56275.90625
32468,2876000,17020,56824.796875
32469,2876000,17050,56790.703125
32470,2876000,17080,56777.3125
32471,2876000,17110,56779.5
32472,2876000,17140,56719.203125
32473,2876000,17170,56814.6875
32474,2876000,17200,56849.390625
32475,2876000,17230,56764.09375
32476,2876000,17260,56285.890625
32477,2876000,17290,56837.40625
32478,2876000,17320,56728.90625
32479,2876000,17350,56816.3125
32480,2876000,17380,56792.5
32481,2876000,17410,56828.1875
32482,2876000,17440,56838.203125
32483,2876000,17470,56787.90625
32484,2876000,17500,56763.8125
32485,2876000,17530,56814.59375
32486,2876000,17560,56777.90625
32487,2876000,17590,56726.109375
32488,2876000,17620,56287.109375
32489,2876000,17650,56830.6875
32490,2876000,17680,56821.109375
32491,2876000,17710,56752.109375
32492,2876000,17740,56781.109375
32493,2876000,17770,56803.0
32494,2876000,17800,56820.0
32495,2876000,17830,56807.59375
32496,2876000,17860,56800.109375
32497,2876000,17890,56278.296875
32498,2876000,17920,56793.59375
32499,2876000,17950,56779.5
32500,2876000,17980,56833.90625
32501,2876000,18010,56780.71875
32502,2876000,18040,56859.09375
32503,2876000,18070,56792.890625
32504,2876000,18100,56817.21875
32505,2876000,18130,56796.609375
32506,2876000,18160,56837.3125
32507,2876000,18190,56773.28125
32508,2876000,18220,56801.0
32509,2876000,18250,56340.484375
32510,2876000,18280,56784.1875
32511,2876000,18310,56847.59375
32512,2876000,18340,56842.984375
32513,2876000,18370,56755.703125
32514,2876000,18400,56833.203125
32515,2876000,18430,56810.609375
32516,2876000,18460,56828.90625
32517,2876000,18490,56870.296875
32518,2876000,18520,56278.8125
32519,2876000,18550,56910.28125
32520,2876000,18580,56801.40625
32521,2876000,18610,56831.796875
32522,2876000,18640,56842.203125
32523,2876000,18670,56835.28125
32524,2876000,18700,56860.296875
32525,2876000,18730,56867.90625
32526,2876000,18760,56869.6875
32527,2876000,18790,56829.984375
32528,2876000,18820,56777.8125
32529,2876000,18850,56807.5
32530,2876000,18880,56338.484375
32531,2876000,18910,56859.90625
32532,2876000,18940,56833.40625
32533,2876000,18970,56823.609375
32534,2876000,19000,56836.0
32535,2876000,19030,56850.90625
32536,2876000,19060,56836.796875
32537,2876000,19090,56837.8125
32538,2876000,19120,56858.40625
32539,2876000,19150,56846.0
32540,2876000,19180,56296.09375
32541,2876000,19210,56856.59375
32542,2876000,19240,56869.796875
32543,2876000,19270,56851.0
32544,2876000,19300,56754.703125
32545,2876000,19330,56832.890625
32546,2876000,19360,56836.5
32547,2876000,19390,56857.5
32548,2876000,19420,56828.796875
32549,2876000,19450,56323.6875
32550,2876000,19480,56865.71875
32551,2876000,19510,56885.6875
32552,2876000,19540,56829.390625
32553,2876000,19570,56841.1875
32554,2876000,19600,56854.1875
32555,2876000,19630,56894.59375
32556,2876000,19660,56765.21875
32557,2876000,19690,56872.890625
32558,2876000,19720,56803.59375
32559,2876000,19750,56845.796875
32560,2876000,19780,56890.0
32561,2876000,19810,56859.6875
32562,2876000,19840,56291.1875
32563,2876000,19870,56852.109375
32564,2876000,19900,56875.703125
32565,2876000,19930,56815.8125
32566,2876000,19960,56837.109375
32567,2876000,19990,56858.40625
32568,2876000,20020,56803.90625
32569,2876000,20050,56839.59375
32570,2876000,20080,56822.890625
32571,2876000,20110,56845.59375
32572,2876000,20140,56302.78125
32573,2876000,20170,56873.484375
32574,2876000,20200,56866.59375
32575,2876000,20230,56861.90625
32576,2876000,20260,56852.296875
32577,2876000,20290,56898.1875
32578,2876000,20320,56916.59375
32579,2876000,20350,56791.8125
32580,2876000,20380,56856.90625
32581,2876000,20410,56872.296875
32582,2876000,20440,56353.515625
32583,2876000,20470,56885.5
32584,2876000,20500,56877.390625
32585,2876000,20530,56925.09375
32586,2876000,20560,56924.890625
32587,2876000,20590,56907.703125
32588,2876000,20620,56869.90625
32589,2876000,20650,56884.1875
32590,2876000,20680,56830.09375
32591,2876000,20710,56360.890625
32592,2876000,20740,56798.40625
32593,2876000,20770,56876.109375
32594,2876000,20800,56904.59375
32595,2876000,20830,56845.90625
32596,2876000,20860,56862.6875
32597,2876000,20890,56812.3125
32598,2876000,20920,56854.5
32599,2876000,20950,56865.609375
32600,2876000,20980,56818.703125
32601,2876000,21010,56884.40625
32602,2876000,21040,56818.90625
32603,2876000,21070,56850.8125
32604,2876000,21100,56380.09375
32605,2876000,21130,56849.8125
32606,2876000,21160,56817.90625
32607,2876000,21190,56793.09375
32608,2876000,21220,56891.8125
32609,2876000,21250,56862.609375
32610,2876000,21280,56864.71875
32611,2876000,21310,56895.390625
32612,2876000,21340,56363.40625
32613,2876000,21370,56879.6875
32614,2876000,21400,56883.890625
32615,2876000,21430,56841.5
32616,2876000,21460,56916.09375
32617,2876000,21490,56856.203125
32618,2876000,21520,56935.59375
32619,2876000,21550,56847.78125
32620,2876000,21580,56853.703125
32621,2876000,21610,56920.296875
32622,2876000,21640,56386.109375
32623,2876000,21670,56869.703125
32624,2876000,21700,56862.6875
32625,2876000,21730,56843.09375
32626,2876000,21760,56842.6875
32627,2876000,21790,56865.59375
32628,2876000,21820,56869.5
32629,2876000,21850,56849.90625
32630,2876000,21880,56892.796875
32631,2876000,21910,56868.1875
32632,2876000,21940,56862.59375
32633,2876000,21970,56861.796875
32634,2876000,22000,56365.796875
32635,2876000,22030,56876.3125
32636,2876000,22060,56833.78125
32637,2876000,22090,56869.3125
32638,2876000,22120,56918.40625
32639,2876000,22150,56896.609375
32640,2876000,22180,56847.40625
32641,2876000,22210,56861.890625
32642,2876000,22240,56946.21875
32643,2876000,22270,56420.6875
32644,2876000,22300,56962.890625
32645,2876000,22330,56959.1875
32646,2876000,22360,56988.71875
32647,2876000,22390,56847.59375
32648,2876000,22420,56895.890625
32649,2876000,22450,56918.71875
32650,2876000,22480,56872.59375
32651,2876000,22510,56891.21875
32652,2876000,22540,56867.5
32653,2876000,22570,56949.59375
32654,2876000,22600,56932.0
32655,2876000,22630,56404.90625
32656,2876000,22660,56865.515625
32657,2876000,22690,56917.296875
32658,2876000,22720,56909.40625
32659,2876000,22750,56890.09375
32660,2876000,22780,56905.984375
32661,2876000,22810,56869.796875
32662,2876000,22840,56924.015625
32663,2876000,22870,56875.28125
32664,2876000,22900,56367.296875
32665,2876000,22930,56897.296875
32666,2876000,22960,56901.296875
32667,2876000,22990,56917.5
32668,2876000,23020,56854.6875
32669,2876000,23050,56855.515625
32670,2876000,23080,56918.015625
32671,2876000,23110,56913.3125
32672,2876000,23140,56927.1875
32673,2876000,23170,56899.40625
32674,2876000,23200,56912.6875
32675,2876000,23230,56904.71875
32676,2876000,23260,56358.109375
32677,2876000,23290,56898.8125
32678,2876000,23320,56911.40625
32679,2876000,23350,56912.40625
32680,2876000,23380,56794.296875
32681,2876000,23410,56871.59375
32682,2876000,23440,56914.609375
32683,2876000,23470,56896.390625
32684,2876000,23500,56867.40625
32685,2876000,23530,56387.1875
32686,2876000,23560,56883.890625
32687,2876000,23590,56812.28125
32688,2876000,23620,56879.109375
32689,2876000,23650,56863.28125
32690,2876000,23680,56890.796875
32691,2876000,23710,56891.59375
32692,2876000,23740,56815.390625
32693,2876000,23770,56937.0
32694,2876000,23800,56914.015625
32695,2876000,23830,56408.296875
32696,2876000,23860,56889.0
32697,2876000,23890,56877.890625
32698,2876000,23920,56885.484375
32699,2876000,23950,56923.59375
32700,2876000,23980,56912.015625
32701,2876000,24010,56854.5
32702,2876000,24040,56938.5
32703,2876000,24070,56899.90625
32704,2876000,24100,56925.09375
32705,2876000,24130,56849.21875
32706,2876000,24160,56463.1875
32707,2876000,24190,56855.109375
32708,2876000,24220,56882.1875
32709,2876000,24250,56861.71875
32710,2876000,24280,56910.71875
32711,2876000,24310,56871.015625
32712,2876000,24340,56917.0
32713,2876000,24370,56937.3125
32714,2876000,24400,56963.28125
32715,2876000,24430,56930.390625
32716,2876000,24460,56431.09375
32717,2876000,24490,56886.390625
32718,2876000,24520,56884.40625
32719,2876000,24550,56875.59375
32720,2876000,24580,56921.09375
32721,2876000,24610,56888.3125
32722,2876000,24640,56879.6875
32723,2876000,24670,56911.0
32724,2876000,24700,56881.109375
32725,2876000,24730,56874.0
32726,2876000,24760,56912.90625
32727,2876000,24790,56915.0
32728,2876000,24820,56860.890625
32729,2876000,24850,56385.1875
32730,2876000,24880,56945.890625
32731,2876000,24910,56941.40625
32732,2876000,24940,56934.609375
32733,2876000,24970,56904.515625
32734,2876000,25000,56914.90625
32735,2876000,25030,56837.0
32736,2876000,25060,56922.59375
32737,2876000,25090,56925.09375
32738,2876000,25120,56390.0
32739,2876000,25150,56944.015625
32740,2876000,25180,56966.296875
32741,2876000,25210,56962.71875
32742,2876000,25240,56905.09375
32743,2876000,25270,56929.59375
32744,2876000,25300,56923.703125
32745,2876000,25330,56917.015625
32746,2876000,25360,56949.40625
32747,2876000,25390,56866.609375
32748,2876000,25420,57433.703125
32749,2876000,25450,56878.59375
32750,2876000,25480,56867.390625
32751,2876000,25510,56934.1875
32752,2876000,25540,56887.6875
32753,2876000,25570,56441.6875
32754,2876000,25600,56935.703125
32755,2876000,25630,56922.203125
32756,2876000,25660,56997.0
32757,2876000,25690,56946.59375
32758,2876000,25720,56950.5
32759,2876000,25750,56954.484375
32760,2876000,25780,56954.5
32761,2876000,25810,56944.796875
32762,2876000,25840,56983.796875
32763,2876000,25870,56925.59375
32764,2876000,25900,56933.890625
32765,2876000,25930,56457.59375
32766,2876000,25960,56928.28125
32767,2876000,25990,56915.90625
32768,2876000,26020,56892.703125
32769,2876000,26050,56911.78125
32770,2876000,26080,56943.59375
32771,2876000,26110,56896.890625
32772,2876000,26140,56969.90625
32773,2876000,26170,56949.3125
32774,2876000,26200,56962.1875
32775,2876000,26230,56373.796875
32776,2876000,26260,56889.109375
32777,2876000,26290,56949.890625
32778,2876000,26320,56861.6875
32779,2876000,26350,56953.109375
32780,2876000,26380,56969.59375
32781,2876000,26410,56897.28125
32782,2876000,26440,56876.90625
32783,2876000,26470,56911.296875
32784,2876000,26500,56421.0
32785,2876000,26530,56953.609375
32786,2876000,26560,56968.484375
32787,2876000,26590,56935.90625
32788,2876000,26620,56889.8125
32789,2876000,26650,56842.59375
32790,2876000,26680,56986.890625
32791,2876000,26710,56891.796875
32792,2876000,26740,56925.90625
32793,2876000,26770,56971.109375
32794,2876000,26800,56954.390625
32795,2876000,26830,56949.1875
32796,2876000,26860,56416.703125
32797,2876000,26890,56941.8125
32798,2876000,26920,56899.71875
32799,2876000,26950,56932.09375
32800,2876000,26980,56894.203125
32801,2876000,27010,56968.5
32802,2876000,27040,56930.203125
32803,2876000,27070,56903.609375
32804,2876000,27100,56928.90625
32805,2876000,27130,56437.609375
32806,2876000,27160,56956.203125
32807,2876000,27190,56962.484375
32808,2876000,27220,56955.390625
32809,2876000,27250,56993.90625
32810,2876000,27280,56948.203125
32811,2876000,27310,56924.78125
32812,2876000,27340,56923.40625
32813,2876000,27370,56938.515625
32814,2876000,27400,56871.21875
32815,2876000,27430,56961.109375
32816,2876000,27460,57001.09375
32817,2876000,27490,56410.8125
32818,2876000,27520,56940.0
32819,2876000,27550,56978.703125
32820,2876000,27580,56974.59375
32821,2876000,27610,56905.109375
32822,2876000,27640,56889.984375
32823,2876000,27670,56978.984375
32824,2876000,27700,56918.5
32825,2876000,27730,56922.203125
32826,2876000,27760,56422.40625
32827,2876000,27790,56948.40625
32828,2876000,27820,56951.703125
32829,2876000,27850,56914.40625
32830,2876000,27880,56944.1875
32831,2876000,27910,56952.984375
32832,2876000,27940,56925.109375
32833,2876000,27970,56985.90625
32834,2876000,28000,56953.09375
32835,2876000,28030,57010.609375
32836,2876000,28060,56421.0
32837,2876000,28090,56929.5
32838,2876000,28120,56863.09375
32839,2876000,28150,56933.1875
32840,2876000,28180,56989.390625
32841,2876000,28210,56929.890625
32842,2876000,28240,56928.0
32843,2876000,28270,56934.296875
32844,2876000,28300,56971.109375
32845,2876000,28330,56942.21875
32846,2876000,28360,56980.09375
32847,2876000,28390,56911.703125
32848,2876000,28420,56932.5
32849,2876000,28450,56474.28125
32850,2876000,28480,56936.3125
32851,2876000,28510,56961.1875
32852,2876000,28540,56924.40625
32853,2876000,28570,56991.1875
32854,2876000,28600,56943.203125
32855,2876000,28630,56983.796875
32856,2876000,28660,56932.09375
32857,2876000,28690,56428.40625
32858,2876000,28720,56908.015625
32859,2876000,28750,56960.3125
32860,2876000,28780,56932.390625
32861,2876000,28810,56923.390625
32862,2876000,28840,56993.59375
32863,2876000,28870,56965.703125
32864,2876000,28900,56929.609375
32865,2876000,28930,56953.8125
32866,2876000,28960,56940.0
32867,2876000,28990,56943.3125
32868,2876000,29020,56350.6875
32869,2876000,29050,56941.5
32870,2876000,29080,56931.71875
32871,2876000,29110,56963.8125
32872,2876000,29140,56949.203125
32873,2876000,29170,56976.71875
32874,2876000,29200,56937.40625
32875,2876000,29230,56968.28125
32876,2876000,29260,56930.90625
32877,2876000,29290,56915.796875
32878,2876000,29320,56459.09375
32879,2876000,29350,56949.703125
32880,2876000,29380,56921.40625
32881,2876000,29410,56976.6875
32882,2876000,29440,56922.8125
32883,2876000,29470,56921.109375
32884,2876000,29500,57014.21875
32885,2876000,29530,56922.0
32886,2876000,29560,56895.890625
32887,2876000,29590,56928.6875
32888,2876000,29620,56922.5
32889,2876000,29650,56939.3125
32890,2876000,29680,56460.09375
32891,2876000,29710,56931.90625
32892,2876000,29740,57028.015625
32893,2876000,29770,56975.59375
32894,2876000,29800,56915.28125
32895,2876000,29830,56918.90625
32896,2876000,29860,57013.390625
32897,2876000,29890,56962.8125
32898,2876000,29920,56981.8125
32899,2876000,29950,56958.296875
32900,2876000,29980,56462.703125
32901,2876500,100,13241.59375
32902,2876500,130,61174.796875
32903,2876500,160,58840.78125
32904,2876500,190,53637.3125
32905,2876500,220,47424.109375
32906,2876500,250,54664.90625
32907,2876500,280,57307.390625
32908,2876500,310,54379.390625
32909,2876500,340,47605.0
32910,2876500,370,50468.296875
32911,2876500,400,55402.71875
32912,2876500,430,56740.484375
32913,2876500,460,55522.09375
32914,2876500,490,50748.1875
32915,2876500,520,52415.796875
32916,2876500,550,56517.484375
32917,2876500,580,55488.59375
32918,2876500,610,51817.609375
32919,2876500,640,51858.40625
32920,2876500,670,55765.796875
32921,2876500,700,58853.6875
32922,2876500,730,58219.1875
32923,2876500,760,54633.5
32924,2876500,790,48638.109375
32925,2876500,820,50924.703125
32926,2876500,850,55992.0
32927,2876500,880,57433.5
32928,2876500,910,55613.484375
32929,2876500,940,53108.40625
32930,2876500,970,52928.5
32931,2876500,1000,55549.984375
32932,2876500,1030,58098.5
32933,2876500,1060,56786.0
32934,2876500,1090,53932.71875
32935,2876500,1120,53125.015625
32936,2876500,1150,53462.1875
32937,2876500,1180,54995.1875
32938,2876500,1210,55920.609375
32939,2876500,1240,55114.90625
32940,2876500,1270,55909.8125
32941,2876500,1300,55677.78125
32942,2876500,1330,55623.8125
32943,2876500,1360,54947.78125
32944,2876500,1390,54499.3125
32945,2876500,1420,55466.5
32946,2876500,1450,55967.90625
32947,2876500,1480,55841.390625
32948,2876500,1510,55270.203125
32949,2876500,1540,54421.390625
32950,2876500,1570,54885.5
32951,2876500,1600,55073.71875
32952,2876500,1630,55944.09375
32953,2876500,1660,55751.203125
32954,2876500,1690,54931.28125
32955,2876500,1720,54856.59375
32956,2876500,1750,55150.203125
32957,2876500,1780,55292.71875
32958,2876500,1810,55720.484375
32959,2876500,1840,55713.59375
32960,2876500,1870,55444.296875
32961,2876500,1900,54983.609375
32962,2876500,1930,54037.40625
32963,2876500,1960,54741.703125
32964,2876500,1990,55635.09375
32965,2876500,2020,56347.5
32966,2876500,2050,56098.59375
32967,2876500,2080,55073.515625
32968,2876500,2110,54274.5
32969,2876500,2140,54717.3125
32970,2876500,2170,55357.0
32971,2876500,2200,56544.890625
32972,2876500,2230,55893.59375
32973,2876500,2260,54956.109375
32974,2876500,2290,54630.3125
32975,2876500,2320,55289.90625
32976,2876500,2350,56103.703125
32977,2876500,2380,55833.71875
32978,2876500,2410,54829.6875
32979,2876500,2440,54579.3125
32980,2876500,2470,55423.09375
32981,2876500,2500,56237.203125
32982,2876500,2530,55656.890625
32983,2876500,2560,55530.0
32984,2876500,2590,55051.796875
32985,2876500,2620,55346.984375
32986,2876500,2650,55770.984375
32987,2876500,2680,55599.09375
32988,2876500,2710,54808.5
32989,2876500,2740,54838.28125
32990,2876500,2770,55699.09375
32991,2876500,2800,55943.1875
32992,2876500,2830,56302.984375
32993,2876500,2860,55246.09375
32994,2876500,2890,54585.1875
32995,2876500,2920,54779.515625
32996,2876500,2950,55774.890625
32997,2876500,2980,56105.40625
32998,2876500,3010,55334.984375
32999,2876500,3040,54858.59375
33000,2876500,3070,55404.59375
33001,2876500,3100,56081.609375
33002,2876500,3130,56467.78125
33003,2876500,3160,55376.59375
33004,2876500,3190,54756.484375
33005,2876500,3220,54578.015625
33006,2876500,3250,55383.6875
33007,2876500,3280,55973.5
33008,2876500,3310,56027.78125
33009,2876500,3340,55547.1875
33010,2876500,3370,55474.8125
33011,2876500,3400,55676.78125
33012,2876500,3430,55479.1875
33013,2876500,3460,55771.90625
33014,2876500,3490,55175.390625
33015,2876500,3520,55059.8125
33016,2876500,3550,55456.40625
33017,2876500,3580,55898.90625
33018,2876500,3610,55987.5
33019,2876500,3640,55649.1875
33020,2876500,3670,55548.203125
33021,2876500,3700,55695.109375
33022,2876500,3730,55773.890625
33023,2876500,3760,55690.890625
33024,2876500,3790,54674.09375
33025,2876500,3820,55171.109375
33026,2876500,3850,55686.515625
33027,2876500,3880,56020.8125
33028,2876500,3910,56160.5
33029,2876500,3940,55749.890625
33030,2876500,3970,55291.3125
33031,2876500,4000,55330.5
33032,2876500,4030,55668.703125
33033,2876500,4060,55277.890625
33034,2876500,4090,55735.890625
33035,2876500,4120,55525.5
33036,2876500,4150,55637.609375
33037,2876500,4180,55865.21875
33038,2876500,4210,55994.5
33039,2876500,4240,55900.796875
33040,2876500,4270,55656.71875
33041,2876500,4300,55486.890625
33042,2876500,4330,55450.796875
33043,2876500,4360,55115.8125
33044,2876500,4390,55708.8125
33045,2876500,4420,55850.796875
33046,2876500,4450,55908.90625
33047,2876500,4480,55948.390625
33048,2876500,4510,55815.59375
33049,2876500,4540,55611.5
33050,2876500,4570,55456.515625
33051,2876500,4600,55573.40625
33052,2876500,4630,55795.90625
33053,2876500,4660,55916.515625
33054,2876500,4690,55842.40625
33055,2876500,4720,55249.796875
33056,2876500,4750,55731.890625
33057,2876500,4780,55712.609375
33058,2876500,4810,55879.390625
33059,2876500,4840,55894.703125
33060,2876500,4870,55753.90625
33061,2876500,4900,55634.703125
33062,2876500,4930,55719.8125
33063,2876500,4960,55886.09375
33064,2876500,4990,55506.1875
33065,2876500,5020,55999.0
33066,2876500,5050,55845.78125
33067,2876500,5080,55611.109375
33068,2876500,5110,55536.0
33069,2876500,5140,55654.78125
33070,2876500,5170,55880.40625
33071,2876500,5200,56028.40625
33072,2876500,5230,55978.203125
33073,2876500,5260,55847.90625
33074,2876500,5290,55794.90625
33075,2876500,5320,55810.703125
33076,2876500,5350,55333.609375
33077,2876500,5380,55807.78125
33078,2876500,5410,55827.21875
33079,2876500,5440,55779.09375
33080,2876500,5470,55849.90625
33081,2876500,5500,55880.984375
33082,2876500,5530,55937.203125
33083,2876500,5560,55952.6875
33084,2876500,5590,55987.09375
33085,2876500,5620,55387.296875
33086,2876500,5650,55844.59375
33087,2876500,5680,55704.59375
33088,2876500,5710,55777.71875
33089,2876500,5740,55875.890625
33090,2876500,5770,56091.796875
33091,2876500,5800,56136.8125
33092,2876500,5830,55930.90625
33093,2876500,5860,55733.796875
33094,2876500,5890,55688.40625
33095,2876500,5920,55328.1875
33096,2876500,5950,56053.796875
33097,2876500,5980,56022.0
33098,2876500,6010,55948.59375
33099,2876500,6040,55844.484375
33100,2876500,6070,55833.296875
33101,2876500,6100,56036.703125
33102,2876500,6130,56103.3125
33103,2876500,6160,56005.984375
33104,2876500,6190,55692.09375
33105,2876500,6220,55762.1875
33106,2876500,6250,55898.203125
33107,2876500,6280,55577.1875
33108,2876500,6310,56062.796875
33109,2876500,6340,55980.203125
33110,2876500,6370,55932.8125
33111,2876500,6400,56023.28125
33112,2876500,6430,55929.8125
33113,2876500,6460,55899.296875
33114,2876500,6490,55809.390625
33115,2876500,6520,55882.484375
33116,2876500,6550,55634.09375
33117,2876500,6580,56193.296875
33118,2876500,6610,56071.1875
33119,2876500,6640,55840.5
33120,2876500,6670,55821.6875
33121,2876500,6700,56007.609375
33122,2876500,6730,56078.40625
33123,2876500,6760,56063.28125
33124,2876500,6790,55877.90625
33125,2876500,6820,55865.390625
33126,2876500,6850,55937.609375
33127,2876500,6880,56154.90625
33128,2876500,6910,56679.296875
33129,2876500,6940,56005.6875
33130,2876500,6970,55835.390625
33131,2876500,7000,55887.0
33132,2876500,7030,55510.28125
33133,2876500,7060,56112.609375
33134,2876500,7090,56097.296875
33135,2876500,7120,56081.6875
33136,2876500,7150,55987.484375
33137,2876500,7180,56106.09375
33138,2876500,7210,56062.390625
33139,2876500,7240,55992.796875
33140,2876500,7270,55949.296875
33141,2876500,7300,55925.8125
33142,2876500,7330,56098.015625
33143,2876500,7360,56173.0
33144,2876500,7390,55617.3125
33145,2876500,7420,56015.3125
33146,2876500,7450,56014.90625
33147,2876500,7480,56055.796875
33148,2876500,7510,56084.09375
33149,2876500,7540,56033.8125
33150,2876500,7570,55975.90625
33151,2876500,7600,55919.390625
33152,2876500,7630,56070.09375
33153,2876500,7660,55731.40625
33154,2876500,7690,56251.40625
33155,2876500,7720,56112.296875
33156,2876500,7750,56012.5
33157,2876500,7780,55989.09375
33158,2876500,7810,55985.90625
33159,2876500,7840,56097.90625
33160,2876500,7870,56079.90625
33161,2876500,7900,56107.3125
33162,2876500,7930,56086.109375
33163,2876500,7960,55653.28125
33164,2876500,7990,56138.3125
33165,2876500,8020,56101.296875
33166,2876500,8050,56080.5
33167,2876500,8080,56046.0
33168,2876500,8110,56021.59375
33169,2876500,8140,56096.40625
33170,2876500,8170,56124.90625
33171,2876500,8200,56206.296875
33172,2876500,8230,56180.890625
33173,2876500,8260,56085.6875
33174,2876500,8290,56114.6875
33175,2876500,8320,55594.1875
33176,2876500,8350,56036.5
33177,2876500,8380,56078.90625
33178,2876500,8410,56119.5
33179,2876500,8440,56175.203125
33180,2876500,8470,56191.5
33181,2876500,8500,56224.09375
33182,2876500,8530,56153.609375
33183,2876500,8560,56098.40625
33184,2876500,8590,56054.21875
33185,2876500,8620,56103.8125
33186,2876500,8650,55625.203125
33187,2876500,8680,56201.609375
33188,2876500,8710,56190.1875
33189,2876500,8740,56113.703125
33190,2876500,8770,56157.0
33191,2876500,8800,56184.1875
33192,2876500,8830,56183.109375
33193,2876500,8860,56161.484375
33194,2876500,8890,56185.0
33195,2876500,8920,56072.6875
33196,2876500,8950,55662.28125
33197,2876500,8980,56205.703125
33198,2876500,9010,56259.09375
33199,2876500,9040,56234.796875
33200,2876500,9070,56145.390625
33201,2876500,9100,56193.0
33202,2876500,9130,56214.8125
33203,2876500,9160,56193.796875
33204,2876500,9190,56168.984375
33205,2876500,9220,55647.5
33206,2876500,9250,56232.890625
33207,2876500,9280,56219.5
33208,2876500,9310,56261.40625
33209,2876500,9340,56217.59375
33210,2876500,9370,56146.71875
33211,2876500,9400,56158.09375
33212,2876500,9430,56219.609375
33213,2876500,9460,56160.5
33214,2876500,9490,56223.890625
33215,2876500,9520,56207.515625
33216,2876500,9550,56180.6875
33217,2876500,9580,55773.3125
33218,2876500,9610,56273.90625
33219,2876500,9640,56205.8125
33220,2876500,9670,56234.71875
33221,2876500,9700,56162.0
33222,2876500,9730,56226.0
33223,2876500,9760,56227.109375
33224,2876500,9790,56226.8125
33225,2876500,9820,56236.015625
33226,2876500,9850,55734.59375
33227,2876500,9880,56251.0
33228,2876500,9910,56282.40625
33229,2876500,9940,56236.6875
33230,2876500,9970,56234.59375
33231,2876500,10000,56147.0
33232,2876500,10030,56234.3125
33233,2876500,10060,56298.59375
33234,2876500,10090,56277.796875
33235,2876500,10120,56292.703125
33236,2876500,10150,56236.3125
33237,2876500,10180,56296.3125
33238,2876500,10210,55767.484375
33239,2876500,10240,56260.3125
33240,2876500,10270,56282.984375
33241,2876500,10300,56283.5
33242,2876500,10330,56287.0
33243,2876500,10360,56237.3125
33244,2876500,10390,56302.1875
33245,2876500,10420,56324.6875
33246,2876500,10450,56189.09375
33247,2876500,10480,55782.890625
33248,2876500,10510,56220.5
33249,2876500,10540,56222.71875
33250,2876500,10570,56337.6875
33251,2876500,10600,56272.40625
33252,2876500,10630,56319.8125
33253,2876500,10660,56294.296875
33254,2876500,10690,56321.71875
33255,2876500,10720,56314.3125
33256,2876500,10750,56223.8125
33257,2876500,10780,55781.296875
33258,2876500,10810,56362.703125
33259,2876500,10840,56273.0
33260,2876500,10870,56338.21875
33261,2876500,10900,56320.78125
33262,2876500,10930,56287.609375
33263,2876500,10960,56301.28125
33264,2876500,10990,56318.90625
33265,2876500,11020,56333.203125
33266,2876500,11050,56368.0
33267,2876500,11080,56254.0
33268,2876500,11110,56313.703125
33269,2876500,11140,55791.40625
33270,2876500,11170,56377.203125
33271,2876500,11200,56391.59375
33272,2876500,11230,56446.40625
33273,2876500,11260,56302.5
33274,2876500,11290,56279.0
33275,2876500,11320,56310.6875
33276,2876500,11350,56380.6875
33277,2876500,11380,56347.6875
33278,2876500,11410,55910.890625
33279,2876500,11440,56367.40625
33280,2876500,11470,56391.890625
33281,2876500,11500,56372.59375
33282,2876500,11530,56293.78125
33283,2876500,11560,56351.28125
33284,2876500,11590,56393.296875
33285,2876500,11620,56337.3125
33286,2876500,11650,56363.0
33287,2876500,11680,56377.78125
33288,2876500,11710,56378.0
33289,2876500,11740,56394.09375
33290,2876500,11770,55862.21875
33291,2876500,11800,56343.3125
33292,2876500,11830,56388.890625
33293,2876500,11860,56332.28125
33294,2876500,11890,56298.78125
33295,2876500,11920,56380.015625
33296,2876500,11950,56377.390625
33297,2876500,11980,56398.6875
33298,2876500,12010,56393.296875
33299,2876500,12040,55846.90625
33300,2876500,12070,56352.796875
33301,2876500,12100,56328.0
33302,2876500,12130,56373.890625
33303,2876500,12160,56381.09375
33304,2876500,12190,56396.5
33305,2876500,12220,56375.796875
33306,2876500,12250,56427.28125
33307,2876500,12280,56426.78125
33308,2876500,12310,56329.40625
33309,2876500,12340,56466.015625
33310,2876500,12370,56390.71875
33311,2876500,12400,55887.09375
33312,2876500,12430,56380.0
33313,2876500,12460,56350.0
33314,2876500,12490,56416.390625
33315,2876500,12520,56438.609375
33316,2876500,12550,56438.90625
33317,2876500,12580,56400.90625
33318,2876500,12610,56426.703125
33319,2876500,12640,56447.890625
33320,2876500,12670,56370.0
33321,2876500,12700,55818.90625
33322,2876500,12730,56435.59375
33323,2876500,12760,56405.484375
33324,2876500,12790,56410.984375
33325,2876500,12820,56503.703125
33326,2876500,12850,56394.515625
33327,2876500,12880,56441.515625
33328,2876500,12910,56403.890625
33329,2876500,12940,56359.5
33330,2876500,12970,56411.59375
33331,2876500,13000,56420.609375
33332,2876500,13030,55951.78125
33333,2876500,13060,56447.09375
33334,2876500,13090,56424.09375
33335,2876500,13120,56457.71875
33336,2876500,13150,56420.609375
33337,2876500,13180,56371.5
33338,2876500,13210,56393.296875
33339,2876500,13240,56423.390625
33340,2876500,13270,56452.3125
33341,2876500,13300,56492.390625
33342,2876500,13330,56366.796875
33343,2876500,13360,55964.203125
33344,2876500,13390,56447.390625
33345,2876500,13420,56431.90625
33346,2876500,13450,56421.609375
33347,2876500,13480,56473.1875
33348,2876500,13510,56432.390625
33349,2876500,13540,56484.3125
33350,2876500,13570,56461.796875
33351,2876500,13600,55958.59375
33352,2876500,13630,56439.40625
33353,2876500,13660,56476.21875
33354,2876500,13690,56459.890625
33355,2876500,13720,56436.90625
33356,2876500,13750,56498.484375
33357,2876500,13780,56446.296875
33358,2876500,13810,56448.796875
33359,2876500,13840,56460.203125
33360,2876500,13870,56463.8125
33361,2876500,13900,56460.0
33362,2876500,13930,56427.890625
33363,2876500,13960,55941.28125
33364,2876500,13990,56439.890625
33365,2876500,14020,56485.8125
33366,2876500,14050,56473.015625
33367,2876500,14080,56483.71875
33368,2876500,14110,56462.890625
33369,2876500,14140,56459.90625
33370,2876500,14170,56466.40625
33371,2876500,14200,56433.90625
33372,2876500,14230,56051.40625
33373,2876500,14260,56446.1875
33374,2876500,14290,56414.6875
33375,2876500,14320,56500.203125
33376,2876500,14350,56510.796875
33377,2876500,14380,56461.90625
33378,2876500,14410,56496.1875
33379,2876500,14440,56477.40625
33380,2876500,14470,56431.40625
33381,2876500,14500,56487.6875
33382,2876500,14530,56441.90625
33383,2876500,14560,56478.703125
33384,2876500,14590,56036.890625
33385,2876500,14620,56519.8125
33386,2876500,14650,56467.296875
33387,2876500,14680,56477.90625
33388,2876500,14710,56474.1875
33389,2876500,14740,56491.609375
33390,2876500,14770,56498.71875
33391,2876500,14800,56535.0
33392,2876500,14830,56453.28125
33393,2876500,14860,56002.1875
33394,2876500,14890,56489.3125
33395,2876500,14920,56540.609375
33396,2876500,14950,56474.3125
33397,2876500,14980,56475.203125
33398,2876500,15010,56514.109375
33399,2876500,15040,56440.90625
33400,2876500,15070,56454.1875
33401,2876500,15100,56471.59375
33402,2876500,15130,56432.3125
33403,2876500,15160,55987.296875
33404,2876500,15190,56505.0
33405,2876500,15220,56506.90625
33406,2876500,15250,56539.21875
33407,2876500,15280,56519.40625
33408,2876500,15310,56465.90625
33409,2876500,15340,56550.109375
33410,2876500,15370,56502.296875
33411,2876500,15400,56494.390625
33412,2876500,15430,56536.09375
33413,2876500,15460,56586.796875
33414,2876500,15490,56532.5
33415,2876500,15520,56037.484375
33416,2876500,15550,56610.40625
33417,2876500,15580,56564.6875
33418,2876500,15610,56488.015625
33419,2876500,15640,56493.78125
33420,2876500,15670,56561.484375
33421,2876500,15700,56468.703125
33422,2876500,15730,56516.40625
33423,2876500,15760,56544.3125
33424,2876500,15790,55993.28125
33425,2876500,15820,56525.1875
33426,2876500,15850,56504.40625
33427,2876500,15880,56529.703125
33428,2876500,15910,56526.5
33429,2876500,15940,56546.28125
33430,2876500,15970,56552.109375
33431,2876500,16000,56528.90625
33432,2876500,16030,56596.484375
33433,2876500,16060,56496.515625
33434,2876500,16090,56538.5
33435,2876500,16120,56537.0
33436,2876500,16150,56045.296875
33437,2876500,16180,56535.09375
33438,2876500,16210,56537.0
33439,2876500,16240,56592.5
33440,2876500,16270,56572.5
33441,2876500,16300,56534.203125
33442,2876500,16330,56571.390625
33443,2876500,16360,56553.703125
33444,2876500,16390,56567.703125
33445,2876500,16420,56052.6875
33446,2876500,16450,56581.203125
33447,2876500,16480,56613.0
33448,2876500,16510,56597.3125
33449,2876500,16540,56568.78125
33450,2876500,16570,56566.703125
33451,2876500,16600,56527.90625
33452,2876500,16630,56568.6875
33453,2876500,16660,56554.890625
33454,2876500,16690,56565.890625
33455,2876500,16720,56536.109375
33456,2876500,16750,56576.296875
33457,2876500,16780,56078.09375
33458,2876500,16810,56536.59375
33459,2876500,16840,56532.09375
33460,2876500,16870,56570.890625
33461,2876500,16900,56581.203125
33462,2876500,16930,56521.984375
33463,2876500,16960,56535.703125
33464,2876500,16990,56611.0
33465,2876500,17020,56551.890625
33466,2876500,17050,56019.0
33467,2876500,17080,56558.3125
33468,2876500,17110,56584.296875
33469,2876500,17140,56527.6875
33470,2876500,17170,56565.5
33471,2876500,17200,56639.390625
33472,2876500,17230,56545.296875
33473,2876500,17260,56618.796875
33474,2876500,17290,56615.984375
33475,2876500,17320,56648.296875
33476,2876500,17350,56070.78125
33477,2876500,17380,56609.703125
33478,2876500,17410,56609.90625
33479,2876500,17440,56590.109375
33480,2876500,17470,56607.90625
33481,2876500,17500,56585.90625
33482,2876500,17530,56561.90625
33483,2876500,17560,56595.09375
33484,2876500,17590,56632.59375
33485,2876500,17620,56514.5
33486,2876500,17650,56616.296875
33487,2876500,17680,56578.0
33488,2876500,17710,56100.703125
33489,2876500,17740,56545.59375
33490,2876500,17770,56586.796875
33491,2876500,17800,56565.5
33492,2876500,17830,56602.484375
33493,2876500,17860,56586.609375
33494,2876500,17890,56578.1875
33495,2876500,17920,56632.59375
33496,2876500,17950,56552.8125
33497,2876500,17980,56037.6875
33498,2876500,18010,56618.5
33499,2876500,18040,56585.484375
33500,2876500,18070,56604.109375
33501,2876500,18100,56636.796875
33502,2876500,18130,56611.1875
33503,2876500,18160,56689.890625
33504,2876500,18190,56564.109375
33505,2876500,18220,56562.8125
33506,2876500,18250,56624.203125
33507,2876500,18280,56608.28125
33508,2876500,18310,56580.90625
33509,2876500,18340,56115.21875
33510,2876500,18370,56629.484375
33511,2876500,18400,56558.703125
33512,2876500,18430,56585.3125
33513,2876500,18460,56620.203125
33514,2876500,18490,56629.296875
33515,2876500,18520,56561.6875
33516,2876500,18550,56568.984375
33517,2876500,18580,56592.90625
33518,2876500,18610,56064.78125
33519,2876500,18640,56613.890625
33520,2876500,18670,56625.390625
33521,2876500,18700,56640.015625
33522,2876500,18730,56563.59375
33523,2876500,18760,56653.5
33524,2876500,18790,56597.71875
33525,2876500,18820,56628.6875
33526,2876500,18850,56618.015625
33527,2876500,18880,56656.609375
33528,2876500,18910,56644.59375
33529,2876500,18940,56641.296875
33530,2876500,18970,56575.390625
33531,2876500,19000,56083.40625
33532,2876500,19030,56586.203125
33533,2876500,19060,56632.09375
33534,2876500,19090,56583.40625
33535,2876500,19120,56644.8125
33536,2876500,19150,56618.09375
33537,2876500,19180,56625.796875
33538,2876500,19210,56594.296875
33539,2876500,19240,56150.484375
33540,2876500,19270,56617.390625
33541,2876500,19300,56613.5
33542,2876500,19330,56629.09375
33543,2876500,19360,56579.09375
33544,2876500,19390,56665.21875
33545,2876500,19420,56673.109375
33546,2876500,19450,56619.0
33547,2876500,19480,56628.78125
33548,2876500,19510,56707.5
33549,2876500,19540,56662.484375
33550,2876500,19570,56578.6875
33551,2876500,19600,56176.109375
33552,2876500,19630,56633.109375
33553,2876500,19660,56603.3125
33554,2876500,19690,56585.015625
33555,2876500,19720,56629.21875
33556,2876500,19750,56613.59375
33557,2876500,19780,56657.90625
33558,2876500,19810,56636.609375
33559,2876500,19840,56577.09375
33560,2876500,19870,56705.09375
33561,2876500,19900,56149.796875
33562,2876500,19930,56627.1875
33563,2876500,19960,56653.09375
33564,2876500,19990,56708.796875
33565,2876500,20020,56640.890625
33566,2876500,20050,56657.6875
33567,2876500,20080,56587.890625
33568,2876500,20110,56651.09375
33569,2876500,20140,56656.890625
33570,2876500,20170,56142.28125
33571,2876500,20200,56655.5
33572,2876500,20230,56637.796875
33573,2876500,20260,56604.796875
33574,2876500,20290,56657.78125
33575,2876500,20320,56642.40625
33576,2876500,20350,56660.59375
33577,2876500,20380,56646.703125
33578,2876500,20410,56663.09375
33579,2876500,20440,56656.390625
33580,2876500,20470,56568.59375
33581,2876500,20500,57097.59375
33582,2876500,20530,57139.0
33583,2876500,20560,56641.5
33584,2876500,20590,56623.609375
33585,2876500,20620,56672.703125
33586,2876500,20650,56702.609375
33587,2876500,20680,56631.203125
33588,2876500,20710,56614.0
33589,2876500,20740,56623.703125
33590,2876500,20770,56654.09375
33591,2876500,20800,56741.78125
33592,2876500,20830,56648.5
33593,2876500,20860,56153.59375
33594,2876500,20890,56661.390625
33595,2876500,20920,56664.09375
33596,2876500,20950,56702.8125
33597,2876500,20980,56659.1875
33598,2876500,21010,56675.8125
33599,2876500,21040,56695.984375
33600,2876500,21070,56662.796875
33601,2876500,21100,56697.5
33602,2876500,21130,56192.40625
33603,2876500,21160,56623.90625
33604,2876500,21190,56666.5
33605,2876500,21220,56657.703125
33606,2876500,21250,56627.515625
33607,2876500,21280,56712.0
33608,2876500,21310,56626.015625
33609,2876500,21340,56633.3125
33610,2876500,21370,56644.40625
33611,2876500,21400,56662.40625
33612,2876500,21430,56652.59375
33613,2876500,21460,56674.203125
33614,2876500,21490,56143.8125
33615,2876500,21520,56696.203125
33616,2876500,21550,56681.21875
33617,2876500,21580,56642.0
33618,2876500,21610,56658.203125
33619,2876500,21640,56699.40625
33620,2876500,21670,56678.40625
33621,2876500,21700,56652.296875
33622,2876500,21730,56621.5
33623,2876500,21760,56144.90625
33624,2876500,21790,56772.296875
33625,2876500,21820,56716.703125
33626,2876500,21850,56724.90625
33627,2876500,21880,56655.796875
33628,2876500,21910,56662.5
33629,2876500,21940,56652.1875
33630,2876500,21970,56730.0
33631,2876500,22000,56675.203125
33632,2876500,22030,56636.8125
33633,2876500,22060,56712.1875
33634,2876500,22090,56665.203125
33635,2876500,22120,56205.1875
33636,2876500,22150,56713.703125
33637,2876500,22180,56682.609375
33638,2876500,22210,56732.609375
33639,2876500,22240,56720.40625
33640,2876500,22270,56710.59375
33641,2876500,22300,56703.796875
33642,2876500,22330,56660.015625
33643,2876500,22360,56689.484375
33644,2876500,22390,56667.109375
33645,2876500,22420,56219.796875
33646,2876500,22450,56638.796875
33647,2876500,22480,56726.515625
33648,2876500,22510,56712.1875
33649,2876500,22540,56644.703125
33650,2876500,22570,57187.203125
33651,2876500,22600,56667.09375
33652,2876500,22630,56670.78125
33653,2876500,22660,56633.5
33654,2876500,22690,56666.796875
33655,2876500,22720,56700.59375
33656,2876500,22750,56653.109375
33657,2876500,22780,56726.109375
33658,2876500,22810,56711.6875
33659,2876500,22840,56644.59375
33660,2876500,22870,56701.6875
33661,2876500,22900,56219.5
33662,2876500,22930,56695.0
33663,2876500,22960,56685.0
33664,2876500,22990,56736.609375
33665,2876500,23020,56637.8125
33666,2876500,23050,56687.28125
33667,2876500,23080,56668.6875
33668,2876500,23110,56683.6875
33669,2876500,23140,56669.609375
33670,2876500,23170,56271.1875
33671,2876500,23200,56727.515625
33672,2876500,23230,56631.296875
33673,2876500,23260,56787.09375
33674,2876500,23290,56707.5
33675,2876500,23320,56706.09375
33676,2876500,23350,56669.6875
33677,2876500,23380,56754.296875
33678,2876500,23410,56686.90625
33679,2876500,23440,56664.0
33680,2876500,23470,56720.3125
33681,2876500,23500,56702.796875
33682,2876500,23530,56181.28125
33683,2876500,23560,56693.890625
33684,2876500,23590,56695.796875
33685,2876500,23620,56668.40625
33686,2876500,23650,56695.8125
33687,2876500,23680,56716.3125
33688,2876500,23710,56683.6875
33689,2876500,23740,56657.703125
33690,2876500,23770,56706.0
33691,2876500,23800,56204.015625
33692,2876500,23830,56685.015625
33693,2876500,23860,56723.796875
33694,2876500,23890,56717.296875
33695,2876500,23920,56652.5
33696,2876500,23950,56694.3125
33697,2876500,23980,56688.6875
33698,2876500,24010,56738.6875
33699,2876500,24040,56704.40625
33700,2876500,24070,56650.90625
33701,2876500,24100,56671.1875
33702,2876500,24130,56764.1875
33703,2876500,24160,56181.5
33704,2876500,24190,56681.5
33705,2876500,24220,56709.703125
33706,2876500,24250,56698.484375
33707,2876500,24280,56680.8125
33708,2876500,24310,56627.390625
33709,2876500,24340,56657.1875
33710,2876500,24370,56724.515625
33711,2876500,24400,56764.0
33712,2876500,24430,56209.8125
33713,2876500,24460,56699.890625
33714,2876500,24490,56735.0
33715,2876500,24520,56704.71875
33716,2876500,24550,56718.8125
33717,2876500,24580,56688.390625
33718,2876500,24610,56680.890625
33719,2876500,24640,56713.703125
33720,2876500,24670,56634.90625
33721,2876500,24700,56703.890625
33722,2876500,24730,56216.71875
33723,2876500,24760,56683.71875
33724,2876500,24790,56742.515625
33725,2876500,24820,56687.0
33726,2876500,24850,56687.390625
33727,2876500,24880,56724.203125
33728,2876500,24910,56690.890625
33729,2876500,24940,56700.09375
33730,2876500,24970,56724.21875
33731,2876500,25000,56680.796875
33732,2876500,25030,56717.3125
33733,2876500,25060,56722.40625
33734,2876500,25090,56709.90625
33735,2876500,25120,56178.3125
33736,2876500,25150,56686.71875
33737,2876500,25180,56692.0
33738,2876500,25210,56733.90625
33739,2876500,25240,56709.59375
33740,2876500,25270,56715.390625
33741,2876500,25300,56692.203125
33742,2876500,25330,56741.40625
33743,2876500,25360,56170.0
33744,2876500,25390,56691.09375
33745,2876500,25420,56718.59375
33746,2876500,25450,56717.390625
33747,2876500,25480,56715.1875
33748,2876500,25510,56733.796875
33749,2876500,25540,56759.984375
33750,2876500,25570,56755.203125
33751,2876500,25600,56718.21875
33752,2876500,25630,56713.296875
33753,2876500,25660,56694.796875
33754,2876500,25690,56705.484375
33755,2876500,25720,56261.8125
33756,2876500,25750,56693.109375
33757,2876500,25780,56707.703125
33758,2876500,25810,56701.3125
33759,2876500,25840,56754.21875
33760,2876500,25870,56723.09375
33761,2876500,25900,56707.203125
33762,2876500,25930,56702.703125
33763,2876500,25960,56668.796875
33764,2876500,25990,56178.40625
33765,2876500,26020,56738.703125
33766,2876500,26050,56756.40625
33767,2876500,26080,56715.59375
33768,2876500,26110,56708.0
33769,2876500,26140,56724.5
33770,2876500,26170,56671.390625
33771,2876500,26200,56692.484375
33772,2876500,26230,56706.59375
33773,2876500,26260,56738.0
33774,2876500,26290,56736.109375
33775,2876500,26320,56672.09375
33776,2876500,26350,56242.796875
33777,2876500,26380,56714.21875
33778,2876500,26410,56738.796875
33779,2876500,26440,56778.0
33780,2876500,26470,56715.515625
33781,2876500,26500,56755.78125
33782,2876500,26530,56746.515625
33783,2876500,26560,56712.609375
33784,2876500,26590,56696.5
33785,2876500,26620,56252.90625
33786,2876500,26650,56740.390625
33787,2876500,26680,56735.8125
33788,2876500,26710,56788.3125
33789,2876500,26740,56725.6875
33790,2876500,26770,56758.59375
33791,2876500,26800,56665.296875
33792,2876500,26830,56732.1875
33793,2876500,26860,56691.203125
33794,2876500,26890,56719.703125
33795,2876500,26920,56734.78125
33796,2876500,26950,56712.390625
33797,2876500,26980,56205.203125
33798,2876500,27010,56728.90625
33799,2876500,27040,56731.390625
33800,2876500,27070,56767.59375
33801,2876500,27100,56727.59375
33802,2876500,27130,56749.28125
33803,2876500,27160,56632.78125
33804,2876500,27190,56708.609375
33805,2876500,27220,56748.09375
33806,2876500,27250,56785.109375
33807,2876500,27280,56200.28125
33808,2876500,27310,56753.0
33809,2876500,27340,56794.203125
33810,2876500,27370,56746.296875
33811,2876500,27400,56723.109375
33812,2876500,27430,56689.5
33813,2876500,27460,56771.6875
33814,2876500,27490,56804.203125
33815,2876500,27520,56777.09375
33816,2876500,27550,56250.3125
33817,2876500,27580,56740.796875
33818,2876500,27610,56705.09375
33819,2876500,27640,56755.390625
33820,2876500,27670,56730.609375
33821,2876500,27700,56775.09375
33822,2876500,27730,56777.3125
33823,2876500,27760,56717.09375
33824,2876500,27790,56739.6875
33825,2876500,27820,56733.09375
33826,2876500,27850,56691.6875
33827,2876500,27880,56730.6875
33828,2876500,27910,56265.28125
33829,2876500,27940,56710.109375
33830,2876500,27970,56788.28125
33831,2876500,28000,56722.109375
33832,2876500,28030,56736.109375
33833,2876500,28060,56750.8125
33834,2876500,28090,56731.09375
33835,2876500,28120,56698.1875
33836,2876500,28150,56673.8125
33837,2876500,28180,56240.703125
33838,2876500,28210,56759.890625
33839,2876500,28240,56743.59375
33840,2876500,28270,56699.109375
33841,2876500,28300,56706.40625
33842,2876500,28330,56716.40625
33843,2876500,28360,56707.90625
33844,2876500,28390,56757.296875
33845,2876500,28420,56693.703125
33846,2876500,28450,56777.703125
33847,2876500,28480,56682.796875
33848,2876500,28510,56727.3125
33849,2876500,28540,56238.6875
33850,2876500,28570,56750.09375
33851,2876500,28600,56724.90625
33852,2876500,28630,56753.59375
33853,2876500,28660,56766.390625
33854,2876500,28690,56772.890625
33855,2876500,28720,56713.203125
33856,2876500,28750,56764.09375
33857,2876500,28780,56799.0
33858,2876500,28810,56256.1875
33859,2876500,28840,56691.0
33860,2876500,28870,56713.203125
33861,2876500,28900,56804.390625
33862,2876500,28930,56768.5
33863,2876500,28960,56751.015625
33864,2876500,28990,56747.390625
33865,2876500,29020,56739.296875
33866,2876500,29050,56750.21875
33867,2876500,29080,56726.0
33868,2876500,29110,56735.515625
33869,2876500,29140,56822.203125
33870,2876500,29170,56269.1875
33871,2876500,29200,56751.484375
33872,2876500,29230,56749.796875
33873,2876500,29260,56677.59375
33874,2876500,29290,56715.59375
33875,2876500,29320,56780.1875
33876,2876500,29350,56758.296875
33877,2876500,29380,56754.40625
33878,2876500,29410,56748.015625
33879,2876500,29440,56717.203125
33880,2876500,29470,56255.6875
33881,2876500,29500,56777.984375
33882,2876500,29530,56693.109375
33883,2876500,29560,56804.484375
33884,2876500,29590,56707.390625
33885,2876500,29620,56790.296875
33886,2876500,29650,56814.59375
33887,2876500,29680,56740.09375
33888,2876500,29710,56712.109375
33889,2876500,29740,56307.78125
33890,2876500,29770,56774.09375
33891,2876500,29800,56763.609375
33892,2876500,29830,56737.296875
33893,2876500,29860,56734.390625
33894,2876500,29890,56714.703125
33895,2876500,29920,56766.3125
33896,2876500,29950,56780.09375
33897,2876500,29980,56738.296875
33898,2877000,100,13249.8125
33899,2877000,130,60928.390625
33900,2877000,160,58630.21875
33901,2877000,190,52951.5
33902,2877000,220,47070.0
33903,2877000,250,54476.890625
33904,2877000,280,56945.3125
33905,2877000,310,53476.890625
33906,2877000,340,46961.390625
33907,2877000,370,51517.40625
33908,2877000,400,55414.28125
33909,2877000,430,56571.21875
33910,2877000,460,54240.59375
33911,2877000,490,49993.40625
33912,2877000,520,52585.40625
33913,2877000,550,56313.3125
33914,2877000,580,54851.40625
33915,2877000,610,52104.59375
33916,2877000,640,52141.40625
33917,2877000,670,56140.90625
33918,2877000,700,58698.109375
33919,2877000,730,56920.40625
33920,2877000,760,52107.015625
33921,2877000,790,47717.3125
33922,2877000,820,51960.90625
33923,2877000,850,56822.1875
33924,2877000,880,57431.109375
33925,2877000,910,54938.890625
33926,2877000,940,52605.984375
33927,2877000,970,53698.1875
33928,2877000,1000,56193.5
33929,2877000,1030,57503.40625
33930,2877000,1060,54886.015625
33931,2877000,1090,52677.703125
33932,2877000,1120,52443.0
33933,2877000,1150,53843.71875
33934,2877000,1180,55643.0
33935,2877000,1210,55815.390625
33936,2877000,1240,55318.40625
33937,2877000,1270,55452.28125
33938,2877000,1300,55266.90625
33939,2877000,1330,55090.5
33940,2877000,1360,54439.5
33941,2877000,1390,54046.40625
33942,2877000,1420,55522.484375
33943,2877000,1450,55561.8125
33944,2877000,1480,55551.6875
33945,2877000,1510,54443.40625
33946,2877000,1540,53972.78125
33947,2877000,1570,54946.0
33948,2877000,1600,55500.90625
33949,2877000,1630,55815.40625
33950,2877000,1660,54720.40625
33951,2877000,1690,54522.5
33952,2877000,1720,54675.3125
33953,2877000,1750,55096.109375
33954,2877000,1780,55401.5
33955,2877000,1810,55396.3125
33956,2877000,1840,55016.296875
33957,2877000,1870,54807.890625
33958,2877000,1900,54456.5
33959,2877000,1930,54619.796875
33960,2877000,1960,55039.21875
33961,2877000,1990,55735.203125
33962,2877000,2020,55856.109375
33963,2877000,2050,54529.5
33964,2877000,2080,54235.09375
33965,2877000,2110,54271.59375
33966,2877000,2140,55217.015625
33967,2877000,2170,56250.609375
33968,2877000,2200,56081.40625
33969,2877000,2230,54769.8125
33970,2877000,2260,54128.390625
33971,2877000,2290,54715.0
33972,2877000,2320,55020.109375
33973,2877000,2350,55739.609375
33974,2877000,2380,55037.09375
33975,2877000,2410,54561.203125
33976,2877000,2440,54951.3125
33977,2877000,2470,55880.796875
33978,2877000,2500,55887.0
33979,2877000,2530,55239.0
33980,2877000,2560,54607.703125
33981,2877000,2590,54169.0
33982,2877000,2620,55271.59375
33983,2877000,2650,55396.40625
33984,2877000,2680,55065.609375
33985,2877000,2710,54963.296875
33986,2877000,2740,55329.59375
33987,2877000,2770,55996.609375
33988,2877000,2800,55973.8125
33989,2877000,2830,54813.09375
33990,2877000,2860,54145.484375
33991,2877000,2890,54504.59375
33992,2877000,2920,55366.0
33993,2877000,2950,55570.59375
33994,2877000,2980,55473.8125
33995,2877000,3010,54758.796875
33996,2877000,3040,54991.0
33997,2877000,3070,55508.09375
33998,2877000,3100,55915.203125
33999,2877000,3130,55273.390625
34000,2877000,3160,54432.390625
34001,2877000,3190,54416.5
34002,2877000,3220,54826.78125
34003,2877000,3250,56080.890625
34004,2877000,3280,55977.703125
34005,2877000,3310,55247.90625
34006,2877000,3340,54967.0
34007,2877000,3370,55082.0
34008,2877000,3400,55433.3125
34009,2877000,3430,55361.40625
34010,2877000,3460,54999.40625
34011,2877000,3490,55077.703125
34012,2877000,3520,55411.890625
34013,2877000,3550,55803.203125
34014,2877000,3580,55222.90625
34015,2877000,3610,55289.5
34016,2877000,3640,55033.21875
34017,2877000,3670,55112.3125
34018,2877000,3700,55381.59375
34019,2877000,3730,55352.8125
34020,2877000,3760,55130.484375
34021,2877000,3790,55253.609375
34022,2877000,3820,55560.703125
34023,2877000,3850,55268.890625
34024,2877000,3880,55654.59375
34025,2877000,3910,55086.59375
34026,2877000,3940,54766.703125
34027,2877000,3970,55113.015625
34028,2877000,4000,55557.1875
34029,2877000,4030,55723.109375
34030,2877000,4060,55572.484375
34031,2877000,4090,55300.796875
34032,2877000,4120,55304.296875
34033,2877000,4150,55464.40625
34034,2877000,4180,55532.984375
34035,2877000,4210,54836.0
34036,2877000,4240,55174.390625
34037,2877000,4270,55186.890625
34038,2877000,4300,55423.609375
34039,2877000,4330,55636.609375
34040,2877000,4360,55639.5
34041,2877000,4390,55602.5
34042,2877000,4420,55501.6875
34043,2877000,4450,55336.90625
34044,2877000,4480,54793.203125
34045,2877000,4510,55265.21875
34046,2877000,4540,55434.515625
34047,2877000,4570,55592.59375
34048,2877000,4600,55710.796875
34049,2877000,4630,55570.3125
34050,2877000,4660,55417.40625
34051,2877000,4690,55295.59375
34052,2877000,4720,55367.1875
34053,2877000,4750,55474.890625
34054,2877000,4780,55603.6875
34055,2877000,4810,55574.203125
34056,2877000,4840,54995.796875
34057,2877000,4870,55481.390625
34058,2877000,4900,55562.109375
34059,2877000,4930,55618.0
34060,2877000,4960,55586.890625
34061,2877000,4990,55400.59375
34062,2877000,5020,55317.59375
34063,2877000,5050,55330.6875
34064,2877000,5080,55496.78125
34065,2877000,5110,55713.59375
34066,2877000,5140,55225.515625
34067,2877000,5170,55649.015625
34068,2877000,5200,55483.796875
34069,2877000,5230,55354.0
34070,2877000,5260,55418.40625
34071,2877000,5290,55525.296875
34072,2877000,5320,55589.390625
34073,2877000,5350,55663.890625
34074,2877000,5380,55586.40625
34075,2877000,5410,55056.21875
34076,2877000,5440,55554.09375
34077,2877000,5470,55615.09375
34078,2877000,5500,55581.484375
34079,2877000,5530,55482.40625
34080,2877000,5560,55575.390625
34081,2877000,5590,55585.203125
34082,2877000,5620,55617.3125
34083,2877000,5650,55538.515625
34084,2877000,5680,55628.8125
34085,2877000,5710,55678.984375
34086,2877000,5740,55685.0
34087,2877000,5770,55092.1875
34088,2877000,5800,55476.8125
34089,2877000,5830,55392.796875
34090,2877000,5860,55581.890625
34091,2877000,5890,55809.6875
34092,2877000,5920,55869.1875
34093,2877000,5950,55655.6875
34094,2877000,5980,55460.40625
34095,2877000,6010,55432.3125
34096,2877000,6040,55570.09375
34097,2877000,6070,55796.8125
34098,2877000,6100,55194.8125
34099,2877000,6130,55581.6875
34100,2877000,6160,55558.59375
34101,2877000,6190,56199.59375
34102,2877000,6220,55795.71875
34103,2877000,6250,55739.0
34104,2877000,6280,55651.203125
34105,2877000,6310,55437.28125
34106,2877000,6340,55522.203125
34107,2877000,6370,55699.609375
34108,2877000,6400,55787.5
34109,2877000,6430,55677.90625
34110,2877000,6460,55693.78125
34111,2877000,6490,55719.703125
34112,2877000,6520,55296.90625
34113,2877000,6550,55660.609375
34114,2877000,6580,55465.609375
34115,2877000,6610,55579.1875
34116,2877000,6640,55693.40625
34117,2877000,6670,55843.890625
34118,2877000,6700,55891.390625
34119,2877000,6730,55619.0
34120,2877000,6760,55580.59375
34121,2877000,6790,55728.90625
34122,2877000,6820,55806.703125
34123,2877000,6850,55814.40625
34124,2877000,6880,55220.296875
34125,2877000,6910,55535.6875
34126,2877000,6940,55657.09375
34127,2877000,6970,55823.09375
34128,2877000,7000,55920.390625
34129,2877000,7030,55776.09375
34130,2877000,7060,55619.28125
34131,2877000,7090,55633.109375
34132,2877000,7120,55641.109375
34133,2877000,7150,55752.109375
34134,2877000,7180,55266.296875
34135,2877000,7210,55778.59375
34136,2877000,7240,55695.796875
34137,2877000,7270,55821.78125
34138,2877000,7300,55837.28125
34139,2877000,7330,55744.90625
34140,2877000,7360,55725.1875
34141,2877000,7390,55713.703125
34142,2877000,7420,55750.1875
34143,2877000,7450,55304.390625
34144,2877000,7480,55868.21875
34145,2877000,7510,55841.90625
34146,2877000,7540,55734.109375
34147,2877000,7570,55765.90625
34148,2877000,7600,55836.5
34149,2877000,7630,55765.59375
34150,2877000,7660,55671.0
34151,2877000,7690,55696.0
34152,2877000,7720,55777.296875
34153,2877000,7750,55908.6875
34154,2877000,7780,55895.6875
34155,2877000,7810,55333.90625
34156,2877000,7840,55661.484375
34157,2877000,7870,55760.109375
34158,2877000,7900,55831.09375
34159,2877000,7930,55824.296875
34160,2877000,7960,55813.78125
34161,2877000,7990,55858.78125
34162,2877000,8020,55867.5
34163,2877000,8050,55860.6875
34164,2877000,8080,55363.203125
34165,2877000,8110,55785.109375
34166,2877000,8140,55840.90625
34167,2877000,8170,55799.6875
34168,2877000,8200,55850.296875
34169,2877000,8230,55877.8125
34170,2877000,8260,55892.90625
34171,2877000,8290,55870.296875
34172,2877000,8320,55842.21875
34173,2877000,8350,55848.0
34174,2877000,8380,55844.6875
34175,2877000,8410,55810.90625
34176,2877000,8440,55364.609375
34177,2877000,8470,55867.109375
34178,2877000,8500,55833.0
34179,2877000,8530,55892.1875
34180,2877000,8560,55916.515625
34181,2877000,8590,55904.703125
34182,2877000,8620,55912.5
34183,2877000,8650,55755.890625
34184,2877000,8680,55864.09375
34185,2877000,8710,55350.890625
34186,2877000,8740,55920.21875
34187,2877000,8770,55889.90625
34188,2877000,8800,55852.796875
34189,2877000,8830,55862.8125
34190,2877000,8860,55880.6875
34191,2877000,8890,55920.6875
34192,2877000,8920,55906.390625
34193,2877000,8950,55867.8125
34194,2877000,8980,55833.703125
34195,2877000,9010,55432.390625
34196,2877000,9040,55922.09375
34197,2877000,9070,56003.3125
34198,2877000,9100,55937.890625
34199,2877000,9130,55890.5
34200,2877000,9160,55850.90625
34201,2877000,9190,55922.015625
34202,2877000,9220,55989.3125
34203,2877000,9250,55894.984375
34204,2877000,9280,55951.28125
34205,2877000,9310,55915.390625
34206,2877000,9340,55877.109375
34207,2877000,9370,56039.59375
34208,2877000,9400,55426.3125
34209,2877000,9430,55882.890625
34210,2877000,9460,55954.40625
34211,2877000,9490,55933.6875
34212,2877000,9520,55970.5
34213,2877000,9550,55983.296875
34214,2877000,9580,55907.484375
34215,2877000,9610,56018.90625
34216,2877000,9640,55955.5
34217,2877000,9670,55983.6875
34218,2877000,9700,55449.59375
34219,2877000,9730,55935.796875
34220,2877000,9760,55901.5
34221,2877000,9790,55932.1875
34222,2877000,9820,55921.109375
34223,2877000,9850,55995.59375
34224,2877000,9880,55995.8125
34225,2877000,9910,55949.21875
34226,2877000,9940,55936.1875
34227,2877000,9970,55979.90625
34228,2877000,10000,55446.71875
34229,2877000,10030,55971.28125
34230,2877000,10060,55890.28125
34231,2877000,10090,55953.71875
34232,2877000,10120,55970.015625
34233,2877000,10150,56033.1875
34234,2877000,10180,56010.09375
34235,2877000,10210,55962.8125
34236,2877000,10240,55936.515625
34237,2877000,10270,55451.515625
34238,2877000,10300,55980.203125
34239,2877000,10330,56033.59375
34240,2877000,10360,56034.609375
34241,2877000,10390,55962.8125
34242,2877000,10420,55976.296875
34243,2877000,10450,56029.296875
34244,2877000,10480,55931.109375
34245,2877000,10510,56015.390625
34246,2877000,10540,55984.203125
34247,2877000,10570,55988.8125
34248,2877000,10600,55992.0
34249,2877000,10630,55550.296875
34250,2877000,10660,56001.5
34251,2877000,10690,55991.3125
34252,2877000,10720,55996.5
34253,2877000,10750,55984.0
34254,2877000,10780,56049.78125
34255,2877000,10810,55983.09375
34256,2877000,10840,56046.890625
34257,2877000,10870,55983.984375
34258,2877000,10900,56044.390625
34259,2877000,10930,55595.90625
34260,2877000,10960,56072.5
34261,2877000,10990,55957.109375
34262,2877000,11020,56012.703125
34263,2877000,11050,56025.5
34264,2877000,11080,56065.90625
34265,2877000,11110,56026.890625
34266,2877000,11140,56079.40625
34267,2877000,11170,56025.5
34268,2877000,11200,55517.3125
34269,2877000,11230,56093.0
34270,2877000,11260,56096.90625
34271,2877000,11290,56083.203125
34272,2877000,11320,56028.5
34273,2877000,11350,56043.59375
34274,2877000,11380,56033.0
34275,2877000,11410,56060.703125
34276,2877000,11440,56050.609375
34277,2877000,11470,56075.703125
34278,2877000,11500,56109.1875
34279,2877000,11530,56076.09375
34280,2877000,11560,55564.90625
34281,2877000,11590,56090.484375
34282,2877000,11620,56033.59375
34283,2877000,11650,56081.015625
34284,2877000,11680,56064.5
34285,2877000,11710,56071.203125
34286,2877000,11740,56100.5
34287,2877000,11770,56099.09375
34288,2877000,11800,56130.09375
34289,2877000,11830,55589.890625
34290,2877000,11860,56145.5
34291,2877000,11890,56089.90625
34292,2877000,11920,56110.90625
34293,2877000,11950,56093.703125
34294,2877000,11980,56032.3125
34295,2877000,12010,56076.8125
34296,2877000,12040,56126.703125
34297,2877000,12070,56082.28125
34298,2877000,12100,56070.890625
34299,2877000,12130,56099.5
34300,2877000,12160,56062.90625
34301,2877000,12190,55609.609375
34302,2877000,12220,56113.203125
34303,2877000,12250,56168.09375
34304,2877000,12280,56093.109375
34305,2877000,12310,56146.28125
34306,2877000,12340,56077.0
34307,2877000,12370,56122.203125
34308,2877000,12400,56047.90625
34309,2877000,12430,56086.90625
34310,2877000,12460,55628.5
34311,2877000,12490,56162.40625
34312,2877000,12520,56108.8125
34313,2877000,12550,56135.59375
34314,2877000,12580,56150.390625
34315,2877000,12610,56116.09375
34316,2877000,12640,56091.015625
34317,2877000,12670,56068.90625
34318,2877000,12700,56136.28125
34319,2877000,12730,56181.703125
34320,2877000,12760,56127.5
34321,2877000,12790,56119.390625
34322,2877000,12820,55635.21875
34323,2877000,12850,56133.71875
34324,2877000,12880,56205.0
34325,2877000,12910,56173.203125
34326,2877000,12940,56168.09375
34327,2877000,12970,56129.09375
34328,2877000,13000,56190.3125
34329,2877000,13030,56172.78125
34330,2877000,13060,56159.6875
34331,2877000,13090,55726.59375
34332,2877000,13120,56122.015625
34333,2877000,13150,56131.390625
34334,2877000,13180,56179.0
34335,2877000,13210,56173.09375
34336,2877000,13240,56129.203125
34337,2877000,13270,56193.296875
34338,2877000,13300,56115.015625
34339,2877000,13330,56187.40625
34340,2877000,13360,56192.515625
34341,2877000,13390,55628.6875
34342,2877000,13420,56149.796875
34343,2877000,13450,56227.09375
34344,2877000,13480,56207.390625
34345,2877000,13510,56191.6875
34346,2877000,13540,56160.09375
34347,2877000,13570,56123.09375
34348,2877000,13600,56170.796875
34349,2877000,13630,56218.296875
34350,2877000,13660,56165.90625
34351,2877000,13690,56180.6875
34352,2877000,13720,55714.28125
34353,2877000,13750,56202.0
34354,2877000,13780,56207.90625
34355,2877000,13810,56150.09375
34356,2877000,13840,56180.5
34357,2877000,13870,56118.796875
34358,2877000,13900,56171.09375
34359,2877000,13930,56196.296875
34360,2877000,13960,56236.09375
34361,2877000,13990,56227.8125
34362,2877000,14020,55672.90625
34363,2877000,14050,56261.71875
34364,2877000,14080,56147.0
34365,2877000,14110,56164.59375
34366,2877000,14140,56154.6875
34367,2877000,14170,56199.5
34368,2877000,14200,56223.203125
34369,2877000,14230,56201.390625
34370,2877000,14260,56153.484375
34371,2877000,14290,56277.890625
34372,2877000,14320,56204.203125
34373,2877000,14350,56246.109375
34374,2877000,14380,55683.59375
34375,2877000,14410,56181.109375
34376,2877000,14440,56198.609375
34377,2877000,14470,56184.5
34378,2877000,14500,56226.890625
34379,2877000,14530,56259.3125
34380,2877000,14560,56312.390625
34381,2877000,14590,56210.296875
34382,2877000,14620,56213.40625
34383,2877000,14650,56224.71875
34384,2877000,14680,56233.3125
34385,2877000,14710,55732.28125
34386,2877000,14740,56160.71875
34387,2877000,14770,56203.203125
34388,2877000,14800,56190.0
34389,2877000,14830,56228.40625
34390,2877000,14860,56218.890625
34391,2877000,14890,56290.09375
34392,2877000,14920,56155.390625
34393,2877000,14950,56227.609375
34394,2877000,14980,56287.5
34395,2877000,15010,55773.5
34396,2877000,15040,56211.015625
34397,2877000,15070,56224.90625
34398,2877000,15100,56264.3125
34399,2877000,15130,56248.78125
34400,2877000,15160,56175.90625
34401,2877000,15190,56225.5
34402,2877000,15220,56192.3125
34403,2877000,15250,56201.1875
34404,2877000,15280,55814.59375
34405,2877000,15310,56276.90625
34406,2877000,15340,56258.984375
34407,2877000,15370,56294.09375
34408,2877000,15400,56300.5
34409,2877000,15430,56270.109375
34410,2877000,15460,56248.015625
34411,2877000,15490,56213.703125
34412,2877000,15520,56257.0
34413,2877000,15550,56250.6875
34414,2877000,15580,56213.296875
34415,2877000,15610,56265.796875
34416,2877000,15640,56233.8125
34417,2877000,15670,55775.6875
34418,2877000,15700,56221.59375
34419,2877000,15730,56285.09375
34420,2877000,15760,56228.0
34421,2877000,15790,56248.296875
34422,2877000,15820,56278.09375
34423,2877000,15850,56281.6875
34424,2877000,15880,56219.109375
34425,2877000,15910,55769.90625
34426,2877000,15940,56185.6875
34427,2877000,15970,56255.8125
34428,2877000,16000,56271.59375
34429,2877000,16030,56310.09375
34430,2877000,16060,56325.609375
34431,2877000,16090,56279.6875
34432,2877000,16120,56258.1875
34433,2877000,16150,56258.59375
34434,2877000,16180,56262.28125
34435,2877000,16210,55738.6875
34436,2877000,16240,56318.703125
34437,2877000,16270,56325.703125
34438,2877000,16300,56246.296875
34439,2877000,16330,56207.5
34440,2877000,16360,56266.296875
34441,2877000,16390,56318.890625
34442,2877000,16420,56297.90625
34443,2877000,16450,56328.09375
34444,2877000,16480,56292.890625
34445,2877000,16510,56312.0
34446,2877000,16540,56295.09375
34447,2877000,16570,55763.890625
34448,2877000,16600,56336.09375
34449,2877000,16630,56238.0
34450,2877000,16660,56294.5
34451,2877000,16690,56286.515625
34452,2877000,16720,56274.5
34453,2877000,16750,56291.203125
34454,2877000,16780,56345.21875
34455,2877000,16810,56288.28125
34456,2877000,16840,55787.6875
34457,2877000,16870,56297.390625
34458,2877000,16900,56302.5
34459,2877000,16930,56336.3125
34460,2877000,16960,56299.40625
34461,2877000,16990,56341.59375
34462,2877000,17020,56251.09375
34463,2877000,17050,56304.484375
34464,2877000,17080,56251.40625
34465,2877000,17110,56275.5
34466,2877000,17140,56338.59375
34467,2877000,17170,56348.984375
34468,2877000,17200,55807.1875
34469,2877000,17230,56320.40625
34470,2877000,17260,56309.390625
34471,2877000,17290,56279.28125
34472,2877000,17320,56311.203125
34473,2877000,17350,56312.5
34474,2877000,17380,56308.890625
34475,2877000,17410,56310.609375
34476,2877000,17440,56324.390625
34477,2877000,17470,55897.71875
34478,2877000,17500,56289.59375
34479,2877000,17530,56240.8125
34480,2877000,17560,56326.5
34481,2877000,17590,56287.21875
34482,2877000,17620,56292.109375
34483,2877000,17650,56305.21875
34484,2877000,17680,56344.6875
34485,2877000,17710,56353.78125
34486,2877000,17740,56281.28125
34487,2877000,17770,56316.703125
34488,2877000,17800,56328.90625
34489,2877000,17830,55818.59375
34490,2877000,17860,56329.5
34491,2877000,17890,56242.90625
34492,2877000,17920,56315.21875
34493,2877000,17950,56353.796875
34494,2877000,17980,56324.5
34495,2877000,18010,56353.203125
34496,2877000,18040,56288.0
34497,2877000,18070,56342.109375
34498,2877000,18100,55788.484375
34499,2877000,18130,56314.6875
34500,2877000,18160,56308.296875
34501,2877000,18190,56340.3125
34502,2877000,18220,56368.484375
34503,2877000,18250,56368.390625
34504,2877000,18280,56325.796875
34505,2877000,18310,56354.390625
34506,2877000,18340,56332.21875
34507,2877000,18370,56345.0
34508,2877000,18400,56331.1875
34509,2877000,18430,56308.484375
34510,2877000,18460,55919.109375
34511,2877000,18490,56367.609375
34512,2877000,18520,56335.703125
34513,2877000,18550,56382.390625
34514,2877000,18580,56355.796875
34515,2877000,18610,56424.390625
34516,2877000,18640,56391.1875
34517,2877000,18670,56363.0
34518,2877000,18700,56357.484375
34519,2877000,18730,56402.59375
34520,2877000,18760,55873.796875
34521,2877000,18790,56372.0
34522,2877000,18820,56389.796875
34523,2877000,18850,56318.703125
34524,2877000,18880,56300.8125
34525,2877000,18910,56373.203125
34526,2877000,18940,56349.515625
34527,2877000,18970,56451.3125
34528,2877000,19000,56316.015625
34529,2877000,19030,55881.390625
34530,2877000,19060,56348.8125
34531,2877000,19090,56357.890625
34532,2877000,19120,56358.515625
34533,2877000,19150,56332.59375
34534,2877000,19180,56386.703125
34535,2877000,19210,56339.703125
34536,2877000,19240,56321.59375
34537,2877000,19270,56374.8125
34538,2877000,19300,56332.484375
34539,2877000,19330,56388.484375
34540,2877000,19360,56392.71875
34541,2877000,19390,55929.40625
34542,2877000,19420,56307.3125
34543,2877000,19450,56408.90625
34544,2877000,19480,56409.390625
34545,2877000,19510,56399.703125
34546,2877000,19540,56398.796875
34547,2877000,19570,56404.890625
34548,2877000,19600,56364.515625
34549,2877000,19630,56347.90625
34550,2877000,19660,56392.6875
34551,2877000,19690,55823.40625
34552,2877000,19720,56390.0
34553,2877000,19750,56374.90625
34554,2877000,19780,56353.6875
34555,2877000,19810,56396.59375
34556,2877000,19840,56386.109375
34557,2877000,19870,56366.5
34558,2877000,19900,56392.90625
34559,2877000,19930,56356.0
34560,2877000,19960,56342.390625
34561,2877000,19990,56426.109375
34562,2877000,20020,55824.0
34563,2877000,20050,56390.21875
34564,2877000,20080,56372.203125
34565,2877000,20110,56343.6875
34566,2877000,20140,56305.90625
34567,2877000,20170,56376.8125
34568,2877000,20200,56400.796875
34569,2877000,20230,56415.796875
34570,2877000,20260,56394.6875
34571,2877000,20290,55830.484375
34572,2877000,20320,56422.3125
34573,2877000,20350,56406.3125
34574,2877000,20380,56422.3125
34575,2877000,20410,56434.703125
34576,2877000,20440,56425.78125
34577,2877000,20470,56400.890625
34578,2877000,20500,56358.6875
34579,2877000,20530,56419.796875
34580,2877000,20560,56348.3125
34581,2877000,20590,55896.90625
34582,2877000,20620,56438.90625
34583,2877000,20650,56376.0
34584,2877000,20680,56397.890625
34585,2877000,20710,56350.015625
34586,2877000,20740,56368.90625
34587,2877000,20770,56458.0
34588,2877000,20800,56362.8125
34589,2877000,20830,56336.296875
34590,2877000,20860,56413.609375
34591,2877000,20890,56409.0
34592,2877000,20920,56371.59375
34593,2877000,20950,55910.296875
34594,2877000,20980,56417.484375
34595,2877000,21010,56413.609375
34596,2877000,21040,56408.0
34597,2877000,21070,56372.40625
34598,2877000,21100,56445.5
34599,2877000,21130,56399.984375
34600,2877000,21160,56428.40625
34601,2877000,21190,56465.0
34602,2877000,21220,55915.109375
34603,2877000,21250,56415.0
34604,2877000,21280,56397.109375
34605,2877000,21310,56406.8125
34606,2877000,21340,56389.296875
34607,2877000,21370,56381.703125
34608,2877000,21400,56414.3125
34609,2877000,21430,56390.015625
34610,2877000,21460,56374.09375
34611,2877000,21490,56339.59375
34612,2877000,21520,56334.3125
34613,2877000,21550,56450.203125
34614,2877000,21580,55930.203125
34615,2877000,21610,56330.703125
34616,2877000,21640,56393.0
34617,2877000,21670,56395.796875
34618,2877000,21700,56428.40625
34619,2877000,21730,56401.703125
34620,2877000,21760,56438.40625
34621,2877000,21790,56347.09375
34622,2877000,21820,56391.90625
34623,2877000,21850,55860.40625
34624,2877000,21880,56397.796875
34625,2877000,21910,56413.71875
34626,2877000,21940,56361.59375
34627,2877000,21970,56445.109375
34628,2877000,22000,56384.890625
34629,2877000,22030,56423.890625
34630,2877000,22060,56399.0
34631,2877000,22090,56461.90625
34632,2877000,22120,56415.5
34633,2877000,22150,56408.6875
34634,2877000,22180,56369.1875
34635,2877000,22210,55930.5
34636,2877000,22240,56387.1875
34637,2877000,22270,56412.59375
34638,2877000,22300,56380.0
34639,2877000,22330,56316.0
34640,2877000,22360,56408.8125
34641,2877000,22390,56465.609375
34642,2877000,22420,56387.59375
34643,2877000,22450,56423.203125
34644,2877000,22480,55942.796875
34645,2877000,22510,56424.5
34646,2877000,22540,56400.109375
34647,2877000,22570,56344.1875
34648,2877000,22600,56345.390625
34649,2877000,22630,56393.796875
34650,2877000,22660,56448.09375
34651,2877000,22690,56414.515625
34652,2877000,22720,56399.515625
34653,2877000,22750,56438.5
34654,2877000,22780,56375.09375
34655,2877000,22810,56416.28125
34656,2877000,22840,55930.21875
34657,2877000,22870,56358.40625
34658,2877000,22900,56438.40625
34659,2877000,22930,56436.59375
34660,2877000,22960,56397.6875
34661,2877000,22990,56465.90625
34662,2877000,23020,56431.59375
34663,2877000,23050,56423.3125
34664,2877000,23080,56390.71875
34665,2877000,23110,56449.3125
34666,2877000,23140,56406.0
34667,2877000,23170,55900.203125
34668,2877000,23200,56446.0
34669,2877000,23230,56436.703125
34670,2877000,23260,56415.1875
34671,2877000,23290,56418.296875
34672,2877000,23320,56429.609375
34673,2877000,23350,56423.40625
34674,2877000,23380,56451.78125
34675,2877000,23410,56491.984375
34676,2877000,23440,56411.609375
34677,2877000,23470,55973.59375
34678,2877000,23500,56353.40625
34679,2877000,23530,56423.71875
34680,2877000,23560,56462.0
34681,2877000,23590,56402.203125
34682,2877000,23620,56380.109375
34683,2877000,23650,56438.109375
34684,2877000,23680,56436.984375
34685,2877000,23710,56460.3125
34686,2877000,23740,56440.015625
34687,2877000,23770,55926.296875
34688,2877000,23800,56476.203125
34689,2877000,23830,56428.6875
34690,2877000,23860,56436.203125
34691,2877000,23890,56441.796875
34692,2877000,23920,56371.59375
34693,2877000,23950,56398.59375
34694,2877000,23980,56455.8125
34695,2877000,24010,56445.6875
34696,2877000,24040,55868.390625
34697,2877000,24070,56411.59375
34698,2877000,24100,56462.296875
34699,2877000,24130,56417.28125
34700,2877000,24160,56429.40625
34701,2877000,24190,56423.890625
34702,2877000,24220,56435.6875
34703,2877000,24250,56455.09375
34704,2877000,24280,56499.484375
34705,2877000,24310,56366.484375
34706,2877000,24340,56422.40625
34707,2877000,24370,56440.296875
34708,2877000,24400,56467.59375
34709,2877000,24430,55951.0
34710,2877000,24460,56489.8125
34711,2877000,24490,56470.890625
34712,2877000,24520,56416.890625
34713,2877000,24550,56428.28125
34714,2877000,24580,56486.390625
34715,2877000,24610,56440.5
34716,2877000,24640,56429.8125
34717,2877000,24670,56392.90625
34718,2877000,24700,55992.1875
34719,2877000,24730,56440.59375
34720,2877000,24760,56434.203125
34721,2877000,24790,56407.1875
34722,2877000,24820,56433.515625
34723,2877000,24850,56432.78125
34724,2877000,24880,56415.296875
34725,2877000,24910,56499.1875
34726,2877000,24940,56495.5
34727,2877000,24970,55889.890625
34728,2877000,25000,56433.78125
34729,2877000,25030,56435.015625
34730,2877000,25060,56411.21875
34731,2877000,25090,56467.40625
34732,2877000,25120,56478.5
34733,2877000,25150,56465.59375
34734,2877000,25180,56459.09375
34735,2877000,25210,56367.109375
34736,2877000,25240,56445.796875
34737,2877000,25270,56437.09375
34738,2877000,25300,56474.203125
34739,2877000,25330,55945.515625
34740,2877000,25360,56475.09375
34741,2877000,25390,56499.890625
34742,2877000,25420,56422.015625
34743,2877000,25450,56524.90625
34744,2877000,25480,56419.796875
34745,2877000,25510,56469.890625
34746,2877000,25540,56443.59375
34747,2877000,25570,56496.5
34748,2877000,25600,55977.59375
34749,2877000,25630,56501.890625
34750,2877000,25660,56478.890625
34751,2877000,25690,56432.609375
34752,2877000,25720,56463.890625
34753,2877000,25750,56460.0
34754,2877000,25780,56492.296875
34755,2877000,25810,56460.515625
34756,2877000,25840,56449.890625
34757,2877000,25870,56437.3125
34758,2877000,25900,56398.6875
34759,2877000,25930,56465.296875
34760,2877000,25960,55970.3125
34761,2877000,25990,56495.609375
34762,2877000,26020,56530.0
34763,2877000,26050,56385.984375
34764,2877000,26080,56511.78125
34765,2877000,26110,56496.09375
34766,2877000,26140,56485.78125
34767,2877000,26170,56484.1875
34768,2877000,26200,56450.09375
34769,2877000,26230,55940.390625
34770,2877000,26260,56428.296875
34771,2877000,26290,56502.09375
34772,2877000,26320,56456.90625
34773,2877000,26350,56514.5
34774,2877000,26380,56437.90625
34775,2877000,26410,56454.796875
34776,2877000,26440,56482.6875
34777,2877000,26470,56499.40625
34778,2877000,26500,56556.40625
34779,2877000,26530,56505.890625
34780,2877000,26560,56445.890625
34781,2877000,26590,55967.71875
34782,2877000,26620,56451.5
34783,2877000,26650,56420.5
34784,2877000,26680,56462.984375
34785,2877000,26710,56452.203125
34786,2877000,26740,56437.703125
34787,2877000,26770,56471.28125
34788,2877000,26800,56486.609375
34789,2877000,26830,56510.0
34790,2877000,26860,56035.484375
34791,2877000,26890,56474.609375
34792,2877000,26920,56478.515625
34793,2877000,26950,56413.390625
34794,2877000,26980,56457.21875
34795,2877000,27010,56489.796875
34796,2877000,27040,56442.0
34797,2877000,27070,56506.703125
34798,2877000,27100,56451.21875
34799,2877000,27130,56503.796875
34800,2877000,27160,56441.703125
34801,2877000,27190,56401.703125
34802,2877000,27220,55910.390625
34803,2877000,27250,56523.1875
34804,2877000,27280,56404.40625
34805,2877000,27310,56436.8125
34806,2877000,27340,56485.59375
34807,2877000,27370,56469.78125
34808,2877000,27400,56464.28125
34809,2877000,27430,56494.8125
34810,2877000,27460,56476.796875
34811,2877000,27490,56464.296875
34812,2877000,27520,55956.609375
34813,2877000,27550,56440.890625
34814,2877000,27580,56500.28125
34815,2877000,27610,56491.703125
34816,2877000,27640,56540.28125
34817,2877000,27670,56562.09375
34818,2877000,27700,56459.3125
34819,2877000,27730,56452.390625
34820,2877000,27760,56492.8125
34821,2877000,27790,55919.71875
34822,2877000,27820,56420.90625
34823,2877000,27850,56513.3125
34824,2877000,27880,56459.8125
34825,2877000,27910,56452.59375
34826,2877000,27940,56468.1875
34827,2877000,27970,56475.296875
34828,2877000,28000,56454.3125
34829,2877000,28030,56443.6875
34830,2877000,28060,56510.796875
34831,2877000,28090,56420.1875
34832,2877000,28120,56503.296875
34833,2877000,28150,55948.796875
34834,2877000,28180,56436.6875
34835,2877000,28210,56549.109375
34836,2877000,28240,56513.5
34837,2877000,28270,56476.203125
34838,2877000,28300,56461.28125
34839,2877000,28330,56496.296875
34840,2877000,28360,56503.71875
34841,2877000,28390,56486.296875
34842,2877000,28420,56498.203125
34843,2877000,28450,56423.09375
34844,2877000,28480,55954.3125
34845,2877000,28510,56488.390625
34846,2877000,28540,56423.5
34847,2877000,28570,56487.984375
34848,2877000,28600,56523.3125
34849,2877000,28630,56477.6875
34850,2877000,28660,56476.5
34851,2877000,28690,56520.09375
34852,2877000,28720,56520.90625
34853,2877000,28750,56451.28125
34854,2877000,28780,55986.296875
34855,2877000,28810,56459.21875
34856,2877000,28840,56513.109375
34857,2877000,28870,56497.40625
34858,2877000,28900,56524.90625
34859,2877000,28930,56499.015625
34860,2877000,28960,56482.59375
34861,2877000,28990,56490.5
34862,2877000,29020,56461.90625
34863,2877000,29050,55968.0
34864,2877000,29080,56455.3125
34865,2877000,29110,56489.40625
34866,2877000,29140,56541.28125
34867,2877000,29170,56491.40625
34868,2877000,29200,56482.59375
34869,2877000,29230,56459.21875
34870,2877000,29260,56428.203125
34871,2877000,29290,56497.40625
34872,2877000,29320,56472.203125
34873,2877000,29350,56509.109375
34874,2877000,29380,56527.203125
34875,2877000,29410,55938.90625
34876,2877000,29440,56483.484375
34877,2877000,29470,56448.40625
34878,2877000,29500,56510.703125
34879,2877000,29530,56471.09375
34880,2877000,29560,56514.40625
34881,2877000,29590,56502.78125
34882,2877000,29620,56490.21875
34883,2877000,29650,56477.5
34884,2877000,29680,56433.484375
34885,2877000,29710,55977.203125
34886,2877000,29740,56439.59375
34887,2877000,29770,56501.609375
34888,2877000,29800,56492.515625
34889,2877000,29830,56472.890625
34890,2877000,29860,56456.609375
34891,2877000,29890,56518.0
34892,2877000,29920,56472.8125
34893,2877000,29950,56512.609375
34894,2877000,29980,56036.484375
34895,2877500,100,13303.5
34896,2877500,130,61041.015625
34897,2877500,160,58310.390625
34898,2877500,190,52127.515625
34899,2877500,220,46606.296875
34900,2877500,250,54363.90625
34901,2877500,280,56479.21875
34902,2877500,310,52425.1875
34903,2877500,340,46001.1875
34904,2877500,370,52006.90625
34905,2877500,400,55466.296875
34906,2877500,430,56441.59375
34907,2877500,460,53872.90625
34908,2877500,490,49454.984375
34909,2877500,520,52965.890625
34910,2877500,550,56112.09375
34911,2877500,580,54180.40625
34912,2877500,610,52173.8125
34913,2877500,640,51868.78125
34914,2877500,670,56554.90625
34915,2877500,700,58118.90625
34916,2877500,730,55397.109375
34917,2877500,760,50436.609375
34918,2877500,790,47917.984375
34919,2877500,820,53441.515625
34920,2877500,850,57347.890625
34921,2877500,880,57246.890625
34922,2877500,910,53902.0
34923,2877500,940,52113.71875
34924,2877500,970,54007.703125
34925,2877500,1000,56119.90625
34926,2877500,1030,56545.015625
34927,2877500,1060,53825.1875
34928,2877500,1090,51804.1875
34929,2877500,1120,52281.59375
34930,2877500,1150,54670.890625
34931,2877500,1180,56115.90625
34932,2877500,1210,55441.8125
34933,2877500,1240,55007.40625
34934,2877500,1270,54273.1875
34935,2877500,1300,54850.3125
34936,2877500,1330,54545.5
34937,2877500,1360,53968.5
34938,2877500,1390,54588.890625
34939,2877500,1420,55246.59375
34940,2877500,1450,55345.09375
34941,2877500,1480,54879.09375
34942,2877500,1510,53566.703125
34943,2877500,1540,53904.59375
34944,2877500,1570,55203.890625
34945,2877500,1600,55621.1875
34946,2877500,1630,54852.40625
34947,2877500,1660,54342.109375
34948,2877500,1690,54145.109375
34949,2877500,1720,54633.3125
34950,2877500,1750,55050.796875
34951,2877500,1780,55068.203125
34952,2877500,1810,54578.5
34953,2877500,1840,54331.3125
34954,2877500,1870,54436.90625
34955,2877500,1900,53886.703125
34956,2877500,1930,54752.1875
34957,2877500,1960,55178.28125
34958,2877500,1990,55392.890625
34959,2877500,2020,55107.71875
34960,2877500,2050,54172.71875
34961,2877500,2080,53947.5
34962,2877500,2110,54754.5
34963,2877500,2140,55605.3125
34964,2877500,2170,55812.8125
34965,2877500,2200,54842.09375
34966,2877500,2230,53711.40625
34967,2877500,2260,53523.28125
34968,2877500,2290,55095.296875
34969,2877500,2320,55657.09375
34970,2877500,2350,55196.609375
34971,2877500,2380,54484.8125
34972,2877500,2410,54517.0
34973,2877500,2440,55131.40625
34974,2877500,2470,55513.8125
34975,2877500,2500,55011.28125
34976,2877500,2530,53648.6875
34977,2877500,2560,54048.09375
34978,2877500,2590,54892.90625
34979,2877500,2620,55392.59375
34980,2877500,2650,55212.3125
34981,2877500,2680,54914.40625
34982,2877500,2710,54900.90625
34983,2877500,2740,55259.8125
34984,2877500,2770,55270.09375
34985,2877500,2800,54589.609375
34986,2877500,2830,53938.59375
34987,2877500,2860,54281.6875
34988,2877500,2890,54792.703125
34989,2877500,2920,55859.40625
34990,2877500,2950,55278.5
34991,2877500,2980,54466.0
34992,2877500,3010,54449.1875
34993,2877500,3040,54861.109375
34994,2877500,3070,55388.703125
34995,2877500,3100,55033.203125
34996,2877500,3130,54234.40625
34997,2877500,3160,54337.703125
34998,2877500,3190,54708.296875
34999,2877500,3220,55790.0
35000,2877500,3250,55538.09375
35001,2877500,3280,54820.203125
35002,2877500,3310,54219.90625
35003,2877500,3340,54520.0
35004,2877500,3370,55180.015625
35005,2877500,3400,55356.0
35006,2877500,3430,54962.40625
35007,2877500,3460,54460.6875
35008,2877500,3490,55171.59375
35009,2877500,3520,55292.015625
35010,2877500,3550,55152.40625
35011,2877500,3580,54702.09375
35012,2877500,3610,54625.09375
35013,2877500,3640,54841.1875
35014,2877500,3670,55268.296875
35015,2877500,3700,55326.09375
35016,2877500,3730,55009.59375
35017,2877500,3760,54951.609375
35018,2877500,3790,55101.984375
35019,2877500,3820,55188.484375
35020,2877500,3850,54550.5
35021,2877500,3880,54672.8125
35022,2877500,3910,54701.90625
35023,2877500,3940,55166.71875
35024,2877500,3970,55505.109375
35025,2877500,4000,55466.1875
35026,2877500,4030,55101.5
35027,2877500,4060,54677.5
35028,2877500,4090,54324.28125
35029,2877500,4120,55076.59375
35030,2877500,4150,55162.09375
35031,2877500,4180,55106.59375
35032,2877500,4210,54987.8125
35033,2877500,4240,55061.796875
35034,2877500,4270,55286.6875
35035,2877500,4300,55337.59375
35036,2877500,4330,55160.1875
35037,2877500,4360,55061.390625
35038,2877500,4390,54914.203125
35039,2877500,4420,55037.5
35040,2877500,4450,54606.78125
35041,2877500,4480,55239.296875
35042,2877500,4510,55292.40625
35043,2877500,4540,55300.1875
35044,2877500,4570,55274.28125
35045,2877500,4600,55045.015625
35046,2877500,4630,54967.09375
35047,2877500,4660,55026.703125
35048,2877500,4690,55257.90625
35049,2877500,4720,54867.203125
35050,2877500,4750,55355.8125
35051,2877500,4780,55187.203125
35052,2877500,4810,55026.09375
35053,2877500,4840,55095.71875
35054,2877500,4870,55204.703125
35055,2877500,4900,55293.0
35056,2877500,4930,55168.5
35057,2877500,4960,55103.28125
35058,2877500,4990,55128.703125
35059,2877500,5020,55216.5
35060,2877500,5050,55409.703125
35061,2877500,5080,54915.40625
35062,2877500,5110,55226.0
35063,2877500,5140,55049.40625
35064,2877500,5170,54978.59375
35065,2877500,5200,55162.28125
35066,2877500,5230,55405.90625
35067,2877500,5260,55504.8125
35068,2877500,5290,55427.890625
35069,2877500,5320,55272.015625
35070,2877500,5350,55115.90625
35071,2877500,5380,54666.609375
35072,2877500,5410,55260.40625
35073,2877500,5440,55390.90625
35074,2877500,5470,55256.3125
35075,2877500,5500,55344.09375
35076,2877500,5530,55294.40625
35077,2877500,5560,55317.21875
35078,2877500,5590,55293.40625
35079,2877500,5620,55307.90625
35080,2877500,5650,54706.6875
35081,2877500,5680,55260.8125
35082,2877500,5710,55312.890625
35083,2877500,5740,55266.59375
35084,2877500,5770,55236.5
35085,2877500,5800,55290.609375
35086,2877500,5830,55469.796875
35087,2877500,5860,55310.5
35088,2877500,5890,55214.0
35089,2877500,5920,55072.5
35090,2877500,5950,55151.09375
35091,2877500,5980,55428.890625
35092,2877500,6010,55115.109375
35093,2877500,6040,55493.1875
35094,2877500,6070,55309.890625
35095,2877500,6100,55161.1875
35096,2877500,6130,55298.6875
35097,2877500,6160,55406.59375
35098,2877500,6190,55377.609375
35099,2877500,6220,55342.5
35100,2877500,6250,55306.296875
35101,2877500,6280,54831.484375
35102,2877500,6310,55468.6875
35103,2877500,6340,55487.515625
35104,2877500,6370,55356.484375
35105,2877500,6400,55302.390625
35106,2877500,6430,55264.6875
35107,2877500,6460,55346.390625
35108,2877500,6490,55408.90625
35109,2877500,6520,55366.203125
35110,2877500,6550,55401.3125
35111,2877500,6580,55430.40625
35112,2877500,6610,55541.40625
35113,2877500,6640,54908.0
35114,2877500,6670,55249.296875
35115,2877500,6700,55181.390625
35116,2877500,6730,55273.59375
35117,2877500,6760,55512.40625
35118,2877500,6790,55569.90625
35119,2877500,6820,55446.1875
35120,2877500,6850,55318.390625
35121,2877500,6880,55352.6875
35122,2877500,6910,54993.78125
35123,2877500,6940,55500.90625
35124,2877500,6970,55363.390625
35125,2877500,7000,55243.390625
35126,2877500,7030,55308.6875
35127,2877500,7060,55499.796875
35128,2877500,7090,55618.09375
35129,2877500,7120,55522.0
35130,2877500,7150,55315.296875
35131,2877500,7180,55340.109375
35132,2877500,7210,55362.109375
35133,2877500,7240,55376.015625
35134,2877500,7270,54951.40625
35135,2877500,7300,55500.296875
35136,2877500,7330,55454.109375
35137,2877500,7360,55532.0
35138,2877500,7390,55450.703125
35139,2877500,7420,55454.515625
35140,2877500,7450,55413.0
35141,2877500,7480,55387.515625
35142,2877500,7510,55538.3125
35143,2877500,7540,55094.890625
35144,2877500,7570,55462.0
35145,2877500,7600,55466.59375
35146,2877500,7630,55435.296875
35147,2877500,7660,55532.703125
35148,2877500,7690,55562.40625
35149,2877500,7720,55489.90625
35150,2877500,7750,55438.59375
35151,2877500,7780,55446.59375
35152,2877500,7810,55523.6875
35153,2877500,7840,55081.203125
35154,2877500,7870,55562.796875
35155,2877500,7900,55566.09375
35156,2877500,7930,55425.90625
35157,2877500,7960,55428.0
35158,2877500,7990,55447.109375
35159,2877500,8020,55531.8125
35160,2877500,8050,55560.703125
35161,2877500,8080,55564.703125
35162,2877500,8110,55542.40625
35163,2877500,8140,55522.09375
35164,2877500,8170,55526.6875
35165,2877500,8200,55048.796875
35166,2877500,8230,55441.390625
35167,2877500,8260,55489.1875
35168,2877500,8290,55506.890625
35169,2877500,8320,55554.515625
35170,2877500,8350,55653.390625
35171,2877500,8380,55602.09375
35172,2877500,8410,55539.90625
35173,2877500,8440,55542.28125
35174,2877500,8470,55000.90625
35175,2877500,8500,55533.609375
35176,2877500,8530,55515.28125
35177,2877500,8560,55499.296875
35178,2877500,8590,55513.1875
35179,2877500,8620,55553.015625
35180,2877500,8650,55624.6875
35181,2877500,8680,55631.40625
35182,2877500,8710,55547.109375
35183,2877500,8740,55511.609375
35184,2877500,8770,55554.796875
35185,2877500,8800,55560.8125
35186,2877500,8830,55642.1875
35187,2877500,8860,55158.5
35188,2877500,8890,55592.5
35189,2877500,8920,55551.203125
35190,2877500,8950,55590.3125
35191,2877500,8980,55598.8125
35192,2877500,9010,55569.703125
35193,2877500,9040,55536.21875
35194,2877500,9070,55584.5
35195,2877500,9100,55546.59375
35196,2877500,9130,55115.40625
35197,2877500,9160,55616.296875
35198,2877500,9190,55606.40625
35199,2877500,9220,55538.296875
35200,2877500,9250,55501.71875
35201,2877500,9280,55626.28125
35202,2877500,9310,55619.703125
35203,2877500,9340,55613.890625
35204,2877500,9370,55598.609375
35205,2877500,9400,55578.90625
35206,2877500,9430,55656.0
35207,2877500,9460,55137.890625
35208,2877500,9490,55605.59375
35209,2877500,9520,55579.609375
35210,2877500,9550,55575.109375
35211,2877500,9580,55657.6875
35212,2877500,9610,55646.59375
35213,2877500,9640,55637.796875
35214,2877500,9670,55673.203125
35215,2877500,9700,55646.40625
35216,2877500,9730,55602.0
35217,2877500,9760,55183.21875
35218,2877500,9790,55648.40625
35219,2877500,9820,55579.890625
35220,2877500,9850,55604.5
35221,2877500,9880,55739.5
35222,2877500,9910,55719.484375
35223,2877500,9940,55715.59375
35224,2877500,9970,55604.40625
35225,2877500,10000,55611.5
35226,2877500,10030,55129.21875
35227,2877500,10060,55681.390625
35228,2877500,10090,55680.703125
35229,2877500,10120,55686.515625
35230,2877500,10150,55704.609375
35231,2877500,10180,55776.3125
35232,2877500,10210,55730.109375
35233,2877500,10240,55715.71875
35234,2877500,10270,55653.390625
35235,2877500,10300,55613.09375
35236,2877500,10330,55664.203125
35237,2877500,10360,55724.703125
35238,2877500,10390,55184.28125
35239,2877500,10420,55736.90625
35240,2877500,10450,55717.109375
35241,2877500,10480,55699.40625
35242,2877500,10510,55707.890625
35243,2877500,10540,55735.71875
35244,2877500,10570,55720.40625
35245,2877500,10600,55706.0
35246,2877500,10630,55744.6875
35247,2877500,10660,55203.390625
35248,2877500,10690,55733.78125
35249,2877500,10720,55751.5
35250,2877500,10750,55753.90625
35251,2877500,10780,55652.09375
35252,2877500,10810,55706.703125
35253,2877500,10840,55727.90625
35254,2877500,10870,55714.6875
35255,2877500,10900,55690.59375
35256,2877500,10930,55707.40625
35257,2877500,10960,55710.59375
35258,2877500,10990,55752.890625
35259,2877500,11020,55213.3125
35260,2877500,11050,55720.796875
35261,2877500,11080,55705.1875
35262,2877500,11110,55790.40625
35263,2877500,11140,55746.609375
35264,2877500,11170,55788.296875
35265,2877500,11200,55728.390625
35266,2877500,11230,55787.78125
35267,2877500,11260,55790.09375
35268,2877500,11290,55237.8125
35269,2877500,11320,55740.90625
35270,2877500,11350,55754.71875
35271,2877500,11380,55727.40625
35272,2877500,11410,55815.984375
35273,2877500,11440,55733.109375
35274,2877500,11470,55808.3125
35275,2877500,11500,55809.5
35276,2877500,11530,55759.703125
35277,2877500,11560,55756.609375
35278,2877500,11590,55209.5
35279,2877500,11620,55749.40625
35280,2877500,11650,55747.90625
35281,2877500,11680,55770.40625
35282,2877500,11710,55779.3125
35283,2877500,11740,55776.796875
35284,2877500,11770,55815.3125
35285,2877500,11800,55803.40625
35286,2877500,11830,55767.28125
35287,2877500,11860,55709.09375
35288,2877500,11890,55792.5
35289,2877500,11920,55273.5
35290,2877500,11950,55831.09375
35291,2877500,11980,55811.390625
35292,2877500,12010,55771.015625
35293,2877500,12040,55749.1875
35294,2877500,12070,55802.484375
35295,2877500,12100,55773.5
35296,2877500,12130,55784.40625
35297,2877500,12160,55802.0
35298,2877500,12190,55785.890625
35299,2877500,12220,55295.703125
35300,2877500,12250,55811.0
35301,2877500,12280,55837.984375
35302,2877500,12310,55825.015625
35303,2877500,12340,55808.0
35304,2877500,12370,55742.609375
35305,2877500,12400,55798.5
35306,2877500,12430,55830.484375
35307,2877500,12460,55777.78125
35308,2877500,12490,55845.703125
35309,2877500,12520,55809.609375
35310,2877500,12550,55859.78125
35311,2877500,12580,55748.109375
35312,2877500,12610,55870.6875
35313,2877500,12640,55856.203125
35314,2877500,12670,55323.984375
35315,2877500,12700,55913.5
35316,2877500,12730,55833.8125
35317,2877500,12760,55863.09375
35318,2877500,12790,55838.5
35319,2877500,12820,55838.90625
35320,2877500,12850,55367.59375
35321,2877500,12880,55863.21875
35322,2877500,12910,55879.890625
35323,2877500,12940,55829.296875
35324,2877500,12970,55833.78125
35325,2877500,13000,55843.203125
35326,2877500,13030,55875.890625
35327,2877500,13060,55821.984375
35328,2877500,13090,55836.796875
35329,2877500,13120,55836.390625
35330,2877500,13150,55806.390625
35331,2877500,13180,55834.5
35332,2877500,13210,55368.09375
35333,2877500,13240,55847.3125
35334,2877500,13270,55858.1875
35335,2877500,13300,55823.5
35336,2877500,13330,55818.5
35337,2877500,13360,55909.296875
35338,2877500,13390,55943.09375
35339,2877500,13420,55902.1875
35340,2877500,13450,55867.71875
35341,2877500,13480,55862.203125
35342,2877500,13510,55883.0
35343,2877500,13540,55396.0
35344,2877500,13570,55880.90625
35345,2877500,13600,55902.296875
35346,2877500,13630,55831.890625
35347,2877500,13660,55855.0
35348,2877500,13690,55812.90625
35349,2877500,13720,55836.0
35350,2877500,13750,55930.0
35351,2877500,13780,55878.390625
35352,2877500,13810,55909.40625
35353,2877500,13840,55406.890625
35354,2877500,13870,55902.8125
35355,2877500,13900,55882.0
35356,2877500,13930,55879.5
35357,2877500,13960,55892.1875
35358,2877500,13990,55909.1875
35359,2877500,14020,55902.5
35360,2877500,14050,55871.0
35361,2877500,14080,55949.390625
35362,2877500,14110,55879.0
35363,2877500,14140,55917.90625
35364,2877500,14170,55422.90625
35365,2877500,14200,55910.09375
35366,2877500,14230,55881.5
35367,2877500,14260,55927.09375
35368,2877500,14290,55891.796875
35369,2877500,14320,55859.5
35370,2877500,14350,55837.796875
35371,2877500,14380,55911.5
35372,2877500,14410,55891.515625
35373,2877500,14440,55931.5
35374,2877500,14470,55422.796875
35375,2877500,14500,55902.609375
35376,2877500,14530,55931.6875
35377,2877500,14560,55943.203125
35378,2877500,14590,55944.796875
35379,2877500,14620,55930.703125
35380,2877500,14650,55946.8125
35381,2877500,14680,55952.109375
35382,2877500,14710,55856.890625
35383,2877500,14740,55921.40625
35384,2877500,14770,55428.1875
35385,2877500,14800,55943.09375
35386,2877500,14830,55965.59375
35387,2877500,14860,55890.484375
35388,2877500,14890,55936.796875
35389,2877500,14920,55929.0
35390,2877500,14950,55893.71875
35391,2877500,14980,55910.40625
35392,2877500,15010,55883.109375
35393,2877500,15040,55435.28125
35394,2877500,15070,55973.6875
35395,2877500,15100,55959.59375
35396,2877500,15130,55888.09375
35397,2877500,15160,55962.515625
35398,2877500,15190,55959.6875
35399,2877500,15220,55960.0
35400,2877500,15250,55915.984375
35401,2877500,15280,55975.21875
35402,2877500,15310,55945.0
35403,2877500,15340,55981.59375
35404,2877500,15370,55938.609375
35405,2877500,15400,55469.890625
35406,2877500,15430,55918.28125
35407,2877500,15460,55920.890625
35408,2877500,15490,55969.09375
35409,2877500,15520,55923.515625
35410,2877500,15550,55958.109375
35411,2877500,15580,55939.90625
35412,2877500,15610,56013.8125
35413,2877500,15640,55995.59375
35414,2877500,15670,55472.703125
35415,2877500,15700,55956.109375
35416,2877500,15730,55910.09375
35417,2877500,15760,55948.609375
35418,2877500,15790,55960.09375
35419,2877500,15820,55979.5
35420,2877500,15850,55969.59375
35421,2877500,15880,55903.1875
35422,2877500,15910,55951.59375
35423,2877500,15940,56030.71875
35424,2877500,15970,55980.09375
35425,2877500,16000,55968.0
35426,2877500,16030,55478.796875
35427,2877500,16060,56008.3125
35428,2877500,16090,55948.203125
35429,2877500,16120,55939.0
35430,2877500,16150,55944.0
35431,2877500,16180,55967.296875
35432,2877500,16210,56006.21875
35433,2877500,16240,55958.1875
35434,2877500,16270,55953.21875
35435,2877500,16300,55481.203125
35436,2877500,16330,55984.78125
35437,2877500,16360,55970.90625
35438,2877500,16390,55965.296875
35439,2877500,16420,55928.6875
35440,2877500,16450,56009.796875
35441,2877500,16480,55989.40625
35442,2877500,16510,55996.6875
35443,2877500,16540,55954.0
35444,2877500,16570,55970.09375
35445,2877500,16600,55419.484375
35446,2877500,16630,56002.390625
35447,2877500,16660,56004.21875
35448,2877500,16690,55995.5
35449,2877500,16720,56015.71875
35450,2877500,16750,55930.0
35451,2877500,16780,55970.296875
35452,2877500,16810,56003.203125
35453,2877500,16840,56050.5
35454,2877500,16870,56017.390625
35455,2877500,16900,56007.703125
35456,2877500,16930,55990.390625
35457,2877500,16960,55517.59375
35458,2877500,16990,56005.203125
35459,2877500,17020,56009.3125
35460,2877500,17050,55958.71875
35461,2877500,17080,56011.09375
35462,2877500,17110,56020.5
35463,2877500,17140,56031.6875
35464,2877500,17170,56064.203125
35465,2877500,17200,55980.40625
35466,2877500,17230,55503.90625
35467,2877500,17260,56037.90625
35468,2877500,17290,56046.78125
35469,2877500,17320,55985.515625
35470,2877500,17350,56042.0
35471,2877500,17380,56009.609375
35472,2877500,17410,55990.90625
35473,2877500,17440,55960.09375
35474,2877500,17470,56055.09375
35475,2877500,17500,56006.59375
35476,2877500,17530,56055.609375
35477,2877500,17560,55999.390625
35478,2877500,17590,56025.796875
35479,2877500,17620,55499.5
35480,2877500,17650,56085.203125
35481,2877500,17680,56115.5
35482,2877500,17710,56039.90625
35483,2877500,17740,56028.890625
35484,2877500,17770,56050.90625
35485,2877500,17800,55987.3125
35486,2877500,17830,55970.390625
35487,2877500,17860,55490.40625
35488,2877500,17890,56010.609375
35489,2877500,17920,56034.90625
35490,2877500,17950,56035.8125
35491,2877500,17980,56031.890625
35492,2877500,18010,56000.296875
35493,2877500,18040,56000.0
35494,2877500,18070,56017.90625
35495,2877500,18100,55997.609375
35496,2877500,18130,56017.5
35497,2877500,18160,56049.09375
35498,2877500,18190,56019.984375
35499,2877500,18220,55589.796875
35500,2877500,18250,56048.09375
35501,2877500,18280,56043.5
35502,2877500,18310,55987.71875
35503,2877500,18340,56071.390625
35504,2877500,18370,56036.21875
35505,2877500,18400,55964.90625
35506,2877500,18430,55989.21875
35507,2877500,18460,55983.6875
35508,2877500,18490,55522.90625
35509,2877500,18520,55979.71875
35510,2877500,18550,56038.109375
35511,2877500,18580,56055.78125
35512,2877500,18610,56095.09375
35513,2877500,18640,56068.5
35514,2877500,18670,56017.90625
35515,2877500,18700,56042.890625
35516,2877500,18730,55986.3125
35517,2877500,18760,56098.890625
35518,2877500,18790,55518.109375
35519,2877500,18820,56004.1875
35520,2877500,18850,56066.109375
35521,2877500,18880,56062.203125
35522,2877500,18910,56021.09375
35523,2877500,18940,56064.3125
35524,2877500,18970,56012.3125
35525,2877500,19000,56069.984375
35526,2877500,19030,56059.296875
35527,2877500,19060,56030.484375
35528,2877500,19090,56104.484375
35529,2877500,19120,56072.703125
35530,2877500,19150,56012.0
35531,2877500,19180,55550.09375
35532,2877500,19210,56048.609375
35533,2877500,19240,56047.0
35534,2877500,19270,56080.203125
35535,2877500,19300,56037.890625
35536,2877500,19330,56042.09375
35537,2877500,19360,56063.890625
35538,2877500,19390,56023.984375
35539,2877500,19420,55524.203125
35540,2877500,19450,56035.890625
35541,2877500,19480,56095.703125
35542,2877500,19510,56070.78125
35543,2877500,19540,56086.5
35544,2877500,19570,56070.296875
35545,2877500,19600,56020.703125
35546,2877500,19630,56008.28125
35547,2877500,19660,56097.890625
35548,2877500,19690,56076.6875
35549,2877500,19720,56035.0
35550,2877500,19750,56008.390625
35551,2877500,19780,55556.390625
35552,2877500,19810,56088.796875
35553,2877500,19840,56081.296875
35554,2877500,19870,56055.71875
35555,2877500,19900,56088.21875
35556,2877500,19930,56071.390625
35557,2877500,19960,56083.796875
35558,2877500,19990,56056.390625
35559,2877500,20020,56067.609375
35560,2877500,20050,55628.59375
35561,2877500,20080,56086.8125
35562,2877500,20110,56030.203125
35563,2877500,20140,56124.609375
35564,2877500,20170,56084.90625
35565,2877500,20200,56039.109375
35566,2877500,20230,56092.0
35567,2877500,20260,56169.5
35568,2877500,20290,56064.21875
35569,2877500,20320,56094.296875
35570,2877500,20350,56113.609375
35571,2877500,20380,56068.5
35572,2877500,20410,56102.8125
35573,2877500,20440,55610.703125
35574,2877500,20470,56134.296875
35575,2877500,20500,56116.6875
35576,2877500,20530,56105.390625
35577,2877500,20560,56114.8125
35578,2877500,20590,56047.5
35579,2877500,20620,56069.40625
35580,2877500,20650,56047.109375
35581,2877500,20680,55582.90625
35582,2877500,20710,56135.609375
35583,2877500,20740,56060.0
35584,2877500,20770,56078.3125
35585,2877500,20800,56097.5
35586,2877500,20830,56126.0
35587,2877500,20860,56085.109375
35588,2877500,20890,56117.984375
35589,2877500,20920,56041.59375
35590,2877500,20950,56023.6875
35591,2877500,20980,55626.71875
35592,2877500,21010,56103.515625
35593,2877500,21040,56087.40625
35594,2877500,21070,56103.1875
35595,2877500,21100,56059.890625
35596,2877500,21130,56084.703125
35597,2877500,21160,56074.09375
35598,2877500,21190,56041.5
35599,2877500,21220,56116.890625
35600,2877500,21250,56079.703125
35601,2877500,21280,56064.09375
35602,2877500,21310,56070.90625
35603,2877500,21340,56089.59375
35604,2877500,21370,56140.59375
35605,2877500,21400,55600.8125
35606,2877500,21430,56094.609375
35607,2877500,21460,56056.703125
35608,2877500,21490,56142.5
35609,2877500,21520,56105.890625
35610,2877500,21550,56121.40625
35611,2877500,21580,56048.703125
35612,2877500,21610,55622.59375
35613,2877500,21640,56087.40625
35614,2877500,21670,56087.0
35615,2877500,21700,56161.109375
35616,2877500,21730,56110.90625
35617,2877500,21760,56057.015625
35618,2877500,21790,56159.28125
35619,2877500,21820,56117.984375
35620,2877500,21850,56120.203125
35621,2877500,21880,56089.78125
35622,2877500,21910,56164.90625
35623,2877500,21940,56084.1875
35624,2877500,21970,55590.71875
35625,2877500,22000,56099.796875
35626,2877500,22030,56029.8125
35627,2877500,22060,56121.40625
35628,2877500,22090,56062.109375
35629,2877500,22120,56086.703125
35630,2877500,22150,56093.59375
35631,2877500,22180,56099.3125
35632,2877500,22210,56160.1875
35633,2877500,22240,55591.5
35634,2877500,22270,56113.40625
35635,2877500,22300,56135.09375
35636,2877500,22330,56043.0
35637,2877500,22360,56111.390625
35638,2877500,22390,56204.90625
35639,2877500,22420,56116.90625
35640,2877500,22450,56112.78125
35641,2877500,22480,56099.8125
35642,2877500,22510,56162.703125
35643,2877500,22540,56158.3125
35644,2877500,22570,56136.40625
35645,2877500,22600,56071.390625
35646,2877500,22630,55625.90625
35647,2877500,22660,56158.6875
35648,2877500,22690,56088.109375
35649,2877500,22720,56113.1875
35650,2877500,22750,56157.59375
35651,2877500,22780,56128.90625
35652,2877500,22810,56170.015625
35653,2877500,22840,56098.0
35654,2877500,22870,56151.390625
35655,2877500,22900,55628.515625
35656,2877500,22930,56085.0
35657,2877500,22960,56129.78125
35658,2877500,22990,56159.984375
35659,2877500,23020,56119.296875
35660,2877500,23050,56167.8125
35661,2877500,23080,56161.8125
35662,2877500,23110,56088.90625
35663,2877500,23140,56189.296875
35664,2877500,23170,56159.296875
35665,2877500,23200,56117.0
35666,2877500,23230,55648.40625
35667,2877500,23260,56134.1875
35668,2877500,23290,56179.90625
35669,2877500,23320,56131.5
35670,2877500,23350,56169.296875
35671,2877500,23380,56202.78125
35672,2877500,23410,56176.890625
35673,2877500,23440,56142.703125
35674,2877500,23470,56125.109375
35675,2877500,23500,56156.109375
35676,2877500,23530,55637.203125
35677,2877500,23560,56139.6875
35678,2877500,23590,56050.1875
35679,2877500,23620,56110.5
35680,2877500,23650,56188.296875
35681,2877500,23680,56146.71875
35682,2877500,23710,56131.90625
35683,2877500,23740,56161.21875
35684,2877500,23770,56171.796875
35685,2877500,23800,55607.390625
35686,2877500,23830,56205.703125
35687,2877500,23860,56197.59375
35688,2877500,23890,56146.40625
35689,2877500,23920,56165.890625
35690,2877500,23950,56173.296875
35691,2877500,23980,56152.5
35692,2877500,24010,56190.109375
35693,2877500,24040,56176.40625
35694,2877500,24070,56172.609375
35695,2877500,24100,56103.09375
35696,2877500,24130,56073.015625
35697,2877500,24160,55655.0
35698,2877500,24190,56138.90625
35699,2877500,24220,56158.890625
35700,2877500,24250,56140.8125
35701,2877500,24280,56119.09375
35702,2877500,24310,56082.21875
35703,2877500,24340,56153.484375
35704,2877500,24370,56180.40625
35705,2877500,24400,56105.203125
35706,2877500,24430,55626.6875
35707,2877500,24460,56134.296875
35708,2877500,24490,56151.0
35709,2877500,24520,56166.203125
35710,2877500,24550,56156.609375
35711,2877500,24580,56161.40625
35712,2877500,24610,56152.015625
35713,2877500,24640,56079.3125
35714,2877500,24670,56138.515625
35715,2877500,24700,56116.59375
35716,2877500,24730,56129.796875
35717,2877500,24760,56122.796875
35718,2877500,24790,55641.296875
35719,2877500,24820,56075.796875
35720,2877500,24850,56173.890625
35721,2877500,24880,56139.3125
35722,2877500,24910,56132.203125
35723,2877500,24940,56108.78125
35724,2877500,24970,56197.59375
35725,2877500,25000,56153.796875
35726,2877500,25030,56169.90625
35727,2877500,25060,55643.515625
35728,2877500,25090,56198.609375
35729,2877500,25120,56110.6875
35730,2877500,25150,56132.59375
35731,2877500,25180,56171.296875
35732,2877500,25210,56201.71875
35733,2877500,25240,56209.0
35734,2877500,25270,56146.015625
35735,2877500,25300,56147.890625
35736,2877500,25330,56164.40625
35737,2877500,25360,56161.296875
35738,2877500,25390,56139.609375
35739,2877500,25420,55681.3125
35740,2877500,25450,56178.015625
35741,2877500,25480,56175.90625
35742,2877500,25510,56221.6875
35743,2877500,25540,56174.796875
35744,2877500,25570,56160.8125
35745,2877500,25600,56168.09375
35746,2877500,25630,56187.6875
35747,2877500,25660,56181.90625
35748,2877500,25690,55704.0
35749,2877500,25720,56171.3125
35750,2877500,25750,56126.90625
35751,2877500,25780,56186.0
35752,2877500,25810,56195.40625
35753,2877500,25840,56130.59375
35754,2877500,25870,56191.796875
35755,2877500,25900,56195.890625
35756,2877500,25930,56218.40625
35757,2877500,25960,56174.3125
35758,2877500,25990,55662.40625
35759,2877500,26020,56162.09375
35760,2877500,26050,56195.609375
35761,2877500,26080,56141.3125
35762,2877500,26110,56173.515625
35763,2877500,26140,56197.09375
35764,2877500,26170,56170.40625
35765,2877500,26200,56167.015625
35766,2877500,26230,56172.984375
35767,2877500,26260,56201.71875
35768,2877500,26290,56201.109375
35769,2877500,26320,56140.59375
35770,2877500,26350,56145.90625
35771,2877500,26380,55656.390625
35772,2877500,26410,56165.59375
35773,2877500,26440,56228.8125
35774,2877500,26470,56132.890625
35775,2877500,26500,56198.09375
35776,2877500,26530,56142.109375
35777,2877500,26560,56245.609375
35778,2877500,26590,56192.59375
35779,2877500,26620,55687.703125
35780,2877500,26650,56142.390625
35781,2877500,26680,56151.1875
35782,2877500,26710,56188.09375
35783,2877500,26740,56182.703125
35784,2877500,26770,56236.78125
35785,2877500,26800,56173.390625
35786,2877500,26830,56251.90625
35787,2877500,26860,56170.203125
35788,2877500,26890,56187.0
35789,2877500,26920,56185.71875
35790,2877500,26950,56169.40625
35791,2877500,26980,55730.1875
35792,2877500,27010,56153.984375
35793,2877500,27040,56209.296875
35794,2877500,27070,56191.796875
35795,2877500,27100,56203.6875
35796,2877500,27130,56189.1875
35797,2877500,27160,56260.484375
35798,2877500,27190,56251.203125
35799,2877500,27220,56201.59375
35800,2877500,27250,55631.6875
35801,2877500,27280,56184.6875
35802,2877500,27310,56179.09375
35803,2877500,27340,56139.59375
35804,2877500,27370,56136.0
35805,2877500,27400,56181.0
35806,2877500,27430,56187.203125
35807,2877500,27460,56222.0
35808,2877500,27490,56224.109375
35809,2877500,27520,56112.609375
35810,2877500,27550,56209.6875
35811,2877500,27580,56204.3125
35812,2877500,27610,55709.90625
35813,2877500,27640,56227.90625
35814,2877500,27670,56205.109375
35815,2877500,27700,56144.015625
35816,2877500,27730,56204.28125
35817,2877500,27760,56122.109375
35818,2877500,27790,56127.90625
35819,2877500,27820,56231.28125
35820,2877500,27850,56184.890625
35821,2877500,27880,56206.0
35822,2877500,27910,56191.1875
35823,2877500,27940,55707.3125
35824,2877500,27970,56202.40625
35825,2877500,28000,56149.40625
35826,2877500,28030,56217.09375
35827,2877500,28060,56212.09375
35828,2877500,28090,56171.1875
35829,2877500,28120,56217.8125
35830,2877500,28150,56210.390625
35831,2877500,28180,55690.59375
35832,2877500,28210,56179.90625
35833,2877500,28240,56260.484375
35834,2877500,28270,56236.390625
35835,2877500,28300,56187.21875
35836,2877500,28330,56206.796875
35837,2877500,28360,56203.40625
35838,2877500,28390,56177.015625
35839,2877500,28420,56224.296875
35840,2877500,28450,56291.3125
35841,2877500,28480,56197.0
35842,2877500,28510,56152.609375
35843,2877500,28540,55673.0
35844,2877500,28570,56214.8125
35845,2877500,28600,56175.09375
35846,2877500,28630,56181.703125
35847,2877500,28660,56185.796875
35848,2877500,28690,56197.5
35849,2877500,28720,56222.90625
35850,2877500,28750,56201.390625
35851,2877500,28780,56186.3125
35852,2877500,28810,55753.6875
35853,2877500,28840,56169.5
35854,2877500,28870,56210.59375
35855,2877500,28900,56233.59375
35856,2877500,28930,56145.59375
35857,2877500,28960,56211.890625
35858,2877500,28990,56157.59375
35859,2877500,29020,56200.59375
35860,2877500,29050,56194.1875
35861,2877500,29080,56218.984375
35862,2877500,29110,56174.59375
35863,2877500,29140,56168.0
35864,2877500,29170,55731.5
35865,2877500,29200,56191.8125
35866,2877500,29230,56174.0
35867,2877500,29260,56146.390625
35868,2877500,29290,56207.8125
35869,2877500,29320,56159.1875
35870,2877500,29350,56153.609375
35871,2877500,29380,56127.59375
35872,2877500,29410,56268.609375
35873,2877500,29440,55701.28125
35874,2877500,29470,56216.90625
35875,2877500,29500,56231.59375
35876,2877500,29530,56207.390625
35877,2877500,29560,56111.0
35878,2877500,29590,56161.1875
35879,2877500,29620,56224.296875
35880,2877500,29650,56170.71875
35881,2877500,29680,56219.21875
35882,2877500,29710,56205.40625
35883,2877500,29740,55642.90625
35884,2877500,29770,56200.6875
35885,2877500,29800,56192.984375
35886,2877500,29830,56174.296875
35887,2877500,29860,56199.59375
35888,2877500,29890,56175.609375
35889,2877500,29920,56244.5
35890,2877500,29950,56182.109375
35891,2877500,29980,56187.6875
35892,2878000,100,13406.78125
35893,2878000,130,60954.390625
35894,2878000,160,58063.71875
35895,2878000,190,51353.40625
35896,2878000,220,46234.703125
35897,2878000,250,54098.59375
35898,2878000,280,55910.40625
35899,2878000,310,51143.09375
35900,2878000,340,46122.90625
35901,2878000,370,52326.3125
35902,2878000,400,55313.015625
35903,2878000,430,56100.390625
35904,2878000,460,52802.40625
35905,2878000,490,49014.5
35906,2878000,520,53352.0
35907,2878000,550,55550.296875
35908,2878000,580,53186.21875
35909,2878000,610,52048.09375
35910,2878000,640,52505.8125
35911,2878000,670,56536.1875
35912,2878000,700,57316.5
35913,2878000,730,53540.90625
35914,2878000,760,48422.6875
35915,2878000,790,49232.0
35916,2878000,820,54703.484375
35917,2878000,850,57647.390625
35918,2878000,880,56760.296875
35919,2878000,910,52493.8125
35920,2878000,940,51305.09375
35921,2878000,970,54464.28125
35922,2878000,1000,56541.28125
35923,2878000,1030,55186.5
35924,2878000,1060,52247.90625
35925,2878000,1090,51459.3125
35926,2878000,1120,52590.0
35927,2878000,1150,55560.796875
35928,2878000,1180,55932.609375
35929,2878000,1210,54246.109375
35930,2878000,1240,54400.609375
35931,2878000,1270,54257.90625
35932,2878000,1300,54329.703125
35933,2878000,1330,53851.109375
35934,2878000,1360,53723.6875
35935,2878000,1390,54630.90625
35936,2878000,1420,54954.90625
35937,2878000,1450,54702.0
35938,2878000,1480,53866.390625
35939,2878000,1510,52714.09375
35940,2878000,1540,54454.1875
35941,2878000,1570,55358.890625
35942,2878000,1600,55309.515625
35943,2878000,1630,54435.59375
35944,2878000,1660,53636.3125
35945,2878000,1690,54097.890625
35946,2878000,1720,54504.90625
35947,2878000,1750,54677.6875
35948,2878000,1780,54346.1875
35949,2878000,1810,54028.890625
35950,2878000,1840,54193.1875
35951,2878000,1870,53770.71875
35952,2878000,1900,54340.78125
35953,2878000,1930,54788.40625
35954,2878000,1960,54904.296875
35955,2878000,1990,54835.703125
35956,2878000,2020,54057.609375
35957,2878000,2050,53568.28125
35958,2878000,2080,53999.0
35959,2878000,2110,54981.59375
35960,2878000,2140,54892.90625
35961,2878000,2170,54639.8125
35962,2878000,2200,53601.890625
35963,2878000,2230,53518.40625
35964,2878000,2260,54506.203125
35965,2878000,2290,55500.1875
35966,2878000,2320,55322.3125
35967,2878000,2350,54323.5
35968,2878000,2380,53912.28125
35969,2878000,2410,54460.40625
35970,2878000,2440,54917.109375
35971,2878000,2470,54702.90625
35972,2878000,2500,53462.1875
35973,2878000,2530,53782.1875
35974,2878000,2560,54387.78125
35975,2878000,2590,55323.78125
35976,2878000,2620,55168.40625
35977,2878000,2650,54460.390625
35978,2878000,2680,54155.59375
35979,2878000,2710,54465.78125
35980,2878000,2740,54645.015625
35981,2878000,2770,53788.0
35982,2878000,2800,53974.890625
35983,2878000,2830,54208.3125
35984,2878000,2860,54978.3125
35985,2878000,2890,55595.296875
35986,2878000,2920,55063.8125
35987,2878000,2950,53962.59375
35988,2878000,2980,53841.515625
35989,2878000,3010,54361.609375
35990,2878000,3040,54951.796875
35991,2878000,3070,54368.90625
35992,2878000,3100,54281.3125
35993,2878000,3130,54266.5
35994,2878000,3160,54746.40625
35995,2878000,3190,55238.796875
35996,2878000,3220,54928.609375
35997,2878000,3250,53975.21875
35998,2878000,3280,53768.8125
35999,2878000,3310,54412.984375
36000,2878000,3340,55083.515625
36001,2878000,3370,55202.8125
36002,2878000,3400,54311.796875
36003,2878000,3430,54451.09375
36004,2878000,3460,54526.296875
36005,2878000,3490,54767.484375
36006,2878000,3520,54742.5
36007,2878000,3550,54354.78125
36008,2878000,3580,54414.890625
36009,2878000,3610,54798.78125
36010,2878000,3640,54992.703125
36011,2878000,3670,54912.1875
36012,2878000,3700,54600.5
36013,2878000,3730,54468.40625
36014,2878000,3760,54037.09375
36015,2878000,3790,54740.90625
36016,2878000,3820,54716.703125
36017,2878000,3850,54483.6875
36018,2878000,3880,54634.78125
36019,2878000,3910,55022.3125
36020,2878000,3940,55100.1875
36021,2878000,3970,54883.0
36022,2878000,4000,54466.21875
36023,2878000,4030,54218.40625
36024,2878000,4060,54064.8125
36025,2878000,4090,54946.609375
36026,2878000,4120,55007.515625
36027,2878000,4150,54806.890625
36028,2878000,4180,54620.21875
36029,2878000,4210,54722.8125
36030,2878000,4240,54854.484375
36031,2878000,4270,54765.296875
36032,2878000,4300,54682.1875
36033,2878000,4330,54130.90625
36034,2878000,4360,54694.296875
36035,2878000,4390,54903.6875
36036,2878000,4420,54964.1875
36037,2878000,4450,54901.40625
36038,2878000,4480,54862.296875
36039,2878000,4510,54662.40625
36040,2878000,4540,54703.71875
36041,2878000,4570,54694.390625
36042,2878000,4600,54767.1875
36043,2878000,4630,54927.203125
36044,2878000,4660,54967.609375
36045,2878000,4690,54398.59375
36046,2878000,4720,54817.8125
36047,2878000,4750,54567.796875
36048,2878000,4780,54615.09375
36049,2878000,4810,54848.5
36050,2878000,4840,54984.8125
36051,2878000,4870,54939.78125
36052,2878000,4900,54858.40625
36053,2878000,4930,54809.484375
36054,2878000,4960,54330.796875
36055,2878000,4990,54844.09375
36056,2878000,5020,54886.5
36057,2878000,5050,54832.6875
36058,2878000,5080,54778.1875
36059,2878000,5110,54783.6875
36060,2878000,5140,54928.5
36061,2878000,5170,54975.015625
36062,2878000,5200,55059.6875
36063,2878000,5230,54914.3125
36064,2878000,5260,54725.796875
36065,2878000,5290,54687.09375
36066,2878000,5320,54316.5
36067,2878000,5350,54988.609375
36068,2878000,5380,55048.40625
36069,2878000,5410,55016.6875
36070,2878000,5440,54900.21875
36071,2878000,5470,54810.8125
36072,2878000,5500,54832.5
36073,2878000,5530,54801.90625
36074,2878000,5560,54935.3125
36075,2878000,5590,54921.0
36076,2878000,5620,54407.59375
36077,2878000,5650,54999.703125
36078,2878000,5680,55002.796875
36079,2878000,5710,54871.203125
36080,2878000,5740,54863.390625
36081,2878000,5770,54918.1875
36082,2878000,5800,54964.609375
36083,2878000,5830,54873.609375
36084,2878000,5860,54836.5
36085,2878000,5890,54457.0
36086,2878000,5920,55039.8125
36087,2878000,5950,55118.796875
36088,2878000,5980,55008.78125
36089,2878000,6010,54799.0
36090,2878000,6040,54692.3125
36091,2878000,6070,54863.703125
36092,2878000,6100,55107.703125
36093,2878000,6130,55211.203125
36094,2878000,6160,55074.8125
36095,2878000,6190,54937.8125
36096,2878000,6220,54956.0
36097,2878000,6250,54474.015625
36098,2878000,6280,55082.796875
36099,2878000,6310,54974.1875
36100,2878000,6340,54962.390625
36101,2878000,6370,54984.71875
36102,2878000,6400,55092.796875
36103,2878000,6430,55167.890625
36104,2878000,6460,55039.703125
36105,2878000,6490,54952.40625
36106,2878000,6520,54464.390625
36107,2878000,6550,55094.5
36108,2878000,6580,55003.78125
36109,2878000,6610,55059.703125
36110,2878000,6640,55052.203125
36111,2878000,6670,55120.5
36112,2878000,6700,55159.40625
36113,2878000,6730,55136.0
36114,2878000,6760,54970.6875
36115,2878000,6790,54811.796875
36116,2878000,6820,54980.90625
36117,2878000,6850,55182.796875
36118,2878000,6880,54733.59375
36119,2878000,6910,55112.5
36120,2878000,6940,54964.109375
36121,2878000,6970,55005.40625
36122,2878000,7000,55145.1875
36123,2878000,7030,55125.8125
36124,2878000,7060,55074.203125
36125,2878000,7090,54948.90625
36126,2878000,7120,55008.40625
36127,2878000,7150,55134.109375
36128,2878000,7180,55209.78125
36129,2878000,7210,54647.8125
36130,2878000,7240,55070.203125
36131,2878000,7270,54970.78125
36132,2878000,7300,55034.40625
36133,2878000,7330,55109.5
36134,2878000,7360,55095.90625
36135,2878000,7390,55095.203125
36136,2878000,7420,55193.1875
36137,2878000,7450,55193.703125
36138,2878000,7480,55162.109375
36139,2878000,7510,54518.296875
36140,2878000,7540,55015.09375
36141,2878000,7570,55110.109375
36142,2878000,7600,55172.21875
36143,2878000,7630,55190.890625
36144,2878000,7660,55191.90625
36145,2878000,7690,55104.390625
36146,2878000,7720,55094.78125
36147,2878000,7750,55196.015625
36148,2878000,7780,54637.703125
36149,2878000,7810,55148.109375
36150,2878000,7840,55119.6875
36151,2878000,7870,55082.5
36152,2878000,7900,55203.296875
36153,2878000,7930,55212.90625
36154,2878000,7960,55305.109375
36155,2878000,7990,55175.0
36156,2878000,8020,55139.015625
36157,2878000,8050,55119.984375
36158,2878000,8080,54632.5
36159,2878000,8110,55236.609375
36160,2878000,8140,55197.609375
36161,2878000,8170,55219.0
36162,2878000,8200,55264.40625
36163,2878000,8230,55209.5
36164,2878000,8260,55204.59375
36165,2878000,8290,55170.1875
36166,2878000,8320,55095.71875
36167,2878000,8350,55178.703125
36168,2878000,8380,55207.40625
36169,2878000,8410,55268.90625
36170,2878000,8440,54750.890625
36171,2878000,8470,55223.609375
36172,2878000,8500,55222.8125
36173,2878000,8530,55173.71875
36174,2878000,8560,55189.890625
36175,2878000,8590,55218.59375
36176,2878000,8620,55277.90625
36177,2878000,8650,55229.09375
36178,2878000,8680,55229.21875
36179,2878000,8710,54698.890625
36180,2878000,8740,55270.609375
36181,2878000,8770,55201.390625
36182,2878000,8800,55163.984375
36183,2878000,8830,55176.59375
36184,2878000,8860,55146.28125
36185,2878000,8890,55306.59375
36186,2878000,8920,55369.40625
36187,2878000,8950,55297.890625
36188,2878000,8980,55225.609375
36189,2878000,9010,55214.390625
36190,2878000,9040,55235.296875
36191,2878000,9070,54709.59375
36192,2878000,9100,55167.796875
36193,2878000,9130,55177.109375
36194,2878000,9160,55264.71875
36195,2878000,9190,55329.5
36196,2878000,9220,55249.90625
36197,2878000,9250,55298.28125
36198,2878000,9280,55155.203125
36199,2878000,9310,55137.0
36200,2878000,9340,54706.0
36201,2878000,9370,55300.78125
36202,2878000,9400,55304.515625
36203,2878000,9430,55253.203125
36204,2878000,9460,55297.015625
36205,2878000,9490,55311.8125
36206,2878000,9520,55294.90625
36207,2878000,9550,55237.0
36208,2878000,9580,55282.1875
36209,2878000,9610,55282.90625
36210,2878000,9640,55304.890625
36211,2878000,9670,55364.09375
36212,2878000,9700,54792.59375
36213,2878000,9730,55304.1875
36214,2878000,9760,55280.40625
36215,2878000,9790,55322.3125
36216,2878000,9820,55330.296875
36217,2878000,9850,55234.40625
36218,2878000,9880,55306.5
36219,2878000,9910,55350.90625
36220,2878000,9940,55312.0
36221,2878000,9970,54878.3125
36222,2878000,10000,55356.390625
36223,2878000,10030,55309.09375
36224,2878000,10060,55315.109375
36225,2878000,10090,55334.1875
36226,2878000,10120,55348.0
36227,2878000,10150,55410.609375
36228,2878000,10180,55372.0
36229,2878000,10210,55327.703125
36230,2878000,10240,55350.28125
36231,2878000,10270,54829.59375
36232,2878000,10300,55322.3125
36233,2878000,10330,55402.203125
36234,2878000,10360,55308.109375
36235,2878000,10390,55372.890625
36236,2878000,10420,55328.0
36237,2878000,10450,55395.09375
36238,2878000,10480,55331.6875
36239,2878000,10510,55330.6875
36240,2878000,10540,55335.78125
36241,2878000,10570,55417.703125
36242,2878000,10600,55369.109375
36243,2878000,10630,54932.015625
36244,2878000,10660,55401.28125
36245,2878000,10690,55363.296875
36246,2878000,10720,55401.59375
36247,2878000,10750,55347.59375
36248,2878000,10780,55427.203125
36249,2878000,10810,55394.3125
36250,2878000,10840,55385.703125
36251,2878000,10870,55402.59375
36252,2878000,10900,54894.59375
36253,2878000,10930,55445.21875
36254,2878000,10960,55391.28125
36255,2878000,10990,55408.609375
36256,2878000,11020,55415.296875
36257,2878000,11050,55403.0
36258,2878000,11080,55449.5
36259,2878000,11110,55381.78125
36260,2878000,11140,55397.796875
36261,2878000,11170,55420.390625
36262,2878000,11200,55438.015625
36263,2878000,11230,55449.5
36264,2878000,11260,54939.515625
36265,2878000,11290,55388.90625
36266,2878000,11320,55438.0
36267,2878000,11350,55412.90625
36268,2878000,11380,55494.3125
36269,2878000,11410,55466.59375
36270,2878000,11440,55414.40625
36271,2878000,11470,55476.90625
36272,2878000,11500,55436.984375
36273,2878000,11530,54910.28125
36274,2878000,11560,55395.1875
36275,2878000,11590,55403.203125
36276,2878000,11620,55432.09375
36277,2878000,11650,55446.8125
36278,2878000,11680,55481.296875
36279,2878000,11710,55461.203125
36280,2878000,11740,55419.3125
36281,2878000,11770,55395.390625
36282,2878000,11800,55425.8125
36283,2878000,11830,55388.0
36284,2878000,11860,55476.015625
36285,2878000,11890,54893.59375
36286,2878000,11920,55439.5
36287,2878000,11950,55479.203125
36288,2878000,11980,55514.390625
36289,2878000,12010,55447.28125
36290,2878000,12040,55441.609375
36291,2878000,12070,55436.59375
36292,2878000,12100,55500.984375
36293,2878000,12130,55463.90625
36294,2878000,12160,54959.59375
36295,2878000,12190,55459.28125
36296,2878000,12220,55485.296875
36297,2878000,12250,55507.609375
36298,2878000,12280,55444.40625
36299,2878000,12310,55475.703125
36300,2878000,12340,55444.0
36301,2878000,12370,55479.203125
36302,2878000,12400,55458.203125
36303,2878000,12430,55494.28125
36304,2878000,12460,55492.3125
36305,2878000,12490,55500.0
36306,2878000,12520,54971.78125
36307,2878000,12550,55489.6875
36308,2878000,12580,55507.09375
36309,2878000,12610,55477.390625
36310,2878000,12640,55443.3125
36311,2878000,12670,55486.59375
36312,2878000,12700,55542.109375
36313,2878000,12730,55500.90625
36314,2878000,12760,55466.015625
36315,2878000,12790,55495.21875
36316,2878000,12820,54984.6875
36317,2878000,12850,55496.984375
36318,2878000,12880,55488.515625
36319,2878000,12910,55565.71875
36320,2878000,12940,55477.78125
36321,2878000,12970,55497.015625
36322,2878000,13000,55449.703125
36323,2878000,13030,55569.296875
36324,2878000,13060,55492.90625
36325,2878000,13090,54990.796875
36326,2878000,13120,55478.609375
36327,2878000,13150,55484.40625
36328,2878000,13180,55535.09375
36329,2878000,13210,55506.0
36330,2878000,13240,55521.71875
36331,2878000,13270,55474.6875
36332,2878000,13300,55536.5
36333,2878000,13330,55499.1875
36334,2878000,13360,55529.90625
36335,2878000,13390,55543.390625
36336,2878000,13420,55546.90625
36337,2878000,13450,54985.984375
36338,2878000,13480,55553.015625
36339,2878000,13510,55518.09375
36340,2878000,13540,55559.890625
36341,2878000,13570,55504.296875
36342,2878000,13600,55552.0
36343,2878000,13630,55529.40625
36344,2878000,13660,55501.59375
36345,2878000,13690,55610.78125
36346,2878000,13720,55103.390625
36347,2878000,13750,55556.1875
36348,2878000,13780,55522.3125
36349,2878000,13810,55518.6875
36350,2878000,13840,55532.015625
36351,2878000,13870,55540.5
36352,2878000,13900,55560.0
36353,2878000,13930,55573.59375
36354,2878000,13960,55456.5
36355,2878000,13990,55545.703125
36356,2878000,14020,55569.40625
36357,2878000,14050,56039.8125
36358,2878000,14080,55538.203125
36359,2878000,14110,55490.21875
36360,2878000,14140,55531.59375
36361,2878000,14170,55552.09375
36362,2878000,14200,55025.1875
36363,2878000,14230,55582.6875
36364,2878000,14260,55603.59375
36365,2878000,14290,55557.90625
36366,2878000,14320,55562.609375
36367,2878000,14350,55566.703125
36368,2878000,14380,55563.703125
36369,2878000,14410,55579.6875
36370,2878000,14440,55584.109375
36371,2878000,14470,55586.109375
36372,2878000,14500,55558.890625
36373,2878000,14530,55556.3125
36374,2878000,14560,55552.109375
36375,2878000,14590,55059.609375
36376,2878000,14620,55611.796875
36377,2878000,14650,55589.6875
36378,2878000,14680,55611.8125
36379,2878000,14710,55540.890625
36380,2878000,14740,55582.1875
36381,2878000,14770,55520.0
36382,2878000,14800,55588.203125
36383,2878000,14830,55114.3125
36384,2878000,14860,55568.90625
36385,2878000,14890,55526.515625
36386,2878000,14920,55544.71875
36387,2878000,14950,55622.59375
36388,2878000,14980,55637.3125
36389,2878000,15010,55567.109375
36390,2878000,15040,55607.3125
36391,2878000,15070,55554.40625
36392,2878000,15100,55585.90625
36393,2878000,15130,55085.390625
36394,2878000,15160,55589.109375
36395,2878000,15190,55546.890625
36396,2878000,15220,55575.40625
36397,2878000,15250,55582.109375
36398,2878000,15280,55577.390625
36399,2878000,15310,55589.703125
36400,2878000,15340,55603.515625
36401,2878000,15370,55572.796875
36402,2878000,15400,55596.8125
36403,2878000,15430,55639.1875
36404,2878000,15460,55655.0
36405,2878000,15490,55109.21875
36406,2878000,15520,55676.609375
36407,2878000,15550,55604.40625
36408,2878000,15580,55657.09375
36409,2878000,15610,55593.1875
36410,2878000,15640,55628.09375
36411,2878000,15670,55595.28125
36412,2878000,15700,55641.6875
36413,2878000,15730,55598.5
36414,2878000,15760,55115.703125
36415,2878000,15790,55624.5
36416,2878000,15820,55596.90625
36417,2878000,15850,55623.5
36418,2878000,15880,55654.8125
36419,2878000,15910,55644.40625
36420,2878000,15940,55652.28125
36421,2878000,15970,55642.59375
36422,2878000,16000,55645.09375
36423,2878000,16030,55571.09375
36424,2878000,16060,55684.28125
36425,2878000,16090,55665.890625
36426,2878000,16120,55651.296875
36427,2878000,16150,55118.203125
36428,2878000,16180,55654.90625
36429,2878000,16210,55589.59375
36430,2878000,16240,55663.609375
36431,2878000,16270,55693.09375
36432,2878000,16300,55663.40625
36433,2878000,16330,55584.203125
36434,2878000,16360,55640.90625
36435,2878000,16390,55210.28125
36436,2878000,16420,55587.796875
36437,2878000,16450,55674.90625
36438,2878000,16480,55633.796875
36439,2878000,16510,55663.59375
36440,2878000,16540,55674.703125
36441,2878000,16570,55695.203125
36442,2878000,16600,55671.21875
36443,2878000,16630,55687.6875
36444,2878000,16660,55620.5
36445,2878000,16690,55188.6875
36446,2878000,16720,55657.6875
36447,2878000,16750,55740.015625
36448,2878000,16780,55674.3125
36449,2878000,16810,55662.8125
36450,2878000,16840,55675.3125
36451,2878000,16870,55612.609375
36452,2878000,16900,55695.0
36453,2878000,16930,55676.3125
36454,2878000,16960,55703.609375
36455,2878000,16990,55652.6875
36456,2878000,17020,55171.40625
36457,2878000,17050,55666.015625
36458,2878000,17080,55719.90625
36459,2878000,17110,55636.28125
36460,2878000,17140,55737.0
36461,2878000,17170,55715.21875
36462,2878000,17200,55629.09375
36463,2878000,17230,55719.8125
36464,2878000,17260,55692.21875
36465,2878000,17290,55682.890625
36466,2878000,17320,55679.59375
36467,2878000,17350,55694.5
36468,2878000,17380,55175.3125
36469,2878000,17410,55717.703125
36470,2878000,17440,55666.796875
36471,2878000,17470,55684.40625
36472,2878000,17500,55643.203125
36473,2878000,17530,55636.109375
36474,2878000,17560,55690.6875
36475,2878000,17590,55666.0
36476,2878000,17620,55655.40625
36477,2878000,17650,55730.09375
36478,2878000,17680,55166.78125
36479,2878000,17710,55661.78125
36480,2878000,17740,55743.609375
36481,2878000,17770,55692.21875
36482,2878000,17800,55719.390625
36483,2878000,17830,55673.296875
36484,2878000,17860,55698.0
36485,2878000,17890,55647.984375
36486,2878000,17920,55736.59375
36487,2878000,17950,55194.21875
36488,2878000,17980,55664.0
36489,2878000,18010,55692.609375
36490,2878000,18040,55689.0
36491,2878000,18070,55711.1875
36492,2878000,18100,55666.3125
36493,2878000,18130,55669.609375
36494,2878000,18160,55712.8125
36495,2878000,18190,55734.203125
36496,2878000,18220,55658.90625
36497,2878000,18250,55684.796875
36498,2878000,18280,55684.296875
36499,2878000,18310,55140.21875
36500,2878000,18340,55750.0
36501,2878000,18370,55609.8125
36502,2878000,18400,55738.296875
36503,2878000,18430,55724.984375
36504,2878000,18460,55643.09375
36505,2878000,18490,55718.59375
36506,2878000,18520,55641.71875
36507,2878000,18550,55710.609375
36508,2878000,18580,55227.8125
36509,2878000,18610,55627.703125
36510,2878000,18640,55772.71875
36511,2878000,18670,55714.515625
36512,2878000,18700,55689.5
36513,2878000,18730,55738.5
36514,2878000,18760,55765.515625
36515,2878000,18790,55664.5
36516,2878000,18820,55736.90625
36517,2878000,18850,55693.5
36518,2878000,18880,55700.59375
36519,2878000,18910,55728.09375
36520,2878000,18940,55281.09375
36521,2878000,18970,55742.8125
36522,2878000,19000,55737.1875
36523,2878000,19030,55728.0
36524,2878000,19060,55647.40625
36525,2878000,19090,55726.5
36526,2878000,19120,55724.09375
36527,2878000,19150,55775.796875
36528,2878000,19180,55734.703125
36529,2878000,19210,55259.515625
36530,2878000,19240,55765.6875
36531,2878000,19270,55748.90625
36532,2878000,19300,55717.90625
36533,2878000,19330,55699.015625
36534,2878000,19360,55741.109375
36535,2878000,19390,55756.40625
36536,2878000,19420,55708.6875
36537,2878000,19450,55713.8125
36538,2878000,19480,55741.5
36539,2878000,19510,55227.0
36540,2878000,19540,55752.09375
36541,2878000,19570,55688.015625
36542,2878000,19600,55702.515625
36543,2878000,19630,55735.21875
36544,2878000,19660,55731.0
36545,2878000,19690,55756.1875
36546,2878000,19720,55706.28125
36547,2878000,19750,55762.984375
36548,2878000,19780,55736.796875
36549,2878000,19810,55722.8125
36550,2878000,19840,55650.0
36551,2878000,19870,55219.796875
36552,2878000,19900,55803.5
36553,2878000,19930,55749.59375
36554,2878000,19960,55729.90625
36555,2878000,19990,55692.609375
36556,2878000,20020,55729.59375
36557,2878000,20050,55741.6875
36558,2878000,20080,55727.3125
36559,2878000,20110,55703.59375
36560,2878000,20140,55252.515625
36561,2878000,20170,55730.90625
36562,2878000,20200,55786.015625
36563,2878000,20230,55799.5
36564,2878000,20260,55782.90625
36565,2878000,20290,55693.09375
36566,2878000,20320,55765.109375
36567,2878000,20350,55716.390625
36568,2878000,20380,55743.296875
36569,2878000,20410,55734.0
36570,2878000,20440,55806.71875
36571,2878000,20470,55801.40625
36572,2878000,20500,55334.109375
36573,2878000,20530,55757.90625
36574,2878000,20560,55719.796875
36575,2878000,20590,55761.890625
36576,2878000,20620,55771.78125
36577,2878000,20650,55764.78125
36578,2878000,20680,55768.8125
36579,2878000,20710,55797.0
36580,2878000,20740,55793.609375
36581,2878000,20770,55254.6875
36582,2878000,20800,55761.40625
36583,2878000,20830,55741.015625
36584,2878000,20860,55765.40625
36585,2878000,20890,55785.40625
36586,2878000,20920,55784.1875
36587,2878000,20950,55722.90625
36588,2878000,20980,55779.09375
36589,2878000,21010,55756.6875
36590,2878000,21040,55755.390625
36591,2878000,21070,55754.28125
36592,2878000,21100,55772.0
36593,2878000,21130,55225.8125
36594,2878000,21160,55779.703125
36595,2878000,21190,55767.109375
36596,2878000,21220,55760.3125
36597,2878000,21250,55781.984375
36598,2878000,21280,55745.6875
36599,2878000,21310,55772.5
36600,2878000,21340,55775.609375
36601,2878000,21370,55747.390625
36602,2878000,21400,55277.09375
36603,2878000,21430,55773.40625
36604,2878000,21460,55791.796875
36605,2878000,21490,55793.296875
36606,2878000,21520,55755.5
36607,2878000,21550,55739.28125
36608,2878000,21580,55812.3125
36609,2878000,21610,55778.703125
36610,2878000,21640,55728.59375
36611,2878000,21670,55759.3125
36612,2878000,21700,55711.484375
36613,2878000,21730,55718.3125
36614,2878000,21760,55234.0
36615,2878000,21790,55813.390625
36616,2878000,21820,55809.40625
36617,2878000,21850,55742.90625
36618,2878000,21880,55729.40625
36619,2878000,21910,55794.609375
36620,2878000,21940,55791.3125
36621,2878000,21970,55804.90625
36622,2878000,22000,55794.0
36623,2878000,22030,55805.21875
36624,2878000,22060,55779.203125
36625,2878000,22090,55270.390625
36626,2878000,22120,55745.0
36627,2878000,22150,55763.78125
36628,2878000,22180,55715.484375
36629,2878000,22210,55792.90625
36630,2878000,22240,55784.609375
36631,2878000,22270,55769.59375
36632,2878000,22300,55776.5
36633,2878000,22330,55807.109375
36634,2878000,22360,55726.78125
36635,2878000,22390,55326.59375
36636,2878000,22420,55787.90625
36637,2878000,22450,55844.203125
36638,2878000,22480,55812.0
36639,2878000,22510,55747.90625
36640,2878000,22540,55785.890625
36641,2878000,22570,55797.21875
36642,2878000,22600,55793.09375
36643,2878000,22630,55762.515625
36644,2878000,22660,55784.515625
36645,2878000,22690,55275.109375
36646,2878000,22720,55770.71875
36647,2878000,22750,55789.515625
36648,2878000,22780,55747.78125
36649,2878000,22810,55822.1875
36650,2878000,22840,55767.28125
36651,2878000,22870,55792.296875
36652,2878000,22900,55833.6875
36653,2878000,22930,55816.71875
36654,2878000,22960,55284.90625
36655,2878000,22990,55786.703125
36656,2878000,23020,55812.09375
36657,2878000,23050,55769.0
36658,2878000,23080,55820.90625
36659,2878000,23110,55782.1875
36660,2878000,23140,55831.515625
36661,2878000,23170,55804.28125
36662,2878000,23200,55823.390625
36663,2878000,23230,55836.6875
36664,2878000,23260,55839.703125
36665,2878000,23290,55784.296875
36666,2878000,23320,55816.484375
36667,2878000,23350,55291.5
36668,2878000,23380,55773.796875
36669,2878000,23410,55744.890625
36670,2878000,23440,55823.296875
36671,2878000,23470,55805.515625
36672,2878000,23500,55754.984375
36673,2878000,23530,55805.515625
36674,2878000,23560,55805.0
36675,2878000,23590,55315.6875
36676,2878000,23620,55780.09375
36677,2878000,23650,55780.390625
36678,2878000,23680,55845.109375
36679,2878000,23710,55844.5
36680,2878000,23740,55820.0
36681,2878000,23770,55811.796875
36682,2878000,23800,55838.703125
36683,2878000,23830,55865.6875
36684,2878000,23860,55785.203125
36685,2878000,23890,55309.484375
36686,2878000,23920,55828.59375
36687,2878000,23950,55796.1875
36688,2878000,23980,55776.5
36689,2878000,24010,55893.296875
36690,2878000,24040,55795.5
36691,2878000,24070,55833.6875
36692,2878000,24100,55814.609375
36693,2878000,24130,55837.0
36694,2878000,24160,55893.90625
36695,2878000,24190,55800.703125
36696,2878000,24220,55831.09375
36697,2878000,24250,55341.90625
36698,2878000,24280,55841.6875
36699,2878000,24310,55794.90625
36700,2878000,24340,55848.59375
36701,2878000,24370,55835.5
36702,2878000,24400,55743.015625
36703,2878000,24430,55843.6875
36704,2878000,24460,55780.59375
36705,2878000,24490,55859.1875
36706,2878000,24520,55345.890625
36707,2878000,24550,55830.703125
36708,2878000,24580,55821.6875
36709,2878000,24610,55810.21875
36710,2878000,24640,55903.609375
36711,2878000,24670,55816.71875
36712,2878000,24700,55852.28125
36713,2878000,24730,55833.59375
36714,2878000,24760,55828.796875
36715,2878000,24790,55850.40625
36716,2878000,24820,55809.296875
36717,2878000,24850,55844.203125
36718,2878000,24880,55293.28125
36719,2878000,24910,55835.1875
36720,2878000,24940,55832.8125
36721,2878000,24970,55896.015625
36722,2878000,25000,55804.6875
36723,2878000,25030,55809.90625
36724,2878000,25060,55810.09375
36725,2878000,25090,55867.90625
36726,2878000,25120,55811.90625
36727,2878000,25150,55291.1875
36728,2878000,25180,55874.796875
36729,2878000,25210,55919.40625
36730,2878000,25240,55822.78125
36731,2878000,25270,55780.203125
36732,2878000,25300,55805.203125
36733,2878000,25330,55806.59375
36734,2878000,25360,55830.203125
36735,2878000,25390,55833.59375
36736,2878000,25420,55834.484375
36737,2878000,25450,55810.3125
36738,2878000,25480,55793.09375
36739,2878000,25510,55384.40625
36740,2878000,25540,55840.203125
36741,2878000,25570,55856.984375
36742,2878000,25600,55839.703125
36743,2878000,25630,55879.59375
36744,2878000,25660,55833.1875
36745,2878000,25690,55866.0
36746,2878000,25720,55864.5
36747,2878000,25750,55837.28125
36748,2878000,25780,55361.109375
36749,2878000,25810,55866.21875
36750,2878000,25840,55877.40625
36751,2878000,25870,55852.71875
36752,2878000,25900,55835.78125
36753,2878000,25930,55808.6875
36754,2878000,25960,55837.5
36755,2878000,25990,55940.390625
36756,2878000,26020,55854.5
36757,2878000,26050,55918.09375
36758,2878000,26080,55798.6875
36759,2878000,26110,55904.609375
36760,2878000,26140,55303.109375
36761,2878000,26170,55812.296875
36762,2878000,26200,55784.015625
36763,2878000,26230,55911.90625
36764,2878000,26260,55879.390625
36765,2878000,26290,55800.5
36766,2878000,26320,55819.0
36767,2878000,26350,55891.78125
36768,2878000,26380,55865.0
36769,2878000,26410,55330.890625
36770,2878000,26440,55791.296875
36771,2878000,26470,55906.6875
36772,2878000,26500,55861.40625
36773,2878000,26530,55876.203125
36774,2878000,26560,55819.796875
36775,2878000,26590,55885.203125
36776,2878000,26620,55780.5
36777,2878000,26650,55833.8125
36778,2878000,26680,55851.796875
36779,2878000,26710,55335.1875
36780,2878000,26740,55823.296875
36781,2878000,26770,55900.1875
36782,2878000,26800,55856.3125
36783,2878000,26830,55827.59375
36784,2878000,26860,55831.203125
36785,2878000,26890,55835.6875
36786,2878000,26920,55870.0
36787,2878000,26950,55855.1875
36788,2878000,26980,55822.390625
36789,2878000,27010,55816.203125
36790,2878000,27040,55822.890625
36791,2878000,27070,55391.890625
36792,2878000,27100,55893.5
36793,2878000,27130,55851.703125
36794,2878000,27160,55803.09375
36795,2878000,27190,55820.1875
36796,2878000,27220,55881.703125
36797,2878000,27250,55769.015625
36798,2878000,27280,55836.09375
36799,2878000,27310,55821.90625
36800,2878000,27340,55339.890625
36801,2878000,27370,55876.5
36802,2878000,27400,55868.90625
36803,2878000,27430,55828.5
36804,2878000,27460,55791.890625
36805,2878000,27490,55878.90625
36806,2878000,27520,55867.3125
36807,2878000,27550,55873.515625
36808,2878000,27580,55897.90625
36809,2878000,27610,55866.90625
36810,2878000,27640,55867.40625
36811,2878000,27670,55843.609375
36812,2878000,27700,55418.59375
36813,2878000,27730,55852.1875
36814,2878000,27760,55874.6875
36815,2878000,27790,55892.390625
36816,2878000,27820,55843.390625
36817,2878000,27850,55904.390625
36818,2878000,27880,55815.59375
36819,2878000,27910,55855.78125
36820,2878000,27940,55816.8125
36821,2878000,27970,55353.0
36822,2878000,28000,55849.71875
36823,2878000,28030,55858.09375
36824,2878000,28060,55886.8125
36825,2878000,28090,55861.390625
36826,2878000,28120,55879.3125
36827,2878000,28150,55852.5
36828,2878000,28180,55864.796875
36829,2878000,28210,55858.3125
36830,2878000,28240,55822.5
36831,2878000,28270,55843.109375
36832,2878000,28300,55924.8125
36833,2878000,28330,55369.890625
36834,2878000,28360,55890.21875
36835,2878000,28390,55884.8125
36836,2878000,28420,55858.1875
36837,2878000,28450,55893.28125
36838,2878000,28480,55787.1875
36839,2878000,28510,55801.390625
36840,2878000,28540,55814.21875
36841,2878000,28570,55846.5
36842,2878000,28600,55864.109375
36843,2878000,28630,55334.6875
36844,2878000,28660,55882.296875
36845,2878000,28690,55772.90625
36846,2878000,28720,55830.28125
36847,2878000,28750,55915.5
36848,2878000,28780,55856.21875
36849,2878000,28810,55814.609375
36850,2878000,28840,55880.6875
36851,2878000,28870,55853.609375
36852,2878000,28900,55857.1875
36853,2878000,28930,55865.484375
36854,2878000,28960,55438.390625
36855,2878000,28990,55867.890625
36856,2878000,29020,55828.1875
36857,2878000,29050,55888.390625
36858,2878000,29080,55923.109375
36859,2878000,29110,55882.3125
36860,2878000,29140,55866.203125
36861,2878000,29170,55843.296875
36862,2878000,29200,55855.8125
36863,2878000,29230,55834.21875
36864,2878000,29260,55399.609375
36865,2878000,29290,55883.21875
36866,2878000,29320,55837.390625
36867,2878000,29350,55871.0
36868,2878000,29380,55839.09375
36869,2878000,29410,55855.40625
36870,2878000,29440,55824.609375
36871,2878000,29470,55835.09375
36872,2878000,29500,55914.8125
36873,2878000,29530,55343.703125
36874,2878000,29560,55830.0
36875,2878000,29590,55888.3125
36876,2878000,29620,55853.09375
36877,2878000,29650,55898.796875
36878,2878000,29680,55799.796875
36879,2878000,29710,55913.890625
36880,2878000,29740,55867.5
36881,2878000,29770,55889.6875
36882,2878000,29800,55836.8125
36883,2878000,29830,55849.109375
36884,2878000,29860,55837.21875
36885,2878000,29890,55845.484375
36886,2878000,29920,55411.3125
36887,2878000,29950,55875.3125
36888,2878000,29980,55904.703125
36889,2878500,100,13646.0
36890,2878500,130,60855.5
36891,2878500,160,57712.890625
36892,2878500,190,50452.015625
36893,2878500,220,45845.296875
36894,2878500,250,53982.21875
36895,2878500,280,55364.90625
36896,2878500,310,50547.609375
36897,2878500,340,45867.515625
36898,2878500,370,52605.609375
36899,2878500,400,54816.5
36900,2878500,430,55606.40625
36901,2878500,460,51596.0
36902,2878500,490,49008.515625
36903,2878500,520,53672.890625
36904,2878500,550,55027.0
36905,2878500,580,53326.796875
36906,2878500,610,51721.1875
36907,2878500,640,52565.40625
36908,2878500,670,56041.296875
36909,2878500,700,56197.5
36910,2878500,730,51576.40625
36911,2878500,760,47042.90625
36912,2878500,790,50836.796875
36913,2878500,820,55832.71875
36914,2878500,850,57540.40625
36915,2878500,880,55618.8125
36916,2878500,910,51187.1875
36917,2878500,940,51516.1875
36918,2878500,970,54931.984375
36919,2878500,1000,55964.90625
36920,2878500,1030,53147.3125
36921,2878500,1060,51177.609375
36922,2878500,1090,51619.203125
36923,2878500,1120,53560.09375
36924,2878500,1150,56002.5
36925,2878500,1180,55429.484375
36926,2878500,1210,53965.109375
36927,2878500,1240,53722.09375
36928,2878500,1270,53684.390625
36929,2878500,1300,53369.5
36930,2878500,1330,53387.8125
36931,2878500,1360,53654.21875
36932,2878500,1390,54473.0
36933,2878500,1420,54413.0
36934,2878500,1450,53931.609375
36935,2878500,1480,53085.390625
36936,2878500,1510,53564.6875
36937,2878500,1540,54822.0
36938,2878500,1570,54920.40625
36939,2878500,1600,54082.5
36940,2878500,1630,53487.5
36941,2878500,1660,53309.90625
36942,2878500,1690,53883.796875
36943,2878500,1720,54200.40625
36944,2878500,1750,54192.1875
36945,2878500,1780,53870.1875
36946,2878500,1810,53729.515625
36947,2878500,1840,53964.8125
36948,2878500,1870,54033.6875
36949,2878500,1900,54272.203125
36950,2878500,1930,54389.203125
36951,2878500,1960,53792.515625
36952,2878500,1990,53760.203125
36953,2878500,2020,53372.59375
36954,2878500,2050,53614.28125
36955,2878500,2080,54267.28125
36956,2878500,2110,54853.40625
36957,2878500,2140,54432.09375
36958,2878500,2170,53346.09375
36959,2878500,2200,53137.3125
36960,2878500,2230,53576.90625
36961,2878500,2260,55066.1875
36962,2878500,2290,55028.296875
36963,2878500,2320,54273.09375
36964,2878500,2350,53323.40625
36965,2878500,2380,53606.796875
36966,2878500,2410,54375.59375
36967,2878500,2440,54433.40625
36968,2878500,2470,53837.90625
36969,2878500,2500,53620.296875
36970,2878500,2530,54228.90625
36971,2878500,2560,54821.0
36972,2878500,2590,54839.8125
36973,2878500,2620,53610.0
36974,2878500,2650,53529.90625
36975,2878500,2680,53677.5
36976,2878500,2710,54251.796875
36977,2878500,2740,54270.609375
36978,2878500,2770,53987.59375
36979,2878500,2800,54044.71875
36980,2878500,2830,54603.0
36981,2878500,2860,54930.609375
36982,2878500,2890,53835.6875
36983,2878500,2920,53520.515625
36984,2878500,2950,53378.203125
36985,2878500,2980,54023.21875
36986,2878500,3010,54824.796875
36987,2878500,3040,54822.203125
36988,2878500,3070,54047.609375
36989,2878500,3100,53867.6875
36990,2878500,3130,54262.28125
36991,2878500,3160,54620.0
36992,2878500,3190,54367.703125
36993,2878500,3220,53224.390625
36994,2878500,3250,53664.0
36995,2878500,3280,54239.0
36996,2878500,3310,54938.203125
36997,2878500,3340,54879.796875
36998,2878500,3370,54179.0
36999,2878500,3400,53795.5
37000,2878500,3430,53896.59375
37001,2878500,3460,54307.0
37002,2878500,3490,54001.8125
37003,2878500,3520,54352.3125
37004,2878500,3550,54264.40625
37005,2878500,3580,54454.09375
37006,2878500,3610,54472.890625
37007,2878500,3640,54401.203125
37008,2878500,3670,54025.015625
37009,2878500,3700,53956.09375
37010,2878500,3730,54181.203125
37011,2878500,3760,54476.40625
37012,2878500,3790,54513.109375
37013,2878500,3820,54267.71875
37014,2878500,3850,53858.5
37015,2878500,3880,54501.703125
37016,2878500,3910,54434.8125
37017,2878500,3940,54182.1875
37018,2878500,3970,53946.015625
37019,2878500,4000,54062.703125
37020,2878500,4030,54660.09375
37021,2878500,4060,54801.015625
37022,2878500,4090,54598.8125
37023,2878500,4120,54289.0
37024,2878500,4150,53548.203125
37025,2878500,4180,54233.40625
37026,2878500,4210,54494.984375
37027,2878500,4240,54543.90625
37028,2878500,4270,54444.203125
37029,2878500,4300,54323.6875
37030,2878500,4330,54434.09375
37031,2878500,4360,54503.203125
37032,2878500,4390,54459.015625
37033,2878500,4420,53882.40625
37034,2878500,4450,54311.59375
37035,2878500,4480,54372.5
37036,2878500,4510,54467.796875
37037,2878500,4540,54515.890625
37038,2878500,4570,54578.1875
37039,2878500,4600,54556.59375
37040,2878500,4630,54457.1875
37041,2878500,4660,54381.5
37042,2878500,4690,54160.90625
37043,2878500,4720,54328.8125
37044,2878500,4750,54576.1875
37045,2878500,4780,54141.390625
37046,2878500,4810,54711.21875
37047,2878500,4840,54470.3125
37048,2878500,4870,54258.796875
37049,2878500,4900,54276.109375
37050,2878500,4930,54404.40625
37051,2878500,4960,54521.203125
37052,2878500,4990,54559.28125
37053,2878500,5020,54535.984375
37054,2878500,5050,54011.890625
37055,2878500,5080,54476.21875
37056,2878500,5110,54565.78125
37057,2878500,5140,54505.0
37058,2878500,5170,54514.609375
37059,2878500,5200,54394.015625
37060,2878500,5230,54405.59375
37061,2878500,5260,54513.5
37062,2878500,5290,54723.109375
37063,2878500,5320,54699.609375
37064,2878500,5350,54558.78125
37065,2878500,5380,54385.703125
37066,2878500,5410,53835.484375
37067,2878500,5440,54435.40625
37068,2878500,5470,54636.1875
37069,2878500,5500,54620.796875
37070,2878500,5530,54589.6875
37071,2878500,5560,54596.71875
37072,2878500,5590,54528.296875
37073,2878500,5620,54535.8125
37074,2878500,5650,54509.109375
37075,2878500,5680,54053.3125
37076,2878500,5710,54661.5
37077,2878500,5740,54656.5
37078,2878500,5770,54637.484375
37079,2878500,5800,54558.40625
37080,2878500,5830,54554.515625
37081,2878500,5860,54531.1875
37082,2878500,5890,54615.59375
37083,2878500,5920,54618.3125
37084,2878500,5950,54502.59375
37085,2878500,5980,54479.40625
37086,2878500,6010,54629.6875
37087,2878500,6040,54326.703125
37088,2878500,6070,54653.609375
37089,2878500,6100,54589.203125
37090,2878500,6130,54340.59375
37091,2878500,6160,54378.21875
37092,2878500,6190,54623.515625
37093,2878500,6220,54789.203125
37094,2878500,6250,54754.703125
37095,2878500,6280,54626.203125
37096,2878500,6310,54063.09375
37097,2878500,6340,54636.09375
37098,2878500,6370,54657.5
37099,2878500,6400,54626.203125
37100,2878500,6430,54571.703125
37101,2878500,6460,54600.296875
37102,2878500,6490,54800.3125
37103,2878500,6520,54778.1875
37104,2878500,6550,54752.0
37105,2878500,6580,54521.3125
37106,2878500,6610,54141.296875
37107,2878500,6640,54665.390625
37108,2878500,6670,54625.8125
37109,2878500,6700,54669.796875
37110,2878500,6730,54642.1875
37111,2878500,6760,54708.21875
37112,2878500,6790,54857.40625
37113,2878500,6820,54806.796875
37114,2878500,6850,54600.3125
37115,2878500,6880,54503.6875
37116,2878500,6910,54639.1875
37117,2878500,6940,54811.609375
37118,2878500,6970,54329.5
37119,2878500,7000,54769.296875
37120,2878500,7030,54627.390625
37121,2878500,7060,54677.890625
37122,2878500,7090,54706.015625
37123,2878500,7120,54752.09375
37124,2878500,7150,54594.6875
37125,2878500,7180,54619.6875
37126,2878500,7210,54665.1875
37127,2878500,7240,54236.0
37128,2878500,7270,54876.09375
37129,2878500,7300,54770.1875
37130,2878500,7330,54733.390625
37131,2878500,7360,54662.3125
37132,2878500,7390,54732.109375
37133,2878500,7420,54724.6875
37134,2878500,7450,54728.59375
37135,2878500,7480,54776.0
37136,2878500,7510,54781.90625
37137,2878500,7540,54765.3125
37138,2878500,7570,54804.59375
37139,2878500,7600,54187.90625
37140,2878500,7630,54721.5
37141,2878500,7660,54738.3125
37142,2878500,7690,54801.203125
37143,2878500,7720,54865.890625
37144,2878500,7750,54796.390625
37145,2878500,7780,54727.5
37146,2878500,7810,54725.6875
37147,2878500,7840,54784.5
37148,2878500,7870,54747.21875
37149,2878500,7900,54745.0
37150,2878500,7930,54258.890625
37151,2878500,7960,54774.28125
37152,2878500,7990,54802.515625
37153,2878500,8020,54865.796875
37154,2878500,8050,54775.015625
37155,2878500,8080,54793.703125
37156,2878500,8110,54683.59375
37157,2878500,8140,54759.8125
37158,2878500,8170,54802.890625
37159,2878500,8200,54828.8125
37160,2878500,8230,54407.015625
37161,2878500,8260,54811.90625
37162,2878500,8290,54811.59375
37163,2878500,8320,54777.5
37164,2878500,8350,54760.515625
37165,2878500,8380,54799.6875
37166,2878500,8410,54838.6875
37167,2878500,8440,54830.5
37168,2878500,8470,54873.796875
37169,2878500,8500,54859.78125
37170,2878500,8530,54332.703125
37171,2878500,8560,54830.015625
37172,2878500,8590,54791.5
37173,2878500,8620,54875.1875
37174,2878500,8650,54823.296875
37175,2878500,8680,54880.09375
37176,2878500,8710,54896.109375
37177,2878500,8740,54845.390625
37178,2878500,8770,54887.109375
37179,2878500,8800,54366.703125
37180,2878500,8830,54840.703125
37181,2878500,8860,54832.203125
37182,2878500,8890,54781.609375
37183,2878500,8920,54850.796875
37184,2878500,8950,54915.296875
37185,2878500,8980,54897.90625
37186,2878500,9010,54898.09375
37187,2878500,9040,54910.0
37188,2878500,9070,54864.109375
37189,2878500,9100,54836.40625
37190,2878500,9130,54927.203125
37191,2878500,9160,54371.390625
37192,2878500,9190,54902.09375
37193,2878500,9220,54930.40625
37194,2878500,9250,54966.5
37195,2878500,9280,54926.71875
37196,2878500,9310,54878.6875
37197,2878500,9340,54813.1875
37198,2878500,9370,54953.203125
37199,2878500,9400,54898.09375
37200,2878500,9430,54431.6875
37201,2878500,9460,54969.40625
37202,2878500,9490,54888.8125
37203,2878500,9520,54911.109375
37204,2878500,9550,54915.71875
37205,2878500,9580,54890.90625
37206,2878500,9610,55859.109375
37207,2878500,9640,54388.40625
37208,2878500,9670,54917.296875
37209,2878500,9700,54945.59375
37210,2878500,9730,54936.1875
37211,2878500,9760,54908.484375
37212,2878500,9790,54944.59375
37213,2878500,9820,54865.40625
37214,2878500,9850,54950.0
37215,2878500,9880,54932.09375
37216,2878500,9910,54506.6875
37217,2878500,9940,54960.6875
37218,2878500,9970,54934.6875
37219,2878500,10000,54991.5
37220,2878500,10030,54943.109375
37221,2878500,10060,55015.109375
37222,2878500,10090,54925.5
37223,2878500,10120,54945.90625
37224,2878500,10150,55011.390625
37225,2878500,10180,54987.78125
37226,2878500,10210,54960.09375
37227,2878500,10240,54998.3125
37228,2878500,10270,54531.703125
37229,2878500,10300,54969.21875
37230,2878500,10330,54912.59375
37231,2878500,10360,54935.515625
37232,2878500,10390,54966.09375
37233,2878500,10420,54967.796875
37234,2878500,10450,54982.40625
37235,2878500,10480,54990.203125
37236,2878500,10510,54940.90625
37237,2878500,10540,54481.609375
37238,2878500,10570,54994.5
37239,2878500,10600,54976.59375
37240,2878500,10630,54933.390625
37241,2878500,10660,55057.390625
37242,2878500,10690,54985.296875
37243,2878500,10720,55078.203125
37244,2878500,10750,55011.5
37245,2878500,10780,55024.78125
37246,2878500,10810,54939.515625
37247,2878500,10840,54983.40625
37248,2878500,10870,54980.8125
37249,2878500,10900,54556.21875
37250,2878500,10930,55017.5
37251,2878500,10960,55046.109375
37252,2878500,10990,55033.90625
37253,2878500,11020,55031.296875
37254,2878500,11050,55046.5
37255,2878500,11080,55016.09375
37256,2878500,11110,55005.40625
37257,2878500,11140,55006.6875
37258,2878500,11170,55032.5
37259,2878500,11200,55566.890625
37260,2878500,11230,55101.8125
37261,2878500,11260,55014.484375
37262,2878500,11290,54986.203125
37263,2878500,11320,54520.5
37264,2878500,11350,55032.6875
37265,2878500,11380,55083.796875
37266,2878500,11410,55055.796875
37267,2878500,11440,55093.6875
37268,2878500,11470,55098.6875
37269,2878500,11500,54969.390625
37270,2878500,11530,54988.890625
37271,2878500,11560,55110.203125
37272,2878500,11590,55078.3125
37273,2878500,11620,55061.28125
37274,2878500,11650,55139.390625
37275,2878500,11680,54572.28125
37276,2878500,11710,55111.1875
37277,2878500,11740,55054.40625
37278,2878500,11770,55143.90625
37279,2878500,11800,55077.109375
37280,2878500,11830,55072.796875
37281,2878500,11860,55068.203125
37282,2878500,11890,55116.1875
37283,2878500,11920,55082.1875
37284,2878500,11950,54620.3125
37285,2878500,11980,55131.5
37286,2878500,12010,55065.0
37287,2878500,12040,55036.703125
37288,2878500,12070,55096.3125
37289,2878500,12100,55082.09375
37290,2878500,12130,55105.609375
37291,2878500,12160,55176.0
37292,2878500,12190,55026.0
37293,2878500,12220,55065.28125
37294,2878500,12250,55095.296875
37295,2878500,12280,55091.90625
37296,2878500,12310,54614.390625
37297,2878500,12340,55107.484375
37298,2878500,12370,55079.40625
37299,2878500,12400,55169.40625
37300,2878500,12430,55090.90625
37301,2878500,12460,55078.109375
37302,2878500,12490,55133.40625
37303,2878500,12520,55074.3125
37304,2878500,12550,55096.609375
37305,2878500,12580,55067.0
37306,2878500,12610,55078.59375
37307,2878500,12640,54655.0
37308,2878500,12670,55149.609375
37309,2878500,12700,55102.890625
37310,2878500,12730,55052.59375
37311,2878500,12760,55085.09375
37312,2878500,12790,55106.5
37313,2878500,12820,55071.0
37314,2878500,12850,55130.109375
37315,2878500,12880,55125.296875
37316,2878500,12910,55151.71875
37317,2878500,12940,54611.09375
37318,2878500,12970,55125.796875
37319,2878500,13000,55168.8125
37320,2878500,13030,55162.5
37321,2878500,13060,55131.40625
37322,2878500,13090,55192.984375
37323,2878500,13120,55168.109375
37324,2878500,13150,55168.3125
37325,2878500,13180,55135.296875
37326,2878500,13210,55148.5
37327,2878500,13240,54704.796875
37328,2878500,13270,55234.5
37329,2878500,13300,55130.703125
37330,2878500,13330,55147.0
37331,2878500,13360,55147.40625
37332,2878500,13390,55197.59375
37333,2878500,13420,55171.609375
37334,2878500,13450,55192.90625
37335,2878500,13480,55187.3125
37336,2878500,13510,54650.90625
37337,2878500,13540,55185.484375
37338,2878500,13570,55192.984375
37339,2878500,13600,55194.90625
37340,2878500,13630,55195.09375
37341,2878500,13660,55150.203125
37342,2878500,13690,55183.71875
37343,2878500,13720,55185.90625
37344,2878500,13750,55170.09375
37345,2878500,13780,55197.390625
37346,2878500,13810,55208.8125
37347,2878500,13840,55177.28125
37348,2878500,13870,55239.6875
37349,2878500,13900,54703.21875
37350,2878500,13930,55245.203125
37351,2878500,13960,55218.015625
37352,2878500,13990,55209.1875
37353,2878500,14020,55231.296875
37354,2878500,14050,55232.40625
37355,2878500,14080,55192.90625
37356,2878500,14110,55118.6875
37357,2878500,14140,54683.703125
37358,2878500,14170,55208.703125
37359,2878500,14200,55192.59375
37360,2878500,14230,55147.09375
37361,2878500,14260,55188.0
37362,2878500,14290,55213.8125
37363,2878500,14320,55224.59375
37364,2878500,14350,55270.203125
37365,2878500,14380,55227.296875
37366,2878500,14410,55181.8125
37367,2878500,14440,55194.515625
37368,2878500,14470,55229.890625
37369,2878500,14500,54676.71875
37370,2878500,14530,55200.5
37371,2878500,14560,55287.796875
37372,2878500,14590,55298.796875
37373,2878500,14620,55190.8125
37374,2878500,14650,55164.703125
37375,2878500,14680,55166.703125
37376,2878500,14710,55258.203125
37377,2878500,14740,55234.6875
37378,2878500,14770,54739.390625
37379,2878500,14800,55193.90625
37380,2878500,14830,55225.703125
37381,2878500,14860,55237.78125
37382,2878500,14890,55246.0
37383,2878500,14920,55216.3125
37384,2878500,14950,55267.8125
37385,2878500,14980,55159.28125
37386,2878500,15010,55225.40625
37387,2878500,15040,55199.609375
37388,2878500,15070,55260.40625
37389,2878500,15100,55259.09375
37390,2878500,15130,55236.6875
37391,2878500,15160,54731.515625
37392,2878500,15190,55196.09375
37393,2878500,15220,55244.296875
37394,2878500,15250,55257.09375
37395,2878500,15280,55240.3125
37396,2878500,15310,55206.0
37397,2878500,15340,55210.3125
37398,2878500,15370,55242.015625
37399,2878500,15400,54708.890625
37400,2878500,15430,55252.3125
37401,2878500,15460,55257.5
37402,2878500,15490,55200.09375
37403,2878500,15520,55197.5
37404,2878500,15550,55238.6875
37405,2878500,15580,55229.0
37406,2878500,15610,55247.109375
37407,2878500,15640,55231.09375
37408,2878500,15670,55249.984375
37409,2878500,15700,54736.015625
37410,2878500,15730,55259.015625
37411,2878500,15760,55267.609375
37412,2878500,15790,55328.5
37413,2878500,15820,55181.90625
37414,2878500,15850,55234.015625
37415,2878500,15880,55266.015625
37416,2878500,15910,55265.90625
37417,2878500,15940,55173.09375
37418,2878500,15970,55188.5
37419,2878500,16000,55285.90625
37420,2878500,16030,55294.609375
37421,2878500,16060,55267.703125
37422,2878500,16090,54690.90625
37423,2878500,16120,55301.296875
37424,2878500,16150,55284.59375
37425,2878500,16180,55200.90625
37426,2878500,16210,55291.1875
37427,2878500,16240,55241.40625
37428,2878500,16270,55280.484375
37429,2878500,16300,55298.78125
37430,2878500,16330,55263.09375
37431,2878500,16360,55279.59375
37432,2878500,16390,54803.59375
37433,2878500,16420,55233.5
37434,2878500,16450,55322.40625
37435,2878500,16480,55344.3125
37436,2878500,16510,55309.6875
37437,2878500,16540,55267.109375
37438,2878500,16570,55315.71875
37439,2878500,16600,55277.28125
37440,2878500,16630,55287.796875
37441,2878500,16660,55276.484375
37442,2878500,16690,54778.390625
37443,2878500,16720,55306.5
37444,2878500,16750,55286.984375
37445,2878500,16780,55286.71875
37446,2878500,16810,55247.6875
37447,2878500,16840,55298.703125
37448,2878500,16870,55256.515625
37449,2878500,16900,55320.5
37450,2878500,16930,55366.3125
37451,2878500,16960,54746.8125
37452,2878500,16990,55305.59375
37453,2878500,17020,55252.59375
37454,2878500,17050,55345.015625
37455,2878500,17080,55325.8125
37456,2878500,17110,55261.09375
37457,2878500,17140,55270.28125
37458,2878500,17170,55263.0
37459,2878500,17200,55293.890625
37460,2878500,17230,55316.6875
37461,2878500,17260,55332.90625
37462,2878500,17290,55314.90625
37463,2878500,17320,54790.296875
37464,2878500,17350,55329.5
37465,2878500,17380,55370.484375
37466,2878500,17410,55350.90625
37467,2878500,17440,55293.3125
37468,2878500,17470,55358.203125
37469,2878500,17500,55305.09375
37470,2878500,17530,55359.09375
37471,2878500,17560,55403.984375
37472,2878500,17590,55319.21875
37473,2878500,17620,54882.109375
37474,2878500,17650,55391.296875
37475,2878500,17680,55357.515625
37476,2878500,17710,55335.1875
37477,2878500,17740,55323.296875
37478,2878500,17770,55290.1875
37479,2878500,17800,55302.09375
37480,2878500,17830,55415.109375
37481,2878500,17860,55358.90625
37482,2878500,17890,55416.203125
37483,2878500,17920,55393.90625
37484,2878500,17950,54809.203125
37485,2878500,17980,55344.40625
37486,2878500,18010,55360.3125
37487,2878500,18040,55396.40625
37488,2878500,18070,55301.5
37489,2878500,18100,55379.40625
37490,2878500,18130,55335.71875
37491,2878500,18160,55315.90625
37492,2878500,18190,55342.390625
37493,2878500,18220,55345.703125
37494,2878500,18250,54901.59375
37495,2878500,18280,55322.609375
37496,2878500,18310,55390.59375
37497,2878500,18340,55341.09375
37498,2878500,18370,55301.484375
37499,2878500,18400,55344.109375
37500,2878500,18430,55354.203125
37501,2878500,18460,55367.6875
37502,2878500,18490,55346.90625
37503,2878500,18520,54862.5
37504,2878500,18550,55361.0
37505,2878500,18580,55383.5
37506,2878500,18610,55354.296875
37507,2878500,18640,55408.59375
37508,2878500,18670,55367.40625
37509,2878500,18700,55334.390625
37510,2878500,18730,55357.28125
37511,2878500,18760,55319.3125
37512,2878500,18790,55453.484375
37513,2878500,18820,55365.59375
37514,2878500,18850,55357.8125
37515,2878500,18880,54842.59375
37516,2878500,18910,55346.40625
37517,2878500,18940,55333.09375
37518,2878500,18970,55406.90625
37519,2878500,19000,55341.09375
37520,2878500,19030,55348.71875
37521,2878500,19060,55361.703125
37522,2878500,19090,55378.8125
37523,2878500,19120,55396.09375
37524,2878500,19150,54901.796875
37525,2878500,19180,55356.703125
37526,2878500,19210,55378.6875
37527,2878500,19240,55391.40625
37528,2878500,19270,55343.890625
37529,2878500,19300,55425.40625
37530,2878500,19330,55390.984375
37531,2878500,19360,55427.8125
37532,2878500,19390,55411.09375
37533,2878500,19420,55333.015625
37534,2878500,19450,55384.40625
37535,2878500,19480,55406.90625
37536,2878500,19510,54917.90625
37537,2878500,19540,55367.296875
37538,2878500,19570,55367.5
37539,2878500,19600,55394.90625
37540,2878500,19630,55396.40625
37541,2878500,19660,55404.796875
37542,2878500,19690,55438.890625
37543,2878500,19720,55401.390625
37544,2878500,19750,55403.6875
37545,2878500,19780,54905.5
37546,2878500,19810,55389.09375
37547,2878500,19840,55367.40625
37548,2878500,19870,55344.796875
37549,2878500,19900,55413.90625
37550,2878500,19930,55418.59375
37551,2878500,19960,55386.90625
37552,2878500,19990,55393.59375
37553,2878500,20020,55365.59375
37554,2878500,20050,55452.40625
37555,2878500,20080,54908.015625
37556,2878500,20110,55326.3125
37557,2878500,20140,55389.90625
37558,2878500,20170,55425.1875
37559,2878500,20200,55389.78125
37560,2878500,20230,55377.703125
37561,2878500,20260,55444.40625
37562,2878500,20290,55343.3125
37563,2878500,20320,55325.609375
37564,2878500,20350,55422.296875
37565,2878500,20380,55402.09375
37566,2878500,20410,55388.1875
37567,2878500,20440,54901.6875
37568,2878500,20470,55370.796875
37569,2878500,20500,55413.890625
37570,2878500,20530,55423.90625
37571,2878500,20560,55433.703125
37572,2878500,20590,55357.21875
37573,2878500,20620,55439.5
37574,2878500,20650,55337.09375
37575,2878500,20680,55444.796875
37576,2878500,20710,54970.0
37577,2878500,20740,55386.3125
37578,2878500,20770,55405.5
37579,2878500,20800,55405.09375
37580,2878500,20830,55414.296875
37581,2878500,20860,55417.09375
37582,2878500,20890,55426.703125
37583,2878500,20920,55406.5
37584,2878500,20950,55443.59375
37585,2878500,20980,55440.6875
37586,2878500,21010,55406.3125
37587,2878500,21040,55464.71875
37588,2878500,21070,55373.390625
37589,2878500,21100,54904.8125
37590,2878500,21130,55390.21875
37591,2878500,21160,55464.890625
37592,2878500,21190,55431.609375
37593,2878500,21220,55420.09375
37594,2878500,21250,55458.90625
37595,2878500,21280,55422.703125
37596,2878500,21310,55390.515625
37597,2878500,21340,55421.203125
37598,2878500,21370,55335.296875
37599,2878500,21400,54907.09375
37600,2878500,21430,55417.1875
37601,2878500,21460,55443.609375
37602,2878500,21490,55388.109375
37603,2878500,21520,55429.484375
37604,2878500,21550,55426.890625
37605,2878500,21580,55439.515625
37606,2878500,21610,55475.796875
37607,2878500,21640,55417.515625
37608,2878500,21670,55387.59375
37609,2878500,21700,54940.8125
37610,2878500,21730,55466.109375
37611,2878500,21760,55438.890625
37612,2878500,21790,55374.296875
37613,2878500,21820,55445.90625
37614,2878500,21850,55432.71875
37615,2878500,21880,55400.296875
37616,2878500,21910,55412.6875
37617,2878500,21940,55422.609375
37618,2878500,21970,54930.984375
37619,2878500,22000,55453.6875
37620,2878500,22030,55427.90625
37621,2878500,22060,55452.796875
37622,2878500,22090,55429.09375
37623,2878500,22120,55447.90625
37624,2878500,22150,55438.296875
37625,2878500,22180,55449.5
37626,2878500,22210,55449.609375
37627,2878500,22240,55391.703125
37628,2878500,22270,55413.703125
37629,2878500,22300,55392.3125
37630,2878500,22330,54896.09375
37631,2878500,22360,55465.796875
37632,2878500,22390,55409.703125
37633,2878500,22420,55457.59375
37634,2878500,22450,55434.703125
37635,2878500,22480,55468.8125
37636,2878500,22510,55466.890625
37637,2878500,22540,55386.90625
37638,2878500,22570,55466.78125
37639,2878500,22600,55436.609375
37640,2878500,22630,54936.78125
37641,2878500,22660,55446.015625
37642,2878500,22690,55454.59375
37643,2878500,22720,55390.6875
37644,2878500,22750,55500.796875
37645,2878500,22780,55477.984375
37646,2878500,22810,55491.984375
37647,2878500,22840,55443.296875
37648,2878500,22870,55443.40625
37649,2878500,22900,54953.796875
37650,2878500,22930,55424.21875
37651,2878500,22960,55460.90625
37652,2878500,22990,55473.203125
37653,2878500,23020,55492.390625
37654,2878500,23050,55417.296875
37655,2878500,23080,55396.0
37656,2878500,23110,55460.09375
37657,2878500,23140,55449.109375
37658,2878500,23170,55470.5
37659,2878500,23200,55434.90625
37660,2878500,23230,54943.0
37661,2878500,23260,55458.0
37662,2878500,23290,55477.015625
37663,2878500,23320,55424.203125
37664,2878500,23350,55429.6875
37665,2878500,23380,55432.703125
37666,2878500,23410,55490.5
37667,2878500,23440,55533.609375
37668,2878500,23470,55438.59375
37669,2878500,23500,55467.1875
37670,2878500,23530,55019.703125
37671,2878500,23560,55475.5
37672,2878500,23590,55450.59375
37673,2878500,23620,55462.703125
37674,2878500,23650,55455.59375
37675,2878500,23680,55450.484375
37676,2878500,23710,55481.28125
37677,2878500,23740,55403.90625
37678,2878500,23770,55447.28125
37679,2878500,23800,55454.109375
37680,2878500,23830,55474.1875
37681,2878500,23860,55505.71875
37682,2878500,23890,54949.8125
37683,2878500,23920,55441.3125
37684,2878500,23950,55448.3125
37685,2878500,23980,55457.5
37686,2878500,24010,55466.90625
37687,2878500,24040,55429.515625
37688,2878500,24070,55435.59375
37689,2878500,24100,55448.0
37690,2878500,24130,55482.203125
37691,2878500,24160,54994.390625
37692,2878500,24190,55432.015625
37693,2878500,24220,55461.890625
37694,2878500,24250,55515.3125
37695,2878500,24280,55422.890625
37696,2878500,24310,55469.390625
37697,2878500,24340,55452.90625
37698,2878500,24370,55491.59375
37699,2878500,24400,55489.796875
37700,2878500,24430,55482.90625
37701,2878500,24460,54959.1875
37702,2878500,24490,55465.703125
37703,2878500,24520,55504.09375
37704,2878500,24550,55426.484375
37705,2878500,24580,55471.703125
37706,2878500,24610,55472.59375
37707,2878500,24640,55496.484375
37708,2878500,24670,55448.5
37709,2878500,24700,55504.390625
37710,2878500,24730,55496.890625
37711,2878500,24760,55517.109375
37712,2878500,24790,55482.90625
37713,2878500,24820,55468.890625
37714,2878500,24850,54948.109375
37715,2878500,24880,55529.484375
37716,2878500,24910,55434.78125
37717,2878500,24940,55447.59375
37718,2878500,24970,55498.59375
37719,2878500,25000,55449.1875
37720,2878500,25030,55442.609375
37721,2878500,25060,55484.390625
37722,2878500,25090,55008.3125
37723,2878500,25120,55522.203125
37724,2878500,25150,55492.8125
37725,2878500,25180,55429.8125
37726,2878500,25210,55510.5
37727,2878500,25240,55490.90625
37728,2878500,25270,55480.703125
37729,2878500,25300,55469.296875
37730,2878500,25330,55510.796875
37731,2878500,25360,55497.0
37732,2878500,25390,55542.21875
37733,2878500,25420,55532.21875
37734,2878500,25450,54979.28125
37735,2878500,25480,55482.203125
37736,2878500,25510,55522.015625
37737,2878500,25540,55509.015625
37738,2878500,25570,55551.109375
37739,2878500,25600,55512.90625
37740,2878500,25630,55538.109375
37741,2878500,25660,55568.5
37742,2878500,25690,55503.390625
37743,2878500,25720,55451.40625
37744,2878500,25750,55501.09375
37745,2878500,25780,54947.609375
37746,2878500,25810,55493.6875
37747,2878500,25840,55481.90625
37748,2878500,25870,55466.109375
37749,2878500,25900,55465.0
37750,2878500,25930,55492.40625
37751,2878500,25960,55512.703125
37752,2878500,25990,55506.90625
37753,2878500,26020,55457.09375
37754,2878500,26050,55472.8125
37755,2878500,26080,54974.78125
37756,2878500,26110,55529.0
37757,2878500,26140,55486.0
37758,2878500,26170,55502.8125
37759,2878500,26200,55448.09375
37760,2878500,26230,55500.1875
37761,2878500,26260,55530.203125
37762,2878500,26290,55489.296875
37763,2878500,26320,55496.09375
37764,2878500,26350,55537.796875
37765,2878500,26380,55010.90625
37766,2878500,26410,55465.0
37767,2878500,26440,55486.203125
37768,2878500,26470,55548.203125
37769,2878500,26500,55453.984375
37770,2878500,26530,55494.609375
37771,2878500,26560,55536.09375
37772,2878500,26590,55581.890625
37773,2878500,26620,55529.78125
37774,2878500,26650,55452.6875
37775,2878500,26680,55489.390625
37776,2878500,26710,55059.90625
37777,2878500,26740,55496.0
37778,2878500,26770,55557.0
37779,2878500,26800,55522.8125
37780,2878500,26830,55487.71875
37781,2878500,26860,55464.0
37782,2878500,26890,55507.015625
37783,2878500,26920,55507.296875
37784,2878500,26950,55527.296875
37785,2878500,26980,55527.609375
37786,2878500,27010,55018.703125
37787,2878500,27040,55522.5
37788,2878500,27070,55566.890625
37789,2878500,27100,55502.390625
37790,2878500,27130,55544.09375
37791,2878500,27160,55477.515625
37792,2878500,27190,55533.296875
37793,2878500,27220,55543.203125
37794,2878500,27250,55528.90625
37795,2878500,27280,55017.296875
37796,2878500,27310,55577.3125
37797,2878500,27340,55486.59375
37798,2878500,27370,55553.28125
37799,2878500,27400,55547.5
37800,2878500,27430,55479.015625
37801,2878500,27460,55514.90625
37802,2878500,27490,55433.1875
37803,2878500,27520,55512.609375
37804,2878500,27550,55544.984375
37805,2878500,27580,55520.0
37806,2878500,27610,55457.09375
37807,2878500,27640,55028.09375
37808,2878500,27670,55505.0
37809,2878500,27700,55524.390625
37810,2878500,27730,55475.796875
37811,2878500,27760,55503.390625
37812,2878500,27790,55559.703125
37813,2878500,27820,55482.8125
37814,2878500,27850,55555.1875
37815,2878500,27880,55545.09375
37816,2878500,27910,55024.609375
37817,2878500,27940,55548.1875
37818,2878500,27970,55547.390625
37819,2878500,28000,55519.484375
37820,2878500,28030,55579.609375
37821,2878500,28060,55530.484375
37822,2878500,28090,55516.0
37823,2878500,28120,55534.3125
37824,2878500,28150,55519.59375
37825,2878500,28180,55490.78125
37826,2878500,28210,55432.0
37827,2878500,28240,55515.59375
37828,2878500,28270,55053.90625
37829,2878500,28300,55603.5
37830,2878500,28330,55529.59375
37831,2878500,28360,55539.109375
37832,2878500,28390,55578.40625
37833,2878500,28420,55550.09375
37834,2878500,28450,55591.203125
37835,2878500,28480,55494.796875
37836,2878500,28510,55529.0
37837,2878500,28540,55019.90625
37838,2878500,28570,55531.515625
37839,2878500,28600,55561.28125
37840,2878500,28630,55511.6875
37841,2878500,28660,55480.8125
37842,2878500,28690,55499.796875
37843,2878500,28720,55576.90625
37844,2878500,28750,55560.796875
37845,2878500,28780,55529.8125
37846,2878500,28810,55523.515625
37847,2878500,28840,55518.890625
37848,2878500,28870,55551.484375
37849,2878500,28900,55008.09375
37850,2878500,28930,55512.1875
37851,2878500,28960,55513.21875
37852,2878500,28990,55518.21875
37853,2878500,29020,55521.40625
37854,2878500,29050,55534.40625
37855,2878500,29080,55499.703125
37856,2878500,29110,55530.28125
37857,2878500,29140,55605.609375
37858,2878500,29170,55508.3125
37859,2878500,29200,54999.5
37860,2878500,29230,55494.796875
37861,2878500,29260,55533.0
37862,2878500,29290,55526.1875
37863,2878500,29320,55517.3125
37864,2878500,29350,55479.5
37865,2878500,29380,55556.3125
37866,2878500,29410,55534.703125
37867,2878500,29440,55508.40625
37868,2878500,29470,55023.3125
37869,2878500,29500,55510.90625
37870,2878500,29530,55518.90625
37871,2878500,29560,55558.8125
37872,2878500,29590,55511.109375
37873,2878500,29620,55567.703125
37874,2878500,29650,55482.1875
37875,2878500,29680,55564.390625
37876,2878500,29710,55581.296875
37877,2878500,29740,55566.796875
37878,2878500,29770,55535.296875
37879,2878500,29800,55562.5
37880,2878500,29830,55511.3125
37881,2878500,29860,54996.8125
37882,2878500,29890,55483.296875
37883,2878500,29920,55593.109375
37884,2878500,29950,55513.703125
37885,2878500,29980,55490.0
37886,2879000,100,13102.78125
37887,2879000,130,60774.609375
37888,2879000,160,57519.28125
37889,2879000,190,49497.703125
37890,2879000,220,45406.90625
37891,2879000,250,53686.71875
37892,2879000,280,54798.015625
37893,2879000,310,49650.40625
37894,2879000,340,45365.296875
37895,2879000,370,52908.3125
37896,2879000,400,55174.90625
37897,2879000,430,55054.0
37898,2879000,460,50234.40625
37899,2879000,490,49158.484375
37900,2879000,520,53878.796875
37901,2879000,550,54540.0
37902,2879000,580,52927.28125
37903,2879000,610,50759.390625
37904,2879000,640,52563.796875
37905,2879000,670,56053.484375
37906,2879000,700,54835.09375
37907,2879000,730,49639.390625
37908,2879000,760,46702.6875
37909,2879000,790,52432.390625
37910,2879000,820,56667.1875
37911,2879000,850,56980.78125
37912,2879000,880,54136.21875
37913,2879000,910,50049.609375
37914,2879000,940,51520.1875
37915,2879000,970,54578.515625
37916,2879000,1000,55141.390625
37917,2879000,1030,52252.3125
37918,2879000,1060,50721.90625
37919,2879000,1090,52235.203125
37920,2879000,1120,54414.796875
37921,2879000,1150,55766.796875
37922,2879000,1180,54261.6875
37923,2879000,1210,53029.8125
37924,2879000,1240,52371.21875
37925,2879000,1270,53164.40625
37926,2879000,1300,53286.09375
37927,2879000,1330,53178.71875
37928,2879000,1360,53716.390625
37929,2879000,1390,54032.6875
37930,2879000,1420,53898.0
37931,2879000,1450,53132.09375
37932,2879000,1480,52759.40625
37933,2879000,1510,53960.1875
37934,2879000,1540,54415.40625
37935,2879000,1570,54196.203125
37936,2879000,1600,53523.609375
37937,2879000,1630,52162.703125
37938,2879000,1660,53050.5
37939,2879000,1690,53764.796875
37940,2879000,1720,53997.6875
37941,2879000,1750,53758.09375
37942,2879000,1780,53330.8125
37943,2879000,1810,53505.703125
37944,2879000,1840,53616.59375
37945,2879000,1870,53383.40625
37946,2879000,1900,53911.390625
37947,2879000,1930,53650.015625
37948,2879000,1960,53449.3125
37949,2879000,1990,53096.109375
37950,2879000,2020,53259.703125
37951,2879000,2050,53761.203125
37952,2879000,2080,54172.8125
37953,2879000,2110,54115.40625
37954,2879000,2140,53322.90625
37955,2879000,2170,52903.6875
37956,2879000,2200,53434.6875
37957,2879000,2230,53982.0
37958,2879000,2260,54705.90625
37959,2879000,2290,53718.984375
37960,2879000,2320,52810.71875
37961,2879000,2350,52868.90625
37962,2879000,2380,53715.40625
37963,2879000,2410,54361.1875
37964,2879000,2440,53970.3125
37965,2879000,2470,53525.3125
37966,2879000,2500,53647.59375
37967,2879000,2530,53720.890625
37968,2879000,2560,54277.609375
37969,2879000,2590,53485.796875
37970,2879000,2620,52905.0
37971,2879000,2650,53182.109375
37972,2879000,2680,53805.703125
37973,2879000,2710,54277.515625
37974,2879000,2740,53997.0
37975,2879000,2770,53757.28125
37976,2879000,2800,53295.40625
37977,2879000,2830,54018.71875
37978,2879000,2860,53720.703125
37979,2879000,2890,53082.0
37980,2879000,2920,53105.90625
37981,2879000,2950,53824.109375
37982,2879000,2980,54543.09375
37983,2879000,3010,54345.90625
37984,2879000,3040,53609.484375
37985,2879000,3070,53253.390625
37986,2879000,3100,53619.0
37987,2879000,3130,54096.8125
37988,2879000,3160,53612.015625
37989,2879000,3190,53497.3125
37990,2879000,3220,53442.703125
37991,2879000,3250,54050.90625
37992,2879000,3280,54373.59375
37993,2879000,3310,54172.0
37994,2879000,3340,53357.09375
37995,2879000,3370,53137.59375
37996,2879000,3400,53581.3125
37997,2879000,3430,53818.109375
37998,2879000,3460,54304.40625
37999,2879000,3490,53950.609375
38000,2879000,3520,53679.3125
38001,2879000,3550,53774.296875
38002,2879000,3580,53845.8125
38003,2879000,3610,53762.78125
38004,2879000,3640,53622.703125
38005,2879000,3670,53809.515625
38006,2879000,3700,54122.984375
38007,2879000,3730,54222.90625
38008,2879000,3760,54050.1875
38009,2879000,3790,53192.609375
38010,2879000,3820,53776.703125
38011,2879000,3850,53900.796875
38012,2879000,3880,53974.59375
38013,2879000,3910,53830.296875
38014,2879000,3940,53759.796875
38015,2879000,3970,54025.8125
38016,2879000,4000,54304.59375
38017,2879000,4030,54183.21875
38018,2879000,4060,53328.09375
38019,2879000,4090,53529.90625
38020,2879000,4120,53684.6875
38021,2879000,4150,54086.40625
38022,2879000,4180,54286.21875
38023,2879000,4210,54150.90625
38024,2879000,4240,53898.5
38025,2879000,4270,53839.0
38026,2879000,4300,53908.90625
38027,2879000,4330,54062.890625
38028,2879000,4360,53999.890625
38029,2879000,4390,54088.109375
38030,2879000,4420,53527.5
38031,2879000,4450,54065.390625
38032,2879000,4480,54073.609375
38033,2879000,4510,54086.90625
38034,2879000,4540,54065.6875
38035,2879000,4570,53957.90625
38036,2879000,4600,54006.5
38037,2879000,4630,54020.40625
38038,2879000,4660,54098.3125
38039,2879000,4690,54194.890625
38040,2879000,4720,53739.390625
38041,2879000,4750,54100.109375
38042,2879000,4780,53932.59375
38043,2879000,4810,53858.203125
38044,2879000,4840,53904.71875
38045,2879000,4870,54143.1875
38046,2879000,4900,54317.109375
38047,2879000,4930,54268.3125
38048,2879000,4960,54159.6875
38049,2879000,4990,53462.28125
38050,2879000,5020,53933.40625
38051,2879000,5050,54004.1875
38052,2879000,5080,54046.78125
38053,2879000,5110,54142.40625
38054,2879000,5140,54123.59375
38055,2879000,5170,54110.59375
38056,2879000,5200,54160.40625
38057,2879000,5230,54160.5
38058,2879000,5260,54151.796875
38059,2879000,5290,54034.3125
38060,2879000,5320,53944.90625
38061,2879000,5350,53513.71875
38062,2879000,5380,54232.5
38063,2879000,5410,54309.390625
38064,2879000,5440,54286.09375
38065,2879000,5470,54124.390625
38066,2879000,5500,53947.5
38067,2879000,5530,54016.296875
38068,2879000,5560,54154.796875
38069,2879000,5590,54267.015625
38070,2879000,5620,53764.703125
38071,2879000,5650,54217.609375
38072,2879000,5680,54137.203125
38073,2879000,5710,54099.09375
38074,2879000,5740,54097.296875
38075,2879000,5770,54112.5
38076,2879000,5800,54137.71875
38077,2879000,5830,54276.3125
38078,2879000,5860,54307.78125
38079,2879000,5890,54189.3125
38080,2879000,5920,54117.0
38081,2879000,5950,54131.484375
38082,2879000,5980,53746.703125
38083,2879000,6010,54201.59375
38084,2879000,6040,54098.59375
38085,2879000,6070,54065.40625
38086,2879000,6100,54209.515625
38087,2879000,6130,54380.8125
38088,2879000,6160,54386.59375
38089,2879000,6190,54166.90625
38090,2879000,6220,54049.515625
38091,2879000,6250,53577.09375
38092,2879000,6280,54206.890625
38093,2879000,6310,54355.6875
38094,2879000,6340,54309.21875
38095,2879000,6370,54235.5
38096,2879000,6400,54169.09375
38097,2879000,6430,54247.59375
38098,2879000,6460,54278.203125
38099,2879000,6490,54222.90625
38100,2879000,6520,54124.28125
38101,2879000,6550,53706.3125
38102,2879000,6580,54419.0
38103,2879000,6610,54302.984375
38104,2879000,6640,54293.5
38105,2879000,6670,54191.296875
38106,2879000,6700,54212.6875
38107,2879000,6730,54225.796875
38108,2879000,6760,54262.984375
38109,2879000,6790,54211.09375
38110,2879000,6820,54233.6875
38111,2879000,6850,54402.90625
38112,2879000,6880,53916.609375
38113,2879000,6910,54303.703125
38114,2879000,6940,54182.5
38115,2879000,6970,54112.109375
38116,2879000,7000,54195.1875
38117,2879000,7030,54349.09375
38118,2879000,7060,54429.3125
38119,2879000,7090,54323.109375
38120,2879000,7120,54229.703125
38121,2879000,7150,54286.09375
38122,2879000,7180,54296.28125
38123,2879000,7210,54368.484375
38124,2879000,7240,53770.90625
38125,2879000,7270,54260.796875
38126,2879000,7300,54273.40625
38127,2879000,7330,54381.1875
38128,2879000,7360,54391.109375
38129,2879000,7390,54334.296875
38130,2879000,7420,54255.3125
38131,2879000,7450,54267.09375
38132,2879000,7480,54324.90625
38133,2879000,7510,54388.28125
38134,2879000,7540,53944.796875
38135,2879000,7570,54340.1875
38136,2879000,7600,54368.6875
38137,2879000,7630,54465.015625
38138,2879000,7660,54353.3125
38139,2879000,7690,54266.28125
38140,2879000,7720,54267.59375
38141,2879000,7750,54466.890625
38142,2879000,7780,54459.484375
38143,2879000,7810,53940.203125
38144,2879000,7840,54363.296875
38145,2879000,7870,54302.109375
38146,2879000,7900,54273.40625
38147,2879000,7930,54340.09375
38148,2879000,7960,54349.390625
38149,2879000,7990,54403.5
38150,2879000,8020,54365.984375
38151,2879000,8050,54449.8125
38152,2879000,8080,54446.90625
38153,2879000,8110,54460.203125
38154,2879000,8140,54360.390625
38155,2879000,8170,53881.296875
38156,2879000,8200,54369.6875
38157,2879000,8230,54403.6875
38158,2879000,8260,54444.1875
38159,2879000,8290,54448.703125
38160,2879000,8320,54464.796875
38161,2879000,8350,54453.90625
38162,2879000,8380,54397.203125
38163,2879000,8410,54440.3125
38164,2879000,8440,53919.40625
38165,2879000,8470,54452.109375
38166,2879000,8500,54431.703125
38167,2879000,8530,54402.1875
38168,2879000,8560,54454.90625
38169,2879000,8590,54442.09375
38170,2879000,8620,54453.109375
38171,2879000,8650,54409.609375
38172,2879000,8680,54414.5
38173,2879000,8710,54457.90625
38174,2879000,8740,54506.109375
38175,2879000,8770,54470.78125
38176,2879000,8800,54010.1875
38177,2879000,8830,54475.609375
38178,2879000,8860,54455.1875
38179,2879000,8890,54458.28125
38180,2879000,8920,54461.109375
38181,2879000,8950,54475.40625
38182,2879000,8980,54546.5
38183,2879000,9010,54558.796875
38184,2879000,9040,54498.1875
38185,2879000,9070,53984.59375
38186,2879000,9100,54487.40625
38187,2879000,9130,54433.09375
38188,2879000,9160,54442.890625
38189,2879000,9190,54509.6875
38190,2879000,9220,54556.796875
38191,2879000,9250,54520.484375
38192,2879000,9280,54465.78125
38193,2879000,9310,54515.609375
38194,2879000,9340,54530.59375
38195,2879000,9370,53997.40625
38196,2879000,9400,54522.0
38197,2879000,9430,54446.0
38198,2879000,9460,54523.1875
38199,2879000,9490,54517.5
38200,2879000,9520,54509.6875
38201,2879000,9550,54530.390625
38202,2879000,9580,54458.6875
38203,2879000,9610,54525.390625
38204,2879000,9640,54479.09375
38205,2879000,9670,54576.3125
38206,2879000,9700,54546.203125
38207,2879000,9730,54023.0
38208,2879000,9760,54536.109375
38209,2879000,9790,54548.71875
38210,2879000,9820,54551.390625
38211,2879000,9850,54464.40625
38212,2879000,9880,54435.5
38213,2879000,9910,54513.984375
38214,2879000,9940,54522.09375
38215,2879000,9970,54537.40625
38216,2879000,10000,54040.1875
38217,2879000,10030,54542.890625
38218,2879000,10060,54549.515625
38219,2879000,10090,54562.40625
38220,2879000,10120,54544.28125
38221,2879000,10150,54547.0
38222,2879000,10180,54602.703125
38223,2879000,10210,54577.203125
38224,2879000,10240,54610.21875
38225,2879000,10270,54501.6875
38226,2879000,10300,54574.703125
38227,2879000,10330,54592.8125
38228,2879000,10360,54520.796875
38229,2879000,10390,54563.3125
38230,2879000,10420,54551.09375
38231,2879000,10450,54085.3125
38232,2879000,10480,54608.3125
38233,2879000,10510,54606.390625
38234,2879000,10540,54628.296875
38235,2879000,10570,54596.296875
38236,2879000,10600,54594.59375
38237,2879000,10630,54051.40625
38238,2879000,10660,54601.609375
38239,2879000,10690,54618.609375
38240,2879000,10720,54576.1875
38241,2879000,10750,54598.09375
38242,2879000,10780,54590.40625
38243,2879000,10810,54581.59375
38244,2879000,10840,54638.0
38245,2879000,10870,54642.09375
38246,2879000,10900,54581.609375
38247,2879000,10930,54648.09375
38248,2879000,10960,54680.390625
38249,2879000,10990,54116.390625
38250,2879000,11020,54631.8125
38251,2879000,11050,54591.609375
38252,2879000,11080,54649.28125
38253,2879000,11110,54655.890625
38254,2879000,11140,54640.484375
38255,2879000,11170,54641.90625
38256,2879000,11200,54670.59375
38257,2879000,11230,54699.796875
38258,2879000,11260,54147.8125
38259,2879000,11290,54630.609375
38260,2879000,11320,54637.703125
38261,2879000,11350,54626.796875
38262,2879000,11380,54650.8125
38263,2879000,11410,54653.40625
38264,2879000,11440,54707.5
38265,2879000,11470,54691.90625
38266,2879000,11500,54702.40625
38267,2879000,11530,54680.484375
38268,2879000,11560,54146.515625
38269,2879000,11590,54665.40625
38270,2879000,11620,54643.1875
38271,2879000,11650,54627.28125
38272,2879000,11680,54696.90625
38273,2879000,11710,54677.1875
38274,2879000,11740,54702.109375
38275,2879000,11770,54659.796875
38276,2879000,11800,54683.28125
38277,2879000,11830,54700.71875
38278,2879000,11860,54755.109375
38279,2879000,11890,54730.984375
38280,2879000,11920,54227.203125
38281,2879000,11950,54662.609375
38282,2879000,11980,54686.90625
38283,2879000,12010,54685.59375
38284,2879000,12040,54685.90625
38285,2879000,12070,54710.515625
38286,2879000,12100,54711.796875
38287,2879000,12130,54682.21875
38288,2879000,12160,54717.109375
38289,2879000,12190,54205.0
38290,2879000,12220,54682.0
38291,2879000,12250,54692.703125
38292,2879000,12280,54652.5
38293,2879000,12310,54690.40625
38294,2879000,12340,54710.203125
38295,2879000,12370,54744.203125
38296,2879000,12400,54717.0
38297,2879000,12430,54784.59375
38298,2879000,12460,54743.015625
38299,2879000,12490,54665.09375
38300,2879000,12520,54741.609375
38301,2879000,12550,54276.484375
38302,2879000,12580,54796.296875
38303,2879000,12610,54744.609375
38304,2879000,12640,54699.890625
38305,2879000,12670,54764.78125
38306,2879000,12700,54734.5
38307,2879000,12730,54767.59375
38308,2879000,12760,54764.8125
38309,2879000,12790,54796.71875
38310,2879000,12820,54234.484375
38311,2879000,12850,54763.609375
38312,2879000,12880,54762.71875
38313,2879000,12910,54720.1875
38314,2879000,12940,54734.0
38315,2879000,12970,54687.390625
38316,2879000,13000,54775.40625
38317,2879000,13030,54682.796875
38318,2879000,13060,54788.8125
38319,2879000,13090,54771.59375
38320,2879000,13120,54749.515625
38321,2879000,13150,54726.59375
38322,2879000,13180,54208.109375
38323,2879000,13210,54733.78125
38324,2879000,13240,54741.90625
38325,2879000,13270,54785.40625
38326,2879000,13300,54784.3125
38327,2879000,13330,54828.40625
38328,2879000,13360,54767.796875
38329,2879000,13390,54798.5
38330,2879000,13420,54759.28125
38331,2879000,13450,54265.890625
38332,2879000,13480,54848.984375
38333,2879000,13510,54809.40625
38334,2879000,13540,54817.796875
38335,2879000,13570,54834.796875
38336,2879000,13600,54775.109375
38337,2879000,13630,54809.59375
38338,2879000,13660,54792.40625
38339,2879000,13690,54837.40625
38340,2879000,13720,54784.1875
38341,2879000,13750,54286.40625
38342,2879000,13780,54838.5
38343,2879000,13810,54761.71875
38344,2879000,13840,54803.015625
38345,2879000,13870,54842.71875
38346,2879000,13900,54735.984375
38347,2879000,13930,54728.515625
38348,2879000,13960,54841.5
38349,2879000,13990,54863.015625
38350,2879000,14020,54824.5
38351,2879000,14050,54837.71875
38352,2879000,14080,54838.890625
38353,2879000,14110,54361.09375
38354,2879000,14140,54783.78125
38355,2879000,14170,54785.515625
38356,2879000,14200,54814.5
38357,2879000,14230,54824.296875
38358,2879000,14260,54862.515625
38359,2879000,14290,54882.0
38360,2879000,14320,54810.0
38361,2879000,14350,54804.09375
38362,2879000,14380,54328.0
38363,2879000,14410,54808.59375
38364,2879000,14440,54780.71875
38365,2879000,14470,54878.515625
38366,2879000,14500,54863.40625
38367,2879000,14530,54814.296875
38368,2879000,14560,54854.5
38369,2879000,14590,54753.5
38370,2879000,14620,54867.484375
38371,2879000,14650,54866.40625
38372,2879000,14680,54818.703125
38373,2879000,14710,54814.390625
38374,2879000,14740,54350.390625
38375,2879000,14770,54903.6875
38376,2879000,14800,54889.390625
38377,2879000,14830,54879.515625
38378,2879000,14860,54820.984375
38379,2879000,14890,54811.8125
38380,2879000,14920,54803.09375
38381,2879000,14950,54853.6875
38382,2879000,14980,54879.484375
38383,2879000,15010,54312.203125
38384,2879000,15040,54941.40625
38385,2879000,15070,54915.703125
38386,2879000,15100,54860.71875
38387,2879000,15130,54798.0
38388,2879000,15160,54922.40625
38389,2879000,15190,54800.78125
38390,2879000,15220,54859.8125
38391,2879000,15250,54884.59375
38392,2879000,15280,54823.0
38393,2879000,15310,54837.8125
38394,2879000,15340,54837.0
38395,2879000,15370,54838.5
38396,2879000,15400,54368.5
38397,2879000,15430,54868.40625
38398,2879000,15460,54865.5
38399,2879000,15490,54799.8125
38400,2879000,15520,54829.90625
38401,2879000,15550,54857.703125
38402,2879000,15580,54888.609375
38403,2879000,15610,54867.515625
38404,2879000,15640,54423.28125
38405,2879000,15670,54884.1875
38406,2879000,15700,54849.28125
38407,2879000,15730,54904.28125
38408,2879000,15760,54961.390625
38409,2879000,15790,54928.0
38410,2879000,15820,54961.40625
38411,2879000,15850,54899.890625
38412,2879000,15880,54900.015625
38413,2879000,15910,54930.1875
38414,2879000,15940,54386.78125
38415,2879000,15970,54917.6875
38416,2879000,16000,54911.703125
38417,2879000,16030,54851.40625
38418,2879000,16060,54927.609375
38419,2879000,16090,54893.0
38420,2879000,16120,54935.109375
38421,2879000,16150,54880.984375
38422,2879000,16180,54939.21875
38423,2879000,16210,54891.3125
38424,2879000,16240,54931.6875
38425,2879000,16270,54926.90625
38426,2879000,16300,54385.6875
38427,2879000,16330,54916.109375
38428,2879000,16360,54919.390625
38429,2879000,16390,54875.609375
38430,2879000,16420,54889.984375
38431,2879000,16450,54904.796875
38432,2879000,16480,54873.296875
38433,2879000,16510,54964.296875
38434,2879000,16540,54884.890625
38435,2879000,16570,54392.5
38436,2879000,16600,54953.203125
38437,2879000,16630,54910.609375
38438,2879000,16660,54922.703125
38439,2879000,16690,54969.09375
38440,2879000,16720,54898.78125
38441,2879000,16750,54890.296875
38442,2879000,16780,54948.796875
38443,2879000,16810,54910.59375
38444,2879000,16840,54985.109375
38445,2879000,16870,54956.203125
38446,2879000,16900,54952.796875
38447,2879000,16930,54489.296875
38448,2879000,16960,54955.515625
38449,2879000,16990,54965.59375
38450,2879000,17020,54965.203125
38451,2879000,17050,54934.484375
38452,2879000,17080,54903.796875
38453,2879000,17110,54908.59375
38454,2879000,17140,54939.109375
38455,2879000,17170,54957.515625
38456,2879000,17200,54446.1875
38457,2879000,17230,54903.71875
38458,2879000,17260,54934.890625
38459,2879000,17290,54952.890625
38460,2879000,17320,54907.890625
38461,2879000,17350,54948.203125
38462,2879000,17380,54882.3125
38463,2879000,17410,54986.59375
38464,2879000,17440,54879.90625
38465,2879000,17470,54937.21875
38466,2879000,17500,54919.609375
38467,2879000,17530,54902.109375
38468,2879000,17560,54489.703125
38469,2879000,17590,54924.890625
38470,2879000,17620,54919.3125
38471,2879000,17650,54920.609375
38472,2879000,17680,54925.21875
38473,2879000,17710,54922.390625
38474,2879000,17740,54948.109375
38475,2879000,17770,54955.796875
38476,2879000,17800,55002.203125
38477,2879000,17830,54437.5
38478,2879000,17860,54992.59375
38479,2879000,17890,54986.203125
38480,2879000,17920,54906.59375
38481,2879000,17950,54900.703125
38482,2879000,17980,54941.09375
38483,2879000,18010,54993.890625
38484,2879000,18040,54948.5
38485,2879000,18070,54986.90625
38486,2879000,18100,54973.8125
38487,2879000,18130,54432.71875
38488,2879000,18160,54929.21875
38489,2879000,18190,54963.5
38490,2879000,18220,54970.390625
38491,2879000,18250,54992.8125
38492,2879000,18280,54966.59375
38493,2879000,18310,55012.8125
38494,2879000,18340,54979.6875
38495,2879000,18370,55017.90625
38496,2879000,18400,54990.5
38497,2879000,18430,54953.296875
38498,2879000,18460,54930.1875
38499,2879000,18490,54432.984375
38500,2879000,18520,54974.09375
38501,2879000,18550,54981.8125
38502,2879000,18580,55008.5
38503,2879000,18610,54988.609375
38504,2879000,18640,54983.3125
38505,2879000,18670,55014.09375
38506,2879000,18700,55006.0
38507,2879000,18730,54956.0
38508,2879000,18760,54492.5
38509,2879000,18790,54984.015625
38510,2879000,18820,54925.5
38511,2879000,18850,55024.296875
38512,2879000,18880,54999.0
38513,2879000,18910,55015.484375
38514,2879000,18940,54978.28125
38515,2879000,18970,55024.0
38516,2879000,19000,54994.5
38517,2879000,19030,54991.609375
38518,2879000,19060,54921.515625
38519,2879000,19090,55038.1875
38520,2879000,19120,54442.703125
38521,2879000,19150,54945.28125
38522,2879000,19180,55029.3125
38523,2879000,19210,54975.40625
38524,2879000,19240,54990.09375
38525,2879000,19270,55060.015625
38526,2879000,19300,54974.90625
38527,2879000,19330,54977.90625
38528,2879000,19360,54967.90625
38529,2879000,19390,54467.21875
38530,2879000,19420,54990.71875
38531,2879000,19450,54968.59375
38532,2879000,19480,54999.40625
38533,2879000,19510,55003.90625
38534,2879000,19540,55031.390625
38535,2879000,19570,54980.78125
38536,2879000,19600,55006.40625
38537,2879000,19630,55014.5
38538,2879000,19660,54981.5
38539,2879000,19690,55012.015625
38540,2879000,19720,54959.0
38541,2879000,19750,54556.0
38542,2879000,19780,55034.203125
38543,2879000,19810,54997.28125
38544,2879000,19840,54939.21875
38545,2879000,19870,54995.390625
38546,2879000,19900,55078.796875
38547,2879000,19930,54995.6875
38548,2879000,19960,55018.0
38549,2879000,19990,55058.203125
38550,2879000,20020,54500.1875
38551,2879000,20050,55032.296875
38552,2879000,20080,54994.296875
38553,2879000,20110,54968.5
38554,2879000,20140,55033.390625
38555,2879000,20170,55020.90625
38556,2879000,20200,54950.296875
38557,2879000,20230,55011.203125
38558,2879000,20260,55042.59375
38559,2879000,20290,54990.796875
38560,2879000,20320,55012.8125
38561,2879000,20350,54988.484375
38562,2879000,20380,54994.296875
38563,2879000,20410,54482.796875
38564,2879000,20440,55062.0
38565,2879000,20470,54969.5
38566,2879000,20500,55048.3125
38567,2879000,20530,54988.015625
38568,2879000,20560,55007.296875
38569,2879000,20590,55037.09375
38570,2879000,20620,54979.78125
38571,2879000,20650,55052.203125
38572,2879000,20680,54977.78125
38573,2879000,20710,54522.09375
38574,2879000,20740,55097.90625
38575,2879000,20770,55010.703125
38576,2879000,20800,55049.0
38577,2879000,20830,55004.40625
38578,2879000,20860,54967.28125
38579,2879000,20890,55001.890625
38580,2879000,20920,55063.203125
38581,2879000,20950,54521.890625
38582,2879000,20980,55031.390625
38583,2879000,21010,55045.28125
38584,2879000,21040,55087.703125
38585,2879000,21070,55027.109375
38586,2879000,21100,55040.59375
38587,2879000,21130,54990.59375
38588,2879000,21160,55042.0
38589,2879000,21190,55040.3125
38590,2879000,21220,55026.40625
38591,2879000,21250,55029.0
38592,2879000,21280,54979.3125
38593,2879000,21310,54553.1875
38594,2879000,21340,54994.59375
38595,2879000,21370,55064.6875
38596,2879000,21400,55067.5
38597,2879000,21430,55085.296875
38598,2879000,21460,55090.09375
38599,2879000,21490,55021.1875
38600,2879000,21520,55037.796875
38601,2879000,21550,55008.609375
38602,2879000,21580,54517.296875
38603,2879000,21610,55052.6875
38604,2879000,21640,54982.609375
38605,2879000,21670,55029.890625
38606,2879000,21700,54996.59375
38607,2879000,21730,55055.6875
38608,2879000,21760,55076.6875
38609,2879000,21790,55063.109375
38610,2879000,21820,55058.0
38611,2879000,21850,55056.71875
38612,2879000,21880,55011.109375
38613,2879000,21910,55121.21875
38614,2879000,21940,54611.703125
38615,2879000,21970,55051.5
38616,2879000,22000,55050.09375
38617,2879000,22030,55007.8125
38618,2879000,22060,55021.0
38619,2879000,22090,55102.3125
38620,2879000,22120,55077.015625
38621,2879000,22150,55034.90625
38622,2879000,22180,55043.296875
38623,2879000,22210,54507.5
38624,2879000,22240,55036.890625
38625,2879000,22270,55061.484375
38626,2879000,22300,55072.59375
38627,2879000,22330,55123.21875
38628,2879000,22360,55030.78125
38629,2879000,22390,55039.3125
38630,2879000,22420,55028.59375
38631,2879000,22450,55128.40625
38632,2879000,22480,55064.984375
38633,2879000,22510,54571.203125
38634,2879000,22540,55087.40625
38635,2879000,22570,55054.0
38636,2879000,22600,55090.09375
38637,2879000,22630,55068.984375
38638,2879000,22660,55055.796875
38639,2879000,22690,55025.890625
38640,2879000,22720,55017.40625
38641,2879000,22750,55026.796875
38642,2879000,22780,55087.59375
38643,2879000,22810,55085.09375
38644,2879000,22840,55117.78125
38645,2879000,22870,54621.890625
38646,2879000,22900,55024.0
38647,2879000,22930,55089.28125
38648,2879000,22960,55052.703125
38649,2879000,22990,55061.296875
38650,2879000,23020,55042.78125
38651,2879000,23050,55082.515625
38652,2879000,23080,55016.59375
38653,2879000,23110,55101.40625
38654,2879000,23140,54567.5
38655,2879000,23170,55164.203125
38656,2879000,23200,55142.796875
38657,2879000,23230,55094.5
38658,2879000,23260,55091.0
38659,2879000,23290,55113.484375
38660,2879000,23320,55081.1875
38661,2879000,23350,55119.3125
38662,2879000,23380,55093.8125
38663,2879000,23410,55087.890625
38664,2879000,23440,55078.296875
38665,2879000,23470,55149.609375
38666,2879000,23500,55076.109375
38667,2879000,23530,54582.203125
38668,2879000,23560,55105.703125
38669,2879000,23590,55078.6875
38670,2879000,23620,55077.484375
38671,2879000,23650,55050.796875
38672,2879000,23680,55078.1875
38673,2879000,23710,55088.5
38674,2879000,23740,55060.78125
38675,2879000,23770,54624.59375
38676,2879000,23800,55069.984375
38677,2879000,23830,55072.703125
38678,2879000,23860,55090.6875
38679,2879000,23890,55108.203125
38680,2879000,23920,55147.1875
38681,2879000,23950,55121.5
38682,2879000,23980,55137.40625
38683,2879000,24010,55111.21875
38684,2879000,24040,55064.296875
38685,2879000,24070,55199.5
38686,2879000,24100,55107.40625
38687,2879000,24130,55109.296875
38688,2879000,24160,55111.109375
38689,2879000,24190,55137.40625
38690,2879000,24220,54544.6875
38691,2879000,24250,55124.1875
38692,2879000,24280,55175.8125
38693,2879000,24310,55081.796875
38694,2879000,24340,55073.3125
38695,2879000,24370,55061.109375
38696,2879000,24400,54608.203125
38697,2879000,24430,55120.109375
38698,2879000,24460,55056.1875
38699,2879000,24490,55065.90625
38700,2879000,24520,55089.6875
38701,2879000,24550,55116.1875
38702,2879000,24580,55117.484375
38703,2879000,24610,55081.390625
38704,2879000,24640,55081.390625
38705,2879000,24670,55134.09375
38706,2879000,24700,55090.09375
38707,2879000,24730,55054.015625
38708,2879000,24760,54632.90625
38709,2879000,24790,55112.296875
38710,2879000,24820,55101.390625
38711,2879000,24850,55127.890625
38712,2879000,24880,55103.296875
38713,2879000,24910,55094.59375
38714,2879000,24940,55135.6875
38715,2879000,24970,55085.28125
38716,2879000,25000,55087.59375
38717,2879000,25030,54579.609375
38718,2879000,25060,55118.09375
38719,2879000,25090,55101.1875
38720,2879000,25120,55123.40625
38721,2879000,25150,55095.703125
38722,2879000,25180,55099.703125
38723,2879000,25210,55118.890625
38724,2879000,25240,55082.109375
38725,2879000,25270,55176.1875
38726,2879000,25300,55201.984375
38727,2879000,25330,55033.109375
38728,2879000,25360,54590.59375
38729,2879000,25390,55108.890625
38730,2879000,25420,55104.5
38731,2879000,25450,55084.609375
38732,2879000,25480,55091.703125
38733,2879000,25510,55085.59375
38734,2879000,25540,55106.71875
38735,2879000,25570,55134.8125
38736,2879000,25600,55144.09375
38737,2879000,25630,55121.09375
38738,2879000,25660,55139.0
38739,2879000,25690,55096.40625
38740,2879000,25720,54646.390625
38741,2879000,25750,55188.484375
38742,2879000,25780,55130.0
38743,2879000,25810,55114.5
38744,2879000,25840,55107.59375
38745,2879000,25870,55086.0
38746,2879000,25900,55152.796875
38747,2879000,25930,55094.3125
38748,2879000,25960,54607.203125
38749,2879000,25990,55184.109375
38750,2879000,26020,55118.609375
38751,2879000,26050,55108.3125
38752,2879000,26080,55070.40625
38753,2879000,26110,55164.71875
38754,2879000,26140,55140.5
38755,2879000,26170,55181.390625
38756,2879000,26200,55083.09375
38757,2879000,26230,55135.59375
38758,2879000,26260,55124.109375
38759,2879000,26290,55080.09375
38760,2879000,26320,54571.796875
38761,2879000,26350,55122.71875
38762,2879000,26380,55141.40625
38763,2879000,26410,55120.21875
38764,2879000,26440,55128.09375
38765,2879000,26470,55060.890625
38766,2879000,26500,55110.109375
38767,2879000,26530,55104.609375
38768,2879000,26560,55117.984375
38769,2879000,26590,54597.71875
38770,2879000,26620,55114.390625
38771,2879000,26650,55155.90625
38772,2879000,26680,55128.5
38773,2879000,26710,55176.3125
38774,2879000,26740,55157.09375
38775,2879000,26770,55084.09375
38776,2879000,26800,55051.1875
38777,2879000,26830,55097.40625
38778,2879000,26860,55031.40625
38779,2879000,26890,55158.015625
38780,2879000,26920,55163.40625
38781,2879000,26950,55141.5
38782,2879000,26980,54614.796875
38783,2879000,27010,55160.0
38784,2879000,27040,55145.484375
38785,2879000,27070,55105.8125
38786,2879000,27100,55104.796875
38787,2879000,27130,55141.390625
38788,2879000,27160,55116.515625
38789,2879000,27190,55115.21875
38790,2879000,27220,54652.8125
38791,2879000,27250,55154.90625
38792,2879000,27280,55115.71875
38793,2879000,27310,55151.796875
38794,2879000,27340,55104.90625
38795,2879000,27370,55111.984375
38796,2879000,27400,55157.296875
38797,2879000,27430,55142.109375
38798,2879000,27460,55122.90625
38799,2879000,27490,55163.1875
38800,2879000,27520,54635.3125
38801,2879000,27550,55084.703125
38802,2879000,27580,55157.90625
38803,2879000,27610,55127.703125
38804,2879000,27640,55117.609375
38805,2879000,27670,55108.09375
38806,2879000,27700,55139.609375
38807,2879000,27730,55196.6875
38808,2879000,27760,55152.78125
38809,2879000,27790,55142.484375
38810,2879000,27820,55141.6875
38811,2879000,27850,55120.59375
38812,2879000,27880,54622.015625
38813,2879000,27910,55120.90625
38814,2879000,27940,55157.890625
38815,2879000,27970,55142.28125
38816,2879000,28000,55072.390625
38817,2879000,28030,55189.90625
38818,2879000,28060,55103.703125
38819,2879000,28090,55127.5
38820,2879000,28120,55172.390625
38821,2879000,28150,54590.90625
38822,2879000,28180,55140.78125
38823,2879000,28210,55165.390625
38824,2879000,28240,55167.703125
38825,2879000,28270,55093.78125
38826,2879000,28300,55174.609375
38827,2879000,28330,55122.5
38828,2879000,28360,55123.515625
38829,2879000,28390,55162.203125
38830,2879000,28420,55120.90625
38831,2879000,28450,55131.71875
38832,2879000,28480,55145.8125
38833,2879000,28510,54682.3125
38834,2879000,28540,55175.5
38835,2879000,28570,55131.28125
38836,2879000,28600,55185.59375
38837,2879000,28630,55127.203125
38838,2879000,28660,55209.515625
38839,2879000,28690,55183.109375
38840,2879000,28720,55189.0
38841,2879000,28750,55168.703125
38842,2879000,28780,54622.40625
38843,2879000,28810,55160.90625
38844,2879000,28840,55118.015625
38845,2879000,28870,55150.390625
38846,2879000,28900,55113.296875
38847,2879000,28930,55128.203125
38848,2879000,28960,55143.59375
38849,2879000,28990,55146.71875
38850,2879000,29020,55137.296875
38851,2879000,29050,55127.3125
38852,2879000,29080,55112.390625
38853,2879000,29110,55153.8125
38854,2879000,29140,54674.59375
38855,2879000,29170,55184.40625
38856,2879000,29200,55156.390625
38857,2879000,29230,55106.8125
38858,2879000,29260,55087.90625
38859,2879000,29290,55179.90625
38860,2879000,29320,55124.703125
38861,2879000,29350,55066.1875
38862,2879000,29380,55101.28125
38863,2879000,29410,54652.8125
38864,2879000,29440,55109.703125
38865,2879000,29470,55149.0
38866,2879000,29500,55198.390625
38867,2879000,29530,55123.890625
38868,2879000,29560,55112.609375
38869,2879000,29590,55084.296875
38870,2879000,29620,55108.609375
38871,2879000,29650,55212.21875
38872,2879000,29680,55114.796875
38873,2879000,29710,54725.0
38874,2879000,29740,55174.5
38875,2879000,29770,55149.296875
38876,2879000,29800,55100.890625
38877,2879000,29830,55122.390625
38878,2879000,29860,55156.109375
38879,2879000,29890,55144.59375
38880,2879000,29920,55192.484375
38881,2879000,29950,55121.703125
38882,2879000,29980,55117.609375
38883,2879500,100,13125.78125
38884,2879500,130,60301.09375
38885,2879500,160,57043.71875
38886,2879500,190,48342.8125
38887,2879500,220,44943.0
38888,2879500,250,53372.1875
38889,2879500,280,54120.40625
38890,2879500,310,48725.5
38891,2879500,340,45872.890625
38892,2879500,370,53014.59375
38893,2879500,400,54928.90625
38894,2879500,430,53730.78125
38895,2879500,460,48965.609375
38896,2879500,490,49537.59375
38897,2879500,520,53965.515625
38898,2879500,550,54038.515625
38899,2879500,580,52575.40625
38900,2879500,610,50643.890625
38901,2879500,640,52430.5
38902,2879500,670,55451.296875
38903,2879500,700,53455.890625
38904,2879500,730,47561.59375
38905,2879500,760,47465.40625
38906,2879500,790,53760.90625
38907,2879500,820,57001.8125
38908,2879500,850,55928.5
38909,2879500,880,52092.015625
38910,2879500,910,49135.5
38911,2879500,940,51872.71875
38912,2879500,970,54933.0
38913,2879500,1000,54290.296875
38914,2879500,1030,51112.609375
38915,2879500,1060,50195.71875
38916,2879500,1090,52881.6875
38917,2879500,1120,55069.28125
38918,2879500,1150,54924.09375
38919,2879500,1180,52973.296875
38920,2879500,1210,52132.296875
38921,2879500,1240,52071.90625
38922,2879500,1270,52973.609375
38923,2879500,1300,53208.8125
38924,2879500,1330,53141.703125
38925,2879500,1360,52983.609375
38926,2879500,1390,53515.5
38927,2879500,1420,53357.1875
38928,2879500,1450,52633.796875
38929,2879500,1480,52780.703125
38930,2879500,1510,53874.796875
38931,2879500,1540,53845.5
38932,2879500,1570,53319.203125
38933,2879500,1600,52363.3125
38934,2879500,1630,52261.3125
38935,2879500,1660,53200.8125
38936,2879500,1690,53282.09375
38937,2879500,1720,53812.296875
38938,2879500,1750,52919.8125
38939,2879500,1780,52871.890625
38940,2879500,1810,53244.59375
38941,2879500,1840,53434.203125
38942,2879500,1870,53354.609375
38943,2879500,1900,53036.0
38944,2879500,1930,53013.515625
38945,2879500,1960,52894.890625
38946,2879500,1990,52412.6875
38947,2879500,2020,53189.6875
38948,2879500,2050,53627.40625
38949,2879500,2080,53792.609375
38950,2879500,2110,53169.8125
38951,2879500,2140,52639.5
38952,2879500,2170,52914.59375
38953,2879500,2200,53610.40625
38954,2879500,2230,54166.890625
38955,2879500,2260,52948.09375
38956,2879500,2290,52261.890625
38957,2879500,2320,52250.40625
38958,2879500,2350,53419.0
38959,2879500,2380,54177.40625
38960,2879500,2410,53950.09375
38961,2879500,2440,53291.71875
38962,2879500,2470,52866.78125
38963,2879500,2500,53406.203125
38964,2879500,2530,53615.1875
38965,2879500,2560,52692.6875
38966,2879500,2590,52426.5
38967,2879500,2620,52805.09375
38968,2879500,2650,53722.28125
38969,2879500,2680,54185.3125
38970,2879500,2710,53726.109375
38971,2879500,2740,53094.1875
38972,2879500,2770,53044.390625
38973,2879500,2800,53245.390625
38974,2879500,2830,53267.78125
38975,2879500,2860,52864.390625
38976,2879500,2890,52541.3125
38977,2879500,2920,53532.6875
38978,2879500,2950,54086.984375
38979,2879500,2980,53766.6875
38980,2879500,3010,52827.8125
38981,2879500,3040,52625.203125
38982,2879500,3070,53228.3125
38983,2879500,3100,53771.40625
38984,2879500,3130,53788.3125
38985,2879500,3160,53261.203125
38986,2879500,3190,53055.1875
38987,2879500,3220,53488.59375
38988,2879500,3250,53259.71875
38989,2879500,3280,53552.40625
38990,2879500,3310,52847.984375
38991,2879500,3340,53016.09375
38992,2879500,3370,53588.390625
38993,2879500,3400,54000.21875
38994,2879500,3430,53779.609375
38995,2879500,3460,53245.09375
38996,2879500,3490,52912.203125
38997,2879500,3520,53143.78125
38998,2879500,3550,53017.609375
38999,2879500,3580,53630.09375
39000,2879500,3610,53458.796875
39001,2879500,3640,53538.6875
39002,2879500,3670,53667.5
39003,2879500,3700,53571.6875
39004,2879500,3730,53292.09375
39005,2879500,3760,53113.703125
39006,2879500,3790,53291.109375
39007,2879500,3820,53049.09375
39008,2879500,3850,53635.5
39009,2879500,3880,53527.8125
39010,2879500,3910,53385.796875
39011,2879500,3940,53558.40625
39012,2879500,3970,53616.21875
39013,2879500,4000,53510.09375
39014,2879500,4030,53271.390625
39015,2879500,4060,53233.484375
39016,2879500,4090,53648.703125
39017,2879500,4120,53876.015625
39018,2879500,4150,53785.203125
39019,2879500,4180,52928.0
39020,2879500,4210,53167.5
39021,2879500,4240,53308.109375
39022,2879500,4270,53699.0
39023,2879500,4300,53794.0
39024,2879500,4330,53668.90625
39025,2879500,4360,53526.203125
39026,2879500,4390,53497.515625
39027,2879500,4420,53540.203125
39028,2879500,4450,53094.59375
39029,2879500,4480,53536.296875
39030,2879500,4510,53539.609375
39031,2879500,4540,53658.0
39032,2879500,4570,53696.71875
39033,2879500,4600,53622.390625
39034,2879500,4630,53631.296875
39035,2879500,4660,53593.40625
39036,2879500,4690,53493.3125
39037,2879500,4720,53535.609375
39038,2879500,4750,52983.90625
39039,2879500,4780,53586.3125
39040,2879500,4810,53827.1875
39041,2879500,4840,53786.515625
39042,2879500,4870,53652.0
39043,2879500,4900,53525.5
39044,2879500,4930,53387.59375
39045,2879500,4960,53507.71875
39046,2879500,4990,53748.28125
39047,2879500,5020,53818.09375
39048,2879500,5050,53782.09375
39049,2879500,5080,53148.90625
39050,2879500,5110,53556.90625
39051,2879500,5140,53609.40625
39052,2879500,5170,53675.5
39053,2879500,5200,53702.1875
39054,2879500,5230,53694.609375
39055,2879500,5260,53678.78125
39056,2879500,5290,53704.3125
39057,2879500,5320,53765.09375
39058,2879500,5350,53799.703125
39059,2879500,5380,53732.515625
39060,2879500,5410,53591.296875
39061,2879500,5440,53080.703125
39062,2879500,5470,53781.40625
39063,2879500,5500,53883.109375
39064,2879500,5530,53880.703125
39065,2879500,5560,53778.71875
39066,2879500,5590,53631.90625
39067,2879500,5620,53626.0
39068,2879500,5650,53608.703125
39069,2879500,5680,53825.71875
39070,2879500,5710,53811.90625
39071,2879500,5740,53358.78125
39072,2879500,5770,53790.09375
39073,2879500,5800,53801.109375
39074,2879500,5830,53635.59375
39075,2879500,5860,53604.21875
39076,2879500,5890,53679.609375
39077,2879500,5920,53874.40625
39078,2879500,5950,53916.109375
39079,2879500,5980,53802.796875
39080,2879500,6010,53248.390625
39081,2879500,6040,53787.3125
39082,2879500,6070,53824.0
39083,2879500,6100,53797.0
39084,2879500,6130,53666.59375
39085,2879500,6160,53692.59375
39086,2879500,6190,53774.796875
39087,2879500,6220,53916.1875
39088,2879500,6250,53940.109375
39089,2879500,6280,53874.90625
39090,2879500,6310,53674.109375
39091,2879500,6340,53657.109375
39092,2879500,6370,53379.0
39093,2879500,6400,53969.515625
39094,2879500,6430,53919.015625
39095,2879500,6460,53770.6875
39096,2879500,6490,53820.609375
39097,2879500,6520,53855.40625
39098,2879500,6550,53853.90625
39099,2879500,6580,53800.890625
39100,2879500,6610,53717.296875
39101,2879500,6640,53815.40625
39102,2879500,6670,53969.90625
39103,2879500,6700,53374.6875
39104,2879500,6730,53799.0
39105,2879500,6760,53780.09375
39106,2879500,6790,53784.015625
39107,2879500,6820,53856.71875
39108,2879500,6850,53867.90625
39109,2879500,6880,53772.515625
39110,2879500,6910,53859.296875
39111,2879500,6940,53932.09375
39112,2879500,6970,53954.3125
39113,2879500,7000,53353.984375
39114,2879500,7030,53755.09375
39115,2879500,7060,53775.8125
39116,2879500,7090,53826.3125
39117,2879500,7120,53948.296875
39118,2879500,7150,53933.296875
39119,2879500,7180,53827.515625
39120,2879500,7210,53873.59375
39121,2879500,7240,53857.609375
39122,2879500,7270,53383.21875
39123,2879500,7300,53952.71875
39124,2879500,7330,53882.09375
39125,2879500,7360,53900.015625
39126,2879500,7390,53955.203125
39127,2879500,7420,53985.6875
39128,2879500,7450,53927.796875
39129,2879500,7480,53891.390625
39130,2879500,7510,53889.40625
39131,2879500,7540,53897.8125
39132,2879500,7570,53510.515625
39133,2879500,7600,53929.109375
39134,2879500,7630,53911.296875
39135,2879500,7660,54000.40625
39136,2879500,7690,53881.78125
39137,2879500,7720,53895.78125
39138,2879500,7750,53812.71875
39139,2879500,7780,53881.609375
39140,2879500,7810,53961.5
39141,2879500,7840,54029.8125
39142,2879500,7870,53978.8125
39143,2879500,7900,53975.71875
39144,2879500,7930,53406.890625
39145,2879500,7960,53942.5
39146,2879500,7990,53949.8125
39147,2879500,8020,53970.09375
39148,2879500,8050,53973.390625
39149,2879500,8080,53952.59375
39150,2879500,8110,53961.6875
39151,2879500,8140,53993.5
39152,2879500,8170,53942.203125
39153,2879500,8200,53466.390625
39154,2879500,8230,53963.6875
39155,2879500,8260,53995.09375
39156,2879500,8290,54002.59375
39157,2879500,8320,54017.390625
39158,2879500,8350,54066.6875
39159,2879500,8380,54027.796875
39160,2879500,8410,53927.203125
39161,2879500,8440,54010.6875
39162,2879500,8470,53987.796875
39163,2879500,8500,54035.484375
39164,2879500,8530,54014.09375
39165,2879500,8560,53508.3125
39166,2879500,8590,54053.71875
39167,2879500,8620,54083.109375
39168,2879500,8650,53904.296875
39169,2879500,8680,53996.09375
39170,2879500,8710,53995.0
39171,2879500,8740,54004.515625
39172,2879500,8770,54087.3125
39173,2879500,8800,54098.21875
39174,2879500,8830,53500.8125
39175,2879500,8860,54054.59375
39176,2879500,8890,53965.09375
39177,2879500,8920,53913.78125
39178,2879500,8950,54011.0
39179,2879500,8980,54085.515625
39180,2879500,9010,54056.703125
39181,2879500,9040,54095.015625
39182,2879500,9070,54100.59375
39183,2879500,9100,53996.40625
39184,2879500,9130,54060.984375
39185,2879500,9160,53992.40625
39186,2879500,9190,53567.203125
39187,2879500,9220,54078.90625
39188,2879500,9250,54184.1875
39189,2879500,9280,54138.1875
39190,2879500,9310,54044.90625
39191,2879500,9340,54075.890625
39192,2879500,9370,54026.484375
39193,2879500,9400,54043.90625
39194,2879500,9430,54083.0
39195,2879500,9460,53595.3125
39196,2879500,9490,54046.8125
39197,2879500,9520,54183.5
39198,2879500,9550,54108.09375
39199,2879500,9580,54068.609375
39200,2879500,9610,54082.109375
39201,2879500,9640,54117.1875
39202,2879500,9670,54033.90625
39203,2879500,9700,54077.71875
39204,2879500,9730,54179.59375
39205,2879500,9760,53622.1875
39206,2879500,9790,54183.015625
39207,2879500,9820,54129.5
39208,2879500,9850,54112.484375
39209,2879500,9880,54143.71875
39210,2879500,9910,54117.21875
39211,2879500,9940,54258.296875
39212,2879500,9970,54200.59375
39213,2879500,10000,54131.0
39214,2879500,10030,54170.3125
39215,2879500,10060,54146.796875
39216,2879500,10090,54117.109375
39217,2879500,10120,54156.1875
39218,2879500,10150,53669.90625
39219,2879500,10180,54166.984375
39220,2879500,10210,54144.6875
39221,2879500,10240,54150.71875
39222,2879500,10270,54221.609375
39223,2879500,10300,54140.90625
39224,2879500,10330,54154.0
39225,2879500,10360,54204.796875
39226,2879500,10390,54126.71875
39227,2879500,10420,54141.6875
39228,2879500,10450,53654.40625
39229,2879500,10480,54199.796875
39230,2879500,10510,54091.40625
39231,2879500,10540,54145.6875
39232,2879500,10570,54164.6875
39233,2879500,10600,54214.59375
39234,2879500,10630,54214.0
39235,2879500,10660,54165.203125
39236,2879500,10690,54206.5
39237,2879500,10720,54170.703125
39238,2879500,10750,53649.1875
39239,2879500,10780,54190.5
39240,2879500,10810,54158.90625
39241,2879500,10840,54189.890625
39242,2879500,10870,54256.890625
39243,2879500,10900,54194.484375
39244,2879500,10930,54193.484375
39245,2879500,10960,54197.0
39246,2879500,10990,54208.90625
39247,2879500,11020,53722.09375
39248,2879500,11050,54199.40625
39249,2879500,11080,54211.390625
39250,2879500,11110,54190.90625
39251,2879500,11140,54236.109375
39252,2879500,11170,54195.8125
39253,2879500,11200,54202.609375
39254,2879500,11230,54181.515625
39255,2879500,11260,54221.1875
39256,2879500,11290,54257.3125
39257,2879500,11320,54133.390625
39258,2879500,11350,54213.796875
39259,2879500,11380,54244.015625
39260,2879500,11410,53740.40625
39261,2879500,11440,54268.609375
39262,2879500,11470,54246.21875
39263,2879500,11500,54187.09375
39264,2879500,11530,54273.703125
39265,2879500,11560,54241.390625
39266,2879500,11590,54201.3125
39267,2879500,11620,54249.0
39268,2879500,11650,53748.6875
39269,2879500,11680,54272.5
39270,2879500,11710,54236.3125
39271,2879500,11740,54217.5
39272,2879500,11770,54231.09375
39273,2879500,11800,54264.40625
39274,2879500,11830,54162.59375
39275,2879500,11860,54237.40625
39276,2879500,11890,54271.984375
39277,2879500,11920,54271.703125
39278,2879500,11950,54202.59375
39279,2879500,11980,54121.40625
39280,2879500,12010,53776.390625
39281,2879500,12040,54290.5
39282,2879500,12070,54285.609375
39283,2879500,12100,54262.8125
39284,2879500,12130,54232.515625
39285,2879500,12160,54302.90625
39286,2879500,12190,54258.703125
39287,2879500,12220,54224.484375
39288,2879500,12250,54275.5
39289,2879500,12280,53762.609375
39290,2879500,12310,54298.09375
39291,2879500,12340,54251.5
39292,2879500,12370,54324.390625
39293,2879500,12400,54295.796875
39294,2879500,12430,54302.78125
39295,2879500,12460,54281.0
39296,2879500,12490,54297.59375
39297,2879500,12520,54308.71875
39298,2879500,12550,54309.8125
39299,2879500,12580,53778.59375
39300,2879500,12610,54272.90625
39301,2879500,12640,54305.609375
39302,2879500,12670,54350.71875
39303,2879500,12700,54364.296875
39304,2879500,12730,54307.203125
39305,2879500,12760,54316.5
39306,2879500,12790,54298.0
39307,2879500,12820,54291.609375
39308,2879500,12850,54325.5
39309,2879500,12880,54335.40625
39310,2879500,12910,54295.0
39311,2879500,12940,53819.390625
39312,2879500,12970,54328.59375
39313,2879500,13000,54313.984375
39314,2879500,13030,54331.59375
39315,2879500,13060,54352.203125
39316,2879500,13090,54315.09375
39317,2879500,13120,54348.5
39318,2879500,13150,54324.59375
39319,2879500,13180,54326.703125
39320,2879500,13210,53781.890625
39321,2879500,13240,54301.90625
39322,2879500,13270,54358.90625
39323,2879500,13300,54329.40625
39324,2879500,13330,54353.984375
39325,2879500,13360,54329.59375
39326,2879500,13390,54337.796875
39327,2879500,13420,54342.3125
39328,2879500,13450,54310.90625
39329,2879500,13480,54393.3125
39330,2879500,13510,54351.5
39331,2879500,13540,54384.5
39332,2879500,13570,53855.609375
39333,2879500,13600,54298.09375
39334,2879500,13630,54365.09375
39335,2879500,13660,54386.3125
39336,2879500,13690,54298.0
39337,2879500,13720,54375.40625
39338,2879500,13750,54288.109375
39339,2879500,13780,54370.90625
39340,2879500,13810,54370.71875
39341,2879500,13840,53821.3125
39342,2879500,13870,54400.015625
39343,2879500,13900,54403.609375
39344,2879500,13930,54411.703125
39345,2879500,13960,54379.71875
39346,2879500,13990,54300.890625
39347,2879500,14020,54330.59375
39348,2879500,14050,54362.28125
39349,2879500,14080,54406.515625
39350,2879500,14110,54357.5
39351,2879500,14140,54378.40625
39352,2879500,14170,54429.1875
39353,2879500,14200,53883.5
39354,2879500,14230,54410.40625
39355,2879500,14260,54396.5
39356,2879500,14290,54371.09375
39357,2879500,14320,54359.59375
39358,2879500,14350,54342.59375
39359,2879500,14380,54380.90625
39360,2879500,14410,54406.90625
39361,2879500,14440,54358.0
39362,2879500,14470,54427.109375
39363,2879500,14500,53825.296875
39364,2879500,14530,54405.40625
39365,2879500,14560,54426.21875
39366,2879500,14590,54428.109375
39367,2879500,14620,54390.296875
39368,2879500,14650,54451.609375
39369,2879500,14680,54314.109375
39370,2879500,14710,54401.71875
39371,2879500,14740,54364.3125
39372,2879500,14770,53939.09375
39373,2879500,14800,54418.015625
39374,2879500,14830,54432.015625
39375,2879500,14860,54439.09375
39376,2879500,14890,54448.09375
39377,2879500,14920,54425.703125
39378,2879500,14950,54509.40625
39379,2879500,14980,54394.515625
39380,2879500,15010,54389.59375
39381,2879500,15040,54416.0
39382,2879500,15070,54437.6875
39383,2879500,15100,54440.390625
39384,2879500,15130,53927.90625
39385,2879500,15160,54440.203125
39386,2879500,15190,54378.90625
39387,2879500,15220,54428.0
39388,2879500,15250,54396.3125
39389,2879500,15280,54375.6875
39390,2879500,15310,54453.703125
39391,2879500,15340,54471.28125
39392,2879500,15370,54373.1875
39393,2879500,15400,54409.5
39394,2879500,15430,53921.8125
39395,2879500,15460,54421.609375
39396,2879500,15490,54444.203125
39397,2879500,15520,54422.90625
39398,2879500,15550,54421.40625
39399,2879500,15580,54471.78125
39400,2879500,15610,54452.59375
39401,2879500,15640,54400.796875
39402,2879500,15670,54491.6875
39403,2879500,15700,54493.390625
39404,2879500,15730,54468.6875
39405,2879500,15760,53909.59375
39406,2879500,15790,54427.8125
39407,2879500,15820,54437.890625
39408,2879500,15850,54393.609375
39409,2879500,15880,54469.015625
39410,2879500,15910,54422.296875
39411,2879500,15940,54487.90625
39412,2879500,15970,54488.59375
39413,2879500,16000,54428.6875
39414,2879500,16030,53960.390625
39415,2879500,16060,54485.984375
39416,2879500,16090,54501.78125
39417,2879500,16120,54470.3125
39418,2879500,16150,54417.609375
39419,2879500,16180,54439.109375
39420,2879500,16210,54511.0
39421,2879500,16240,54427.515625
39422,2879500,16270,54488.609375
39423,2879500,16300,54430.09375
39424,2879500,16330,53969.390625
39425,2879500,16360,54446.890625
39426,2879500,16390,54476.59375
39427,2879500,16420,54493.78125
39428,2879500,16450,54454.109375
39429,2879500,16480,54477.71875
39430,2879500,16510,54466.484375
39431,2879500,16540,54452.5
39432,2879500,16570,54512.890625
39433,2879500,16600,54462.390625
39434,2879500,16630,54514.703125
39435,2879500,16660,54539.3125
39436,2879500,16690,53932.3125
39437,2879500,16720,54547.0
39438,2879500,16750,54539.609375
39439,2879500,16780,54481.5
39440,2879500,16810,54476.0
39441,2879500,16840,54476.8125
39442,2879500,16870,54419.515625
39443,2879500,16900,54513.796875
39444,2879500,16930,54409.109375
39445,2879500,16960,53986.8125
39446,2879500,16990,54572.90625
39447,2879500,17020,54461.515625
39448,2879500,17050,54496.90625
39449,2879500,17080,54499.890625
39450,2879500,17110,54445.90625
39451,2879500,17140,54467.296875
39452,2879500,17170,54495.71875
39453,2879500,17200,54515.109375
39454,2879500,17230,54544.203125
39455,2879500,17260,54467.90625
39456,2879500,17290,54489.0
39457,2879500,17320,54096.203125
39458,2879500,17350,54498.09375
39459,2879500,17380,54507.21875
39460,2879500,17410,54536.3125
39461,2879500,17440,54521.0
39462,2879500,17470,54477.3125
39463,2879500,17500,54509.203125
39464,2879500,17530,54471.390625
39465,2879500,17560,54505.6875
39466,2879500,17590,53998.40625
39467,2879500,17620,54566.59375
39468,2879500,17650,54553.390625
39469,2879500,17680,54473.78125
39470,2879500,17710,54505.0
39471,2879500,17740,54517.796875
39472,2879500,17770,54512.515625
39473,2879500,17800,54507.109375
39474,2879500,17830,54533.796875
39475,2879500,17860,54519.796875
39476,2879500,17890,54547.203125
39477,2879500,17920,54559.21875
39478,2879500,17950,54027.109375
39479,2879500,17980,54563.484375
39480,2879500,18010,54566.796875
39481,2879500,18040,54521.59375
39482,2879500,18070,54542.109375
39483,2879500,18100,54520.5
39484,2879500,18130,54553.21875
39485,2879500,18160,54520.015625
39486,2879500,18190,54545.296875
39487,2879500,18220,54039.8125
39488,2879500,18250,54544.90625
39489,2879500,18280,54529.21875
39490,2879500,18310,54530.90625
39491,2879500,18340,54535.5
39492,2879500,18370,54569.484375
39493,2879500,18400,54598.40625
39494,2879500,18430,54605.515625
39495,2879500,18460,54531.515625
39496,2879500,18490,54502.484375
39497,2879500,18520,54604.09375
39498,2879500,18550,54500.09375
39499,2879500,18580,54039.5
39500,2879500,18610,54536.40625
39501,2879500,18640,54556.09375
39502,2879500,18670,54588.703125
39503,2879500,18700,54532.484375
39504,2879500,18730,54526.8125
39505,2879500,18760,54494.5
39506,2879500,18790,54584.0
39507,2879500,18820,54605.90625
39508,2879500,18850,54060.40625
39509,2879500,18880,54519.40625
39510,2879500,18910,54519.09375
39511,2879500,18940,54571.40625
39512,2879500,18970,54534.1875
39513,2879500,19000,54589.28125
39514,2879500,19030,54523.296875
39515,2879500,19060,55020.390625
39516,2879500,19090,54545.28125
39517,2879500,19120,54580.203125
39518,2879500,19150,54534.09375
39519,2879500,19180,54597.90625
39520,2879500,19210,54603.484375
39521,2879500,19240,54548.90625
39522,2879500,19270,54587.8125
39523,2879500,19300,54596.796875
39524,2879500,19330,54544.296875
39525,2879500,19360,54109.484375
39526,2879500,19390,54594.796875
39527,2879500,19420,54646.609375
39528,2879500,19450,54593.703125
39529,2879500,19480,54523.703125
39530,2879500,19510,54594.1875
39531,2879500,19540,54581.71875
39532,2879500,19570,54600.28125
39533,2879500,19600,54592.109375
39534,2879500,19630,54053.59375
39535,2879500,19660,54565.59375
39536,2879500,19690,54597.0
39537,2879500,19720,54621.6875
39538,2879500,19750,54509.609375
39539,2879500,19780,54556.015625
39540,2879500,19810,54623.0
39541,2879500,19840,54608.296875
39542,2879500,19870,54585.609375
39543,2879500,19900,54578.984375
39544,2879500,19930,54603.09375
39545,2879500,19960,54626.78125
39546,2879500,19990,54061.28125
39547,2879500,20020,54572.015625
39548,2879500,20050,54558.5
39549,2879500,20080,54596.5
39550,2879500,20110,54593.890625
39551,2879500,20140,54603.703125
39552,2879500,20170,54631.5
39553,2879500,20200,54566.796875
39554,2879500,20230,54606.515625
39555,2879500,20260,54591.90625
39556,2879500,20290,54138.203125
39557,2879500,20320,54575.0
39558,2879500,20350,54586.90625
39559,2879500,20380,54627.40625
39560,2879500,20410,54558.09375
39561,2879500,20440,54657.5
39562,2879500,20470,54613.5
39563,2879500,20500,54583.5
39564,2879500,20530,54633.09375
39565,2879500,20560,54616.296875
39566,2879500,20590,54621.40625
39567,2879500,20620,54034.0
39568,2879500,20650,54667.109375
39569,2879500,20680,54627.484375
39570,2879500,20710,54637.78125
39571,2879500,20740,54647.109375
39572,2879500,20770,54617.703125
39573,2879500,20800,54611.09375
39574,2879500,20830,54613.28125
39575,2879500,20860,54587.703125
39576,2879500,20890,54152.296875
39577,2879500,20920,54600.1875
39578,2879500,20950,54587.296875
39579,2879500,20980,54658.0
39580,2879500,21010,54624.890625
39581,2879500,21040,54657.3125
39582,2879500,21070,54619.109375
39583,2879500,21100,54619.203125
39584,2879500,21130,54616.8125
39585,2879500,21160,54675.515625
39586,2879500,21190,54166.3125
39587,2879500,21220,54678.296875
39588,2879500,21250,54601.8125
39589,2879500,21280,54656.3125
39590,2879500,21310,54608.40625
39591,2879500,21340,54615.40625
39592,2879500,21370,54629.6875
39593,2879500,21400,54605.109375
39594,2879500,21430,54614.09375
39595,2879500,21460,54629.90625
39596,2879500,21490,54679.6875
39597,2879500,21520,54682.890625
39598,2879500,21550,54162.109375
39599,2879500,21580,54739.3125
39600,2879500,21610,54630.890625
39601,2879500,21640,54634.015625
39602,2879500,21670,54651.90625
39603,2879500,21700,54694.1875
39604,2879500,21730,54664.6875
39605,2879500,21760,54696.3125
39606,2879500,21790,54669.390625
39607,2879500,21820,54194.109375
39608,2879500,21850,54611.5
39609,2879500,21880,54613.40625
39610,2879500,21910,54653.78125
39611,2879500,21940,54661.5
39612,2879500,21970,54611.0
39613,2879500,22000,54640.40625
39614,2879500,22030,54690.5
39615,2879500,22060,54659.6875
39616,2879500,22090,54677.515625
39617,2879500,22120,54650.90625
39618,2879500,22150,54678.90625
39619,2879500,22180,54097.109375
39620,2879500,22210,54635.390625
39621,2879500,22240,54606.796875
39622,2879500,22270,54658.109375
39623,2879500,22300,54712.390625
39624,2879500,22330,54643.484375
39625,2879500,22360,54659.21875
39626,2879500,22390,54632.109375
39627,2879500,22420,54682.5
39628,2879500,22450,54141.5
39629,2879500,22480,54673.5
39630,2879500,22510,54706.8125
39631,2879500,22540,54656.515625
39632,2879500,22570,54585.3125
39633,2879500,22600,54688.5
39634,2879500,22630,54626.890625
39635,2879500,22660,54691.3125
39636,2879500,22690,54617.09375
39637,2879500,22720,54683.40625
39638,2879500,22750,54675.109375
39639,2879500,22780,54684.59375
39640,2879500,22810,54119.6875
39641,2879500,22840,54644.6875
39642,2879500,22870,54642.609375
39643,2879500,22900,54601.90625
39644,2879500,22930,54657.203125
39645,2879500,22960,54592.90625
39646,2879500,22990,54657.90625
39647,2879500,23020,54665.09375
39648,2879500,23050,54633.796875
39649,2879500,23080,54178.0
39650,2879500,23110,54695.90625
39651,2879500,23140,54689.09375
39652,2879500,23170,54756.1875
39653,2879500,23200,54642.609375
39654,2879500,23230,54689.09375
39655,2879500,23260,54660.40625
39656,2879500,23290,54666.296875
39657,2879500,23320,54678.59375
39658,2879500,23350,54668.5
39659,2879500,23380,54719.8125
39660,2879500,23410,54651.703125
39661,2879500,23440,54099.0
39662,2879500,23470,54686.890625
39663,2879500,23500,54663.40625
39664,2879500,23530,54635.5
39665,2879500,23560,54661.296875
39666,2879500,23590,54686.71875
39667,2879500,23620,54668.484375
39668,2879500,23650,54629.71875
39669,2879500,23680,54670.0
39670,2879500,23710,54672.890625
39671,2879500,23740,54642.71875
39672,2879500,23770,54180.21875
39673,2879500,23800,54668.296875
39674,2879500,23830,54709.203125
39675,2879500,23860,54718.3125
39676,2879500,23890,54646.09375
39677,2879500,23920,54651.59375
39678,2879500,23950,54679.28125
39679,2879500,23980,54663.296875
39680,2879500,24010,54661.28125
39681,2879500,24040,54728.0
39682,2879500,24070,54151.5
39683,2879500,24100,54685.109375
39684,2879500,24130,54664.09375
39685,2879500,24160,54672.90625
39686,2879500,24190,54661.28125
39687,2879500,24220,54680.09375
39688,2879500,24250,54679.296875
39689,2879500,24280,54675.609375
39690,2879500,24310,54665.59375
39691,2879500,24340,54673.0
39692,2879500,24370,54188.09375
39693,2879500,24400,54704.703125
39694,2879500,24430,54696.1875
39695,2879500,24460,54703.3125
39696,2879500,24490,54622.796875
39697,2879500,24520,54717.3125
39698,2879500,24550,54684.09375
39699,2879500,24580,54656.390625
39700,2879500,24610,54721.796875
39701,2879500,24640,54182.0
39702,2879500,24670,54700.3125
39703,2879500,24700,54675.8125
39704,2879500,24730,54701.390625
39705,2879500,24760,54680.796875
39706,2879500,24790,54658.59375
39707,2879500,24820,54638.015625
39708,2879500,24850,54695.0
39709,2879500,24880,54695.0
39710,2879500,24910,54724.71875
39711,2879500,24940,54645.796875
39712,2879500,24970,54644.59375
39713,2879500,25000,54737.8125
39714,2879500,25030,54183.109375
39715,2879500,25060,54668.890625
39716,2879500,25090,54726.203125
39717,2879500,25120,54681.609375
39718,2879500,25150,54745.6875
39719,2879500,25180,54776.390625
39720,2879500,25210,54711.59375
39721,2879500,25240,54727.6875
39722,2879500,25270,54248.59375
39723,2879500,25300,54702.609375
39724,2879500,25330,54725.296875
39725,2879500,25360,54766.890625
39726,2879500,25390,54743.109375
39727,2879500,25420,54722.015625
39728,2879500,25450,54661.609375
39729,2879500,25480,54645.8125
39730,2879500,25510,54666.203125
39731,2879500,25540,54667.71875
39732,2879500,25570,54238.796875
39733,2879500,25600,54714.296875
39734,2879500,25630,54714.40625
39735,2879500,25660,54680.59375
39736,2879500,25690,54710.390625
39737,2879500,25720,54706.59375
39738,2879500,25750,54685.296875
39739,2879500,25780,54722.59375
39740,2879500,25810,54673.8125
39741,2879500,25840,54747.90625
39742,2879500,25870,54672.703125
39743,2879500,25900,54236.90625
39744,2879500,25930,54755.609375
39745,2879500,25960,54626.484375
39746,2879500,25990,54651.5
39747,2879500,26020,54696.203125
39748,2879500,26050,54701.09375
39749,2879500,26080,54681.109375
39750,2879500,26110,54683.703125
39751,2879500,26140,54699.6875
39752,2879500,26170,54670.59375
39753,2879500,26200,54175.203125
39754,2879500,26230,54668.09375
39755,2879500,26260,54694.59375
39756,2879500,26290,54679.484375
39757,2879500,26320,54745.0
39758,2879500,26350,54697.09375
39759,2879500,26380,54748.09375
39760,2879500,26410,54726.6875
39761,2879500,26440,54676.390625
39762,2879500,26470,54740.0
39763,2879500,26500,54731.203125
39764,2879500,26530,54724.59375
39765,2879500,26560,54187.71875
39766,2879500,26590,54704.09375
39767,2879500,26620,54617.703125
39768,2879500,26650,54728.59375
39769,2879500,26680,54705.5
39770,2879500,26710,54667.6875
39771,2879500,26740,54653.515625
39772,2879500,26770,54711.78125
39773,2879500,26800,54752.78125
39774,2879500,26830,54162.203125
39775,2879500,26860,54715.296875
39776,2879500,26890,54684.40625
39777,2879500,26920,54698.6875
39778,2879500,26950,54693.8125
39779,2879500,26980,54640.703125
39780,2879500,27010,54713.609375
39781,2879500,27040,54736.09375
39782,2879500,27070,54654.0
39783,2879500,27100,54686.8125
39784,2879500,27130,54768.890625
39785,2879500,27160,54682.8125
39786,2879500,27190,54132.8125
39787,2879500,27220,54768.3125
39788,2879500,27250,54671.59375
39789,2879500,27280,54712.390625
39790,2879500,27310,54782.296875
39791,2879500,27340,54732.390625
39792,2879500,27370,54721.6875
39793,2879500,27400,54718.203125
39794,2879500,27430,54745.484375
39795,2879500,27460,54183.1875
39796,2879500,27490,54706.59375
39797,2879500,27520,54688.390625
39798,2879500,27550,54753.40625
39799,2879500,27580,54708.71875
39800,2879500,27610,54715.3125
39801,2879500,27640,54768.203125
39802,2879500,27670,54760.390625
39803,2879500,27700,54726.984375
39804,2879500,27730,54724.8125
39805,2879500,27760,54705.5
39806,2879500,27790,54733.0
39807,2879500,27820,54195.90625
39808,2879500,27850,54660.1875
39809,2879500,27880,54719.796875
39810,2879500,27910,54727.8125
39811,2879500,27940,54685.90625
39812,2879500,27970,54726.109375
39813,2879500,28000,54715.8125
39814,2879500,28030,54690.28125
39815,2879500,28060,54764.015625
39816,2879500,28090,54235.890625
39817,2879500,28120,54746.109375
39818,2879500,28150,54711.890625
39819,2879500,28180,54758.59375
39820,2879500,28210,54778.78125
39821,2879500,28240,54781.40625
39822,2879500,28270,54796.203125
39823,2879500,28300,54735.40625
39824,2879500,28330,54758.90625
39825,2879500,28360,54689.109375
39826,2879500,28390,54209.59375
39827,2879500,28420,54752.09375
39828,2879500,28450,54782.609375
39829,2879500,28480,54724.796875
39830,2879500,28510,54712.890625
39831,2879500,28540,54725.28125
39832,2879500,28570,54728.78125
39833,2879500,28600,54704.890625
39834,2879500,28630,54709.5
39835,2879500,28660,54697.09375
39836,2879500,28690,54728.59375
39837,2879500,28720,54722.890625
39838,2879500,28750,54285.90625
39839,2879500,28780,54744.71875
39840,2879500,28810,54755.09375
39841,2879500,28840,54719.71875
39842,2879500,28870,54735.5
39843,2879500,28900,54797.015625
39844,2879500,28930,54802.5
39845,2879500,28960,54774.09375
39846,2879500,28990,54736.09375
39847,2879500,29020,54764.703125
39848,2879500,29050,54767.203125
39849,2879500,29080,54229.40625
39850,2879500,29110,54742.09375
39851,2879500,29140,54758.5
39852,2879500,29170,54790.59375
39853,2879500,29200,54799.59375
39854,2879500,29230,54725.796875
39855,2879500,29260,54704.40625
39856,2879500,29290,54688.28125
39857,2879500,29320,54792.40625
39858,2879500,29350,54787.71875
39859,2879500,29380,54235.90625
39860,2879500,29410,54715.5
39861,2879500,29440,54738.71875
39862,2879500,29470,54788.8125
39863,2879500,29500,54736.515625
39864,2879500,29530,54772.59375
39865,2879500,29560,54725.5
39866,2879500,29590,54775.484375
39867,2879500,29620,54760.90625
39868,2879500,29650,54219.0
39869,2879500,29680,54792.90625
39870,2879500,29710,54789.59375
39871,2879500,29740,54728.1875
39872,2879500,29770,54762.40625
39873,2879500,29800,54801.59375
39874,2879500,29830,54691.5
39875,2879500,29860,54741.3125
39876,2879500,29890,54728.390625
39877,2879500,29920,54769.5
39878,2879500,29950,54710.0
39879,2879500,29980,54752.609375
